6.70
2.96
14.29
8.83
8.34
5.99
11.92
15.17
7.27
1.71
9.89
8.42
10.42
2.13
3.80
6.47
5.53
21.98
2.46
12.69
2.23
29.12
4.56
2.56
2.59
3.54
2.92
2.50
2.50
15.00
7.20
9.17
15.26
9.67
9.04
4.13
10.59
10.30
2.16
26.19
2.90
17.49
19.79
1.51
31.40
2.51
3.41
6.11
5.20
1.95
12.00
5.10
1.52
6.54
16.58
19.57
1.98
4.08
4.06
6.12
14.02
10.08
15.16
5.62
8.86
19.38
10.63
5.18
15.48
7.52
5.94
2.11
2.39
3.79
8.58
16.35
3.01
17.86
7.57
4.40
3.98
7.01
4.53
3.17
7.06
18.22
1.98
3.91
4.64
9.79
5.06
10.54
6.02
11.31
9.20
8.33
4.40
5.47
4.91
11.55
3.59
9.55
7.01
19.98
3.54
1.97
20.93
5.70
23.93
4.13
7.07
3.65
20.73
7.19
9.68
2.76
9.20
5.12
4.03
4.14
3.52
6.08
3.57
7.70
19.98
2.80
6.00
5.63
5.62
3.10
8.70
3.10
8.25
3.94
3.83
5.20
8.13
14.77
3.03
6.16
7.57
5.70
15.21
11.25
6.52
4.37
6.20
3.62
4.17
6.57
7.25
4.58
3.54
2.53
4.94
8.20
14.25
11.24
6.50
12.20
2.51
11.68
2.86
11.22
3.67
2.77
3.50
3.49
6.67
9.52
1.98
9.01
3.63
5.06
7.10
11.72
15.78
7.14
6.15
4.51
2.68
10.70
3.95
1.89
5.99
5.03
24.43
9.33
1.93
2.60
7.05
7.53
15.86
3.51
6.11
5.56
2.56
13.37
8.56
6.06
15.27
12.83
11.71
11.18
8.53
5.06
6.68
2.52
1.93
29.04
13.84
1.88
17.24
2.17
6.26
4.68
11.06
9.92
11.12
12.20
9.82
2.04
2.44
13.73
10.20
6.70
2.03
8.08
2.01
6.02
4.55
12.13
4.15
17.77
4.03
22.95
16.34
22.28
7.68
3.37
3.61
7.06
33.03
3.48
3.18
6.10
5.68
3.53
1.99
2.00
2.08
8.55
6.17
5.54
4.59
10.19
6.18
14.27
3.80
12.05
2.47
2.65
3.69
1.89
5.57
10.25
6.72
7.64
12.60
8.08
4.54
4.76
17.73
1.96
4.62
6.60
9.09
22.45
2.07
8.61
1.92
4.49
7.81
4.60
5.58
4.50
2.52
13.17
6.14
5.59
17.42
16.80
10.55
5.09
3.64
19.89
2.51
2.94
9.08
13.56
11.66
12.75
1.98
6.72
2.03
4.59
3.50
8.18
8.57
4.15
7.07
31.55
23.32
3.57
4.53
7.60
9.58
6.64
3.45
8.71
9.22
6.82
12.30
8.63
2.17
8.50
1.96
4.14
14.33
13.60
4.59
8.09
7.61
5.03
5.75
11.18
5.01
12.56
12.71
3.56
10.72
5.68
37.60
4.85
2.69
5.78
3.54
8.56
22.37
4.49
4.61
6.09
2.45
3.98
4.27
17.31
7.59
1.97
15.80
4.59
3.04
8.58
7.57
4.13
3.05
6.53
7.06
4.77
10.15
12.15
5.03
27.02
2.60
5.02
1.96
2.51
4.89
3.68
4.59
6.61
4.07
6.19
8.14
7.53
3.53
6.65
4.96
2.04
5.61
5.09
4.57
3.64
2.82
24.56
2.46
5.26
15.24
4.10
3.15
5.92
3.98
4.99
4.63
2.10
2.14
3.99
8.51
3.56
4.25
2.05
9.13
2.04
5.06
5.74
5.05
2.58
7.63
4.06
1.75
3.56
7.69
15.89
5.60
5.36
5.54
3.81
6.08
4.90
7.04
23.26
7.67
4.94
15.19
6.52
7.28
2.63
9.15
2.47
7.09
8.03
11.59
4.94
2.12
6.25
3.08
5.25
2.45
4.44
4.17
7.55
7.14
3.98
7.61
15.34
18.72
11.66
1.51
31.61
2.14
13.16
7.70
12.03
22.79
10.21
2.96
5.52
7.25
20.40
4.07
4.06
5.05
3.53
3.03
7.68
4.48
3.94
16.76
4.02
7.12
7.63
7.01
9.72
2.05
2.19
4.59
19.88
9.53
16.30
3.08
28.13
20.39
2.95
2.00
7.05
6.21
5.12
7.12
5.65
6.96
7.72
5.55
8.06
5.08
17.80
7.02
17.17
9.32
15.26
16.04
6.13
5.51
7.64
37.09
15.87
6.94
19.95
5.17
2.58
2.05
8.98
2.62
2.07
43.12
2.04
13.60
2.60
8.21
26.89
4.54
7.59
1.97
3.49
3.64
9.62
14.78
2.10
5.46
2.21
13.78
4.50
5.36
4.15
21.30
9.40
6.61
6.40
12.19
13.50
7.17
10.14
20.66
5.58
9.21
6.02
12.19
5.02
1.60
3.47
2.64
1.95
25.31
13.65
8.05
6.61
3.72
5.62
5.02
3.53
4.56
6.67
6.02
5.63
28.41
3.99
3.96
21.82
3.71
2.01
12.20
5.67
14.35
15.26
7.15
5.93
4.54
2.48
2.00
3.54
4.32
2.57
7.12
9.55
7.66
8.99
3.03
2.15
2.99
7.55
4.60
35.67
2.04
3.45
10.34
10.21
1.95
11.19
2.61
4.56
7.09
3.58
9.18
2.96
8.24
3.06
3.97
2.03
5.23
44.11
11.23
17.26
3.47
5.62
4.52
6.08
3.63
6.64
4.50
2.51
5.09
2.06
24.01
8.64
11.91
12.35
9.14
32.63
7.47
1.72
2.47
2.65
3.99
5.06
1.90
8.63
8.56
1.65
11.28
3.70
4.51
5.65
3.98
13.65
1.97
4.11
4.08
3.23
4.56
16.75
2.53
4.03
5.05
14.50
4.72
21.38
5.06
2.45
5.09
20.35
4.03
10.58
3.18
3.70
8.58
19.31
4.06
5.15
5.01
12.19
8.06
1.96
34.05
9.36
5.40
6.24
28.98
31.10
11.79
22.84
8.52
14.53
8.62
5.37
18.40
2.52
9.53
2.00
2.17
5.04
22.80
2.53
13.32
1.91
2.40
3.71
28.56
2.10
10.31
5.48
13.14
7.70
3.08
4.10
9.50
6.59
12.58
2.54
6.15
26.34
6.57
5.01
17.79
10.28
2.18
3.09
3.09
5.09
4.04
16.72
7.17
2.90
9.05
25.85
7.74
4.63
9.08
11.25
9.17
5.09
25.34
22.83
5.98
6.08
2.47
9.27
25.42
13.29
11.76
3.92
4.53
13.79
1.66
3.63
3.39
4.04
3.45
5.65
12.74
2.08
2.02
4.67
8.40
15.66
7.75
44.87
12.47
6.59
5.64
13.56
6.24
9.33
9.89
8.28
6.22
5.74
6.39
12.29
6.72
6.70
6.40
16.01
10.88
5.32
9.25
6.11
21.10
6.23
13.47
6.22
26.46
7.31
12.98
6.31
5.67
6.22
5.84
7.77
12.27
15.06
20.42
8.21
14.53
9.29
18.09
14.51
6.82
7.25
6.74
7.25
12.32
12.43
9.79
6.75
10.37
9.47
9.52
7.07
12.80
13.07
11.27
19.19
5.85
54.51
11.55
8.13
5.55
8.30
10.98
6.56
12.00
7.78
13.92
16.51
10.91
17.11
12.99
8.86
17.60
10.77
42.99
7.38
12.46
5.57
8.31
11.07
17.66
10.37
20.32
21.05
11.92
10.80
5.19
5.18
12.42
10.89
6.32
6.77
18.13
19.20
10.24
5.20
14.00
6.85
6.72
16.06
11.29
16.21
10.37
18.21
10.77
5.29
11.28
17.09
10.90
15.35
16.09
6.75
10.35
8.45
11.49
8.34
6.73
5.64
16.99
12.82
12.44
5.19
7.26
7.76
6.25
21.20
21.91
18.08
17.82
16.97
17.12
5.19
12.26
9.36
5.70
9.91
18.65
6.75
6.74
17.71
5.23
7.23
7.33
15.97
11.86
7.61
10.88
11.91
22.30
16.57
8.38
27.13
17.11
18.74
8.87
8.26
9.81
7.13
22.82
11.06
17.11
16.94
9.28
5.20
13.48
7.78
6.21
23.28
9.83
16.08
9.39
9.32
9.38
8.26
5.17
7.61
14.48
16.27
7.75
19.75
20.78
5.18
7.68
5.33
6.25
21.23
8.72
34.64
5.62
6.13
15.08
14.00
17.11
7.21
5.68
22.73
17.16
15.71
5.55
8.45
5.54
16.58
5.22
19.66
57.25
6.74
15.16
5.55
5.53
8.26
7.80
16.62
7.87
5.09
9.38
9.95
6.17
6.23
6.69
20.10
24.91
15.58
18.65
8.90
23.85
15.03
14.68
20.75
9.68
6.21
23.82
5.12
9.36
11.41
14.07
5.13
13.12
5.26
7.76
10.70
6.90
8.66
12.43
28.35
5.19
9.37
5.20
6.29
8.27
8.85
6.83
6.27
6.59
7.22
7.86
22.88
8.73
11.47
6.74
5.70
7.73
14.57
15.66
14.43
7.08
11.43
7.87
8.28
5.68
6.23
14.44
9.34
7.27
6.24
7.76
6.21
21.25
36.74
9.36
15.62
25.40
7.96
10.99
32.65
5.01
7.27
8.70
6.80
8.46
6.67
11.89
7.28
7.77
11.79
10.46
13.01
5.19
14.08
6.26
7.23
9.24
7.18
9.81
5.72
5.17
5.24
8.42
13.36
6.65
19.15
5.15
7.83
5.70
16.69
9.37
7.78
6.22
8.82
5.76
11.42
20.15
5.22
7.33
7.65
20.16
10.30
8.32
8.83
8.29
9.77
11.07
9.42
8.21
11.76
16.59
5.83
5.74
18.24
7.60
5.62
23.33
11.41
6.74
14.52
6.22
12.45
6.29
9.00
8.64
20.67
23.97
11.88
5.70
9.33
10.27
7.23
14.50
15.07
5.21
8.85
15.58
10.87
9.28
5.18
18.14
9.00
22.36
16.57
17.40
20.21
13.48
19.78
21.77
5.21
22.35
19.56
9.77
6.17
7.78
16.07
6.81
41.48
8.32
12.64
16.62
14.42
14.53
5.71
12.43
5.23
13.92
9.32
9.46
9.25
10.38
7.35
15.54
8.28
5.16
21.30
11.87
6.19
7.82
17.09
19.14
17.15
9.01
6.03
59.56
8.27
5.20
6.91
6.35
7.10
36.94
12.24
6.32
8.29
13.28
5.18
17.55
10.55
15.03
22.81
34.19
14.48
6.90
12.84
13.46
18.86
13.44
8.69
7.79
12.93
5.19
5.22
7.12
10.88
5.68
5.76
5.15
9.44
7.81
13.41
8.77
8.78
5.33
8.29
23.18
8.41
7.84
21.31
6.03
26.94
16.40
6.79
7.28
8.39
16.15
6.65
8.81
6.35
7.25
7.70
15.36
16.08
5.19
11.41
7.25
31.60
6.22
7.25
27.63
18.69
14.13
11.23
9.21
10.88
23.33
12.96
9.38
7.26
7.74
7.95
14.66
8.48
8.63
9.71
8.61
6.91
11.90
8.35
5.20
6.63
9.29
11.55
13.41
11.89
7.59
8.33
8.83
8.26
12.42
6.21
7.79
11.00
18.70
14.21
6.23
7.60
17.01
9.47
7.28
5.70
8.32
8.96
9.29
6.19
7.22
10.88
6.57
7.65
8.82
11.00
32.64
6.77
10.28
7.23
8.93
8.27
14.56
22.44
16.13
5.20
12.34
24.37
9.18
7.89
6.80
6.17
11.50
7.67
17.72
19.04
6.54
13.48
13.49
14.00
9.43
8.17
13.57
30.07
7.28
11.93
10.96
19.14
5.73
5.18
7.30
7.76
12.51
9.77
10.88
11.35
13.62
5.02
15.07
11.40
26.09
6.24
15.49
6.22
11.76
6.22
8.29
5.70
12.97
10.35
10.49
6.80
13.88
19.16
14.45
7.25
6.80
14.57
6.78
6.34
16.06
8.83
5.85
14.35
11.94
7.25
6.67
7.26
27.85
9.83
6.22
18.75
7.26
7.11
10.93
6.24
18.74
7.23
6.27
5.68
6.72
20.19
10.46
17.12
5.73
5.22
30.98
8.77
8.43
6.14
9.47
7.10
7.79
9.20
5.19
5.18
14.02
16.18
11.99
6.13
5.16
8.73
6.37
5.57
15.57
8.82
43.71
14.50
10.53
7.28
19.48
32.02
7.35
30.55
8.73
13.36
10.44
8.98
9.48
8.73
6.56
11.31
7.30
7.18
12.94
24.03
6.93
9.16
6.22
18.66
38.98
13.14
8.13
7.14
17.49
16.19
11.61
24.94
13.55
5.10
7.95
13.30
7.30
7.09
12.44
8.82
9.71
5.79
6.90
5.09
16.04
8.31
13.31
5.29
5.18
7.86
6.66
13.39
6.20
11.39
11.92
29.01
6.32
17.63
16.59
10.38
5.22
17.55
5.21
6.18
8.26
9.89
8.44
19.31
8.36
5.06
5.28
9.89
10.72
6.62
7.28
13.00
6.34
20.63
11.89
7.20
5.79
11.39
5.60
6.23
7.77
5.71
18.77
5.70
14.53
8.74
8.81
5.25
6.15
8.26
10.45
5.18
22.29
13.96
10.37
5.17
7.16
7.25
8.45
6.29
8.29
5.64
9.28
9.84
7.34
5.18
8.30
16.72
6.31
8.18
14.42
8.72
5.20
12.45
24.83
5.31
23.29
6.39
30.99
17.67
12.29
5.36
5.08
18.14
17.58
10.45
14.95
13.33
6.15
5.69
8.82
12.43
9.84
9.84
32.64
11.07
7.95
6.67
18.75
8.11
6.13
9.30
13.60
18.07
21.94
8.83
6.33
7.65
13.89
10.91
18.74
7.26
8.64
24.33
10.53
6.13
12.49
10.85
5.70
5.65
7.28
6.70
18.04
29.06
18.87
12.98
9.13
5.70
16.73
17.17
7.41
7.59
9.76
5.18
7.28
7.31
4.99
8.83
6.72
7.36
7.27
8.24
8.28
14.93
10.36
7.44
19.30
6.04
14.11
14.38
14.52
6.73
9.54
20.70
5.52
7.24
17.67
14.59
8.85
5.00
6.83
5.76
13.96
6.24
10.28
9.79
6.84
9.87
18.15
5.15
14.40
6.21
11.36
20.40
7.07
23.32
14.16
7.27
7.08
16.10
5.68
16.66
8.20
11.95
7.38
16.64
43.07
12.83
8.80
5.18
5.65
10.51
5.70
10.37
9.90
7.30
20.59
13.98
8.21
12.51
5.18
10.99
8.69
27.40
29.60
5.65
12.48
11.92
10.35
39.39
5.18
12.94
12.12
7.36
5.09
12.45
7.79
20.56
19.18
7.27
14.03
17.76
10.89
9.33
9.73
12.50
17.61
8.77
18.66
5.89
9.84
12.45
6.24
12.49
20.13
6.20
8.93
8.84
11.81
6.25
11.01
16.40
8.77
6.24
8.80
12.46
12.07
5.72
19.13
9.42
5.70
16.65
9.86
8.38
6.21
6.14
7.27
10.69
10.46
7.47
12.89
8.64
5.66
21.30
19.66
8.77
6.77
13.48
13.67
13.81
5.87
6.05
9.44
7.63
5.66
7.15
6.22
6.27
5.70
6.83
5.84
5.09
13.42
5.33
15.05
22.21
16.94
6.82
9.26
20.36
11.87
13.99
12.82
10.51
9.32
10.21
12.49
22.35
15.21
10.83
6.23
19.33
19.64
23.68
7.41
6.74
11.26
7.76
11.30
14.06
5.15
7.76
9.31
9.84
26.46
5.36
6.23
6.08
8.93
10.53
37.57
10.21
17.08
5.50
5.22
9.24
8.99
10.33
7.26
7.92
7.79
15.38
7.23
16.95
5.87
13.59
5.68
27.95
8.73
8.65
10.36
12.92
9.43
10.36
7.82
13.02
18.13
13.81
7.34
31.12
10.89
12.37
10.89
7.25
7.80
7.97
6.19
28.64
6.52
5.04
15.04
18.68
35.22
13.59
16.06
6.35
8.19
5.18
9.19
5.31
15.68
7.76
12.00
23.83
6.83
9.81
9.79
7.81
10.35
11.82
16.13
6.13
34.19
23.89
10.81
5.38
25.30
30.60
8.11
5.64
6.74
13.46
11.93
9.32
6.34
20.89
9.87
8.14
26.99
5.83
21.78
13.17
6.56
11.86
17.58
8.21
5.11
14.56
6.31
14.09
18.19
7.31
6.59
6.73
8.90
9.79
15.53
8.80
6.31
8.24
16.45
6.22
5.19
16.16
5.33
5.66
5.56
11.48
9.87
8.80
7.19
5.70
7.66
8.35
29.55
11.91
9.39
7.26
6.22
6.56
7.25
8.42
7.38
5.69
21.76
14.48
8.44
5.25
24.91
5.64
7.73
8.22
8.36
13.38
12.91
10.25
5.86
17.27
22.94
19.09
6.70
17.01
5.74
21.22
26.01
16.02
15.41
19.84
5.20
21.23
6.74
7.28
6.33
26.48
17.61
21.67
13.59
5.57
25.26
19.68
6.24
6.73
20.30
10.45
17.73
8.22
6.42
15.98
14.51
6.01
5.57
7.88
7.78
15.68
8.19
5.18
9.19
6.74
6.73
11.97
17.71
9.84
5.64
11.49
11.48
7.68
16.58
9.23
9.82
7.75
21.13
8.30
5.83
11.39
9.33
5.58
11.92
34.70
14.10
5.28
17.14
6.11
9.81
6.23
14.94
11.93
18.21
8.29
21.28
5.15
7.90
7.78
13.05
11.29
10.88
6.66
8.92
15.58
7.88
16.10
5.18
7.79
11.39
13.14
8.11
7.25
22.80
26.91
23.40
7.44
9.12
11.73
8.29
5.18
21.68
7.26
8.80
10.88
8.96
24.00
15.20
5.56
5.73
9.14
14.07
27.40
8.92
18.65
20.81
9.20
6.15
9.24
16.55
7.89
27.51
9.87
6.22
6.73
14.39
6.76
5.78
16.07
5.18
10.89
11.30
6.80
15.12
21.76
12.89
6.16
5.18
7.22
6.23
12.43
5.17
7.26
7.45
5.53
10.40
9.83
13.54
27.66
8.64
10.94
15.53
11.41
18.06
19.65
15.02
8.82
6.91
5.71
10.94
5.73
12.42
10.87
7.20
15.57
13.52
21.26
16.10
7.76
8.96
7.36
6.56
5.67
5.18
32.13
31.48
5.25
5.23
26.43
10.99
19.38
20.72
7.22
11.94
31.97
8.89
7.25
22.85
8.74
5.55
10.91
9.32
11.05
5.20
13.63
10.93
12.44
11.25
10.89
24.83
9.33
6.16
26.92
11.41
8.95
6.22
14.00
7.78
7.24
5.76
8.82
22.64
10.36
8.44
9.34
10.93
13.96
10.32
33.19
20.70
6.78
7.34
19.15
6.13
6.21
13.81
7.35
11.97
5.61
15.17
6.09
15.05
19.75
11.49
10.88
8.93
9.43
9.21
15.49
5.23
8.83
9.79
9.73
14.50
6.22
7.78
6.22
8.91
11.38
9.47
5.09
5.20
7.81
11.84
7.77
13.99
16.00
19.12
6.75
11.90
9.91
16.06
8.31
7.25
7.90
15.55
8.70
12.08
8.93
8.22
15.09
7.20
8.77
11.28
7.78
5.19
5.76
7.26
10.37
16.14
12.99
22.83
5.12
8.82
35.45
8.25
14.96
12.44
11.01
15.37
6.64
7.24
10.95
10.40
12.98
11.31
8.24
6.40
10.80
8.11
17.08
11.93
14.00
10.88
5.70
21.25
7.42
7.30
28.08
16.98
8.32
16.45
9.81
29.48
15.57
13.53
12.49
5.32
5.13
10.92
21.88
6.82
9.20
5.57
6.83
13.86
7.74
9.44
8.34
9.89
9.81
10.38
10.93
5.28
9.30
6.73
5.07
5.16
10.92
16.67
23.39
6.15
8.16
5.20
10.40
27.00
20.72
7.18
11.93
14.59
23.30
7.67
22.85
5.79
6.13
9.78
12.08
7.97
11.74
13.47
10.17
5.18
5.28
11.62
18.57
8.80
6.88
7.29
29.64
5.32
8.12
11.48
9.15
6.59
5.24
17.66
7.18
11.39
11.49
10.39
10.38
6.08
11.40
7.28
5.36
6.23
21.83
9.39
10.27
13.52
8.24
9.26
6.14
8.82
14.69
6.73
10.88
6.05
5.68
6.23
5.16
12.93
8.29
17.09
8.89
5.82
6.10
19.19
7.35
20.27
7.15
11.92
8.81
9.31
5.19
26.31
15.04
14.00
6.74
5.18
11.39
6.40
5.17
5.52
16.67
5.20
13.49
11.42
13.42
6.22
9.86
9.41
7.82
8.26
6.82
7.13
29.51
6.41
16.46
6.35
12.79
7.65
33.25
9.85
6.72
19.70
9.44
15.55
31.13
19.20
9.30
6.61
8.37
20.30
6.21
9.75
8.90
16.42
5.12
9.84
17.53
12.11
14.56
8.32
6.20
6.23
10.21
5.26
12.47
15.15
6.93
6.14
19.10
8.09
5.70
10.87
8.30
16.19
7.36
5.70
15.69
5.07
16.96
12.79
6.93
13.47
8.85
6.92
14.35
9.21
14.04
7.73
5.20
6.74
9.49
5.82
13.98
6.64
14.37
22.28
6.33
28.02
16.58
5.68
6.12
9.88
5.61
6.24
6.40
13.99
14.49
5.30
9.85
24.36
6.87
13.42
9.16
9.23
7.36
12.95
12.59
11.78
7.34
9.39
5.74
8.74
6.29
25.25
11.96
7.25
18.56
11.53
18.69
6.74
13.36
7.41
11.77
34.80
18.68
7.28
5.55
12.39
11.41
12.47
7.25
33.87
6.94
7.22
25.90
8.82
7.86
8.35
42.88
23.69
13.33
9.33
13.49
12.97
16.23
17.28
10.27
5.34
33.28
11.70
8.10
8.74
10.98
6.81
7.22
12.46
7.18
17.56
8.80
9.54
8.82
11.94
6.73
9.36
6.23
15.36
7.17
8.35
12.41
7.26
5.63
5.70
7.23
7.43
8.82
7.43
8.86
5.61
5.63
11.92
7.24
11.83
9.34
6.22
15.42
11.42
8.79
5.72
13.41
13.49
23.31
10.88
20.87
12.95
7.25
8.25
5.70
5.24
10.56
28.60
17.45
25.24
10.31
9.30
8.30
16.59
5.19
14.50
22.81
14.61
5.75
12.44
8.85
13.97
5.32
8.27
11.79
27.37
5.74
10.38
10.87
9.33
5.70
13.63
19.71
9.32
9.17
11.46
11.56
10.48
10.38
6.72
6.68
9.72
11.92
10.47
6.90
8.24
6.69
8.69
17.10
9.28
6.10
16.59
5.81
9.02
6.05
12.48
12.32
6.26
6.83
10.31
5.04
16.72
7.92
5.68
12.65
10.28
7.15
7.90
15.65
9.27
21.06
8.32
11.92
13.40
23.78
18.30
13.45
31.28
15.54
5.28
8.84
12.28
7.26
10.36
7.80
12.28
8.36
23.87
6.66
18.80
9.30
8.47
7.26
11.34
6.83
16.92
8.80
16.50
13.41
9.34
10.88
5.34
18.62
38.39
16.45
11.39
19.20
7.84
8.93
9.84
11.49
20.75
9.25
6.74
29.47
6.40
5.84
8.82
8.25
8.41
10.70
7.62
14.69
22.67
24.42
14.84
9.86
5.66
8.99
5.17
15.22
20.73
5.55
7.27
8.29
12.46
24.17
18.24
5.19
5.79
6.22
6.73
16.51
17.09
21.12
5.25
6.21
7.69
16.66
27.99
5.17
5.68
21.32
7.32
6.23
8.67
19.18
8.81
26.38
8.96
6.74
7.12
11.43
7.98
9.88
5.19
17.23
5.16
6.68
7.77
9.77
18.64
7.76
14.03
17.15
5.38
5.19
26.86
16.51
15.55
14.10
5.71
11.84
7.68
6.21
15.06
17.10
15.57
9.44
6.79
14.03
10.86
5.81
8.94
21.66
10.78
9.89
9.52
19.23
6.74
5.70
20.16
5.20
14.88
14.10
7.36
7.70
6.75
17.13
7.62
18.13
31.15
8.78
8.22
15.04
9.33
5.58
14.53
6.42
30.64
19.17
7.26
17.52
26.86
7.26
6.40
13.00
10.37
5.12
16.40
6.72
11.23
15.20
11.53
6.19
21.27
5.07
6.73
8.80
5.20
9.28
6.24
7.78
13.30
6.77
8.24
13.65
12.46
6.32
5.21
5.19
6.24
12.85
12.86
19.15
8.37
6.18
6.90
10.69
6.74
19.30
6.23
30.94
16.08
6.40
19.19
7.66
8.64
9.33
6.37
6.22
8.69
21.37
19.73
17.61
14.91
14.58
12.95
8.73
7.85
5.19
8.72
15.52
6.22
41.64
5.10
17.63
23.84
7.23
8.80
5.31
9.35
8.15
9.44
7.33
20.75
5.05
16.56
16.21
14.05
12.46
5.63
5.13
6.23
7.82
5.12
5.26
19.70
23.43
12.37
6.23
22.85
19.63
7.40
5.13
17.31
17.01
16.04
7.11
7.88
7.27
20.88
5.53
18.59
5.87
7.83
8.78
9.12
22.12
5.71
14.00
14.50
13.52
9.33
6.77
11.53
39.51
11.54
7.59
11.05
16.04
19.60
6.07
5.18
8.27
8.37
7.30
23.24
6.65
7.80
6.23
5.33
6.71
11.38
6.61
9.44
12.03
26.06
12.88
21.18
8.69
5.28
8.28
5.09
8.91
5.25
7.72
8.29
6.81
5.14
21.94
6.61
27.36
22.27
11.94
21.23
9.87
5.69
5.37
5.72
7.23
6.54
15.55
10.90
10.48
7.41
6.24
5.09
14.63
5.58
6.11
7.71
7.28
6.24
8.80
6.20
15.02
12.44
15.61
6.34
5.19
6.64
7.28
9.38
12.06
12.30
18.37
7.26
7.07
11.25
5.19
9.47
9.33
8.91
5.19
5.09
14.72
12.88
14.52
7.41
10.17
7.33
11.41
9.65
5.18
5.63
5.34
15.60
8.18
13.62
11.36
15.12
8.82
13.33
32.54
16.18
8.72
13.48
12.90
5.72
6.74
7.79
6.75
12.10
6.71
8.27
7.25
9.29
19.49
11.39
16.79
7.31
9.35
7.36
8.69
10.93
5.15
10.86
18.52
8.29
9.33
5.25
12.06
5.54
11.58
25.27
36.32
12.26
7.29
7.95
29.09
22.74
19.01
10.88
8.35
8.89
5.79
13.98
10.21
9.77
11.94
7.79
12.89
13.12
9.84
18.21
17.05
14.64
14.62
5.67
8.26
12.40
20.14
12.41
7.73
8.26
5.19
8.29
25.47
10.52
8.45
7.61
14.48
6.16
16.03
16.70
5.65
25.45
13.07
5.28
5.64
10.78
40.46
11.39
9.84
6.12
5.19
7.77
11.95
5.18
6.75
8.84
10.40
25.42
11.92
14.48
14.54
20.74
9.87
9.31
10.35
5.19
6.72
9.88
17.62
17.06
6.25
35.92
8.85
5.79
14.00
7.31
19.08
11.39
9.23
8.86
10.37
5.17
18.69
19.23
6.34
16.24
8.40
8.14
6.03
6.31
12.53
7.86
14.91
25.26
9.16
10.37
12.92
8.48
16.58
12.41
6.21
8.12
5.78
8.41
17.20
7.80
13.51
13.89
7.16
22.81
6.78
9.80
14.52
7.79
19.62
6.72
6.21
5.20
18.24
9.88
12.96
8.90
5.18
15.45
7.69
10.38
8.32
6.76
6.75
14.20
8.42
28.55
15.88
15.61
5.18
7.25
7.07
16.53
11.41
12.96
5.75
5.12
15.15
16.03
7.67
11.92
10.40
5.29
7.93
6.16
12.45
6.34
23.35
21.25
13.88
7.32
12.30
11.06
5.71
5.17
8.32
15.60
7.38
14.91
6.73
18.65
12.86
5.78
5.06
14.93
11.41
17.12
7.36
11.41
5.15
20.72
34.20
25.95
6.15
31.61
5.68
11.97
5.30
5.17
7.27
11.95
11.26
20.73
5.71
5.36
17.14
9.33
5.65
8.72
8.18
5.29
13.98
6.22
6.59
5.86
5.25
5.77
9.17
15.09
8.23
14.65
9.87
8.26
8.91
10.29
36.64
9.76
5.67
13.60
6.23
5.57
21.36
5.07
12.39
14.00
8.42
8.30
8.24
16.05
9.72
18.21
6.74
13.02
11.43
12.88
20.21
11.47
10.28
12.97
18.23
10.90
14.63
17.07
10.33
15.17
8.30
21.38
25.30
5.07
5.17
30.17
8.45
8.60
12.04
6.06
5.36
7.12
12.98
5.82
18.52
5.17
9.17
11.88
5.87
8.46
7.75
10.39
5.63
8.30
12.05
12.31
11.28
8.19
8.33
6.38
8.80
6.24
13.43
5.38
6.81
20.03
11.74
11.97
9.88
9.33
8.40
10.38
10.91
25.36
15.06
6.72
5.71
14.85
8.45
7.89
7.71
18.22
19.65
10.42
6.64
31.55
16.41
11.50
11.46
10.42
11.06
6.62
8.13
6.74
10.38
22.28
11.01
7.39
9.25
5.65
9.87
7.17
7.86
9.38
7.68
8.48
8.11
5.20
11.44
15.06
14.73
7.06
21.68
19.66
9.34
7.84
12.94
10.90
18.03
32.13
16.09
7.27
7.88
5.05
8.48
32.30
5.59
12.96
10.88
7.12
25.41
7.85
14.49
9.52
8.18
5.72
7.27
8.83
10.35
17.73
15.46
12.35
13.96
16.62
33.79
8.43
8.34
19.31
14.50
7.32
8.64
31.00
12.01
5.07
35.12
5.23
28.44
20.23
14.49
9.85
23.28
5.72
11.41
6.70
6.26
17.09
6.22
7.86
19.20
20.85
20.11
10.41
11.27
7.31
7.72
9.28
14.00
14.62
6.88
8.80
8.22
9.88
12.62
8.77
7.72
10.80
5.72
11.41
8.34
6.72
8.69
13.10
5.12
7.15
17.99
6.38
12.39
17.61
6.78
7.27
8.95
16.06
11.74
32.69
7.25
10.39
9.26
5.84
9.37
11.35
17.66
5.14
7.63
9.36
9.92
23.98
8.96
9.17
17.64
7.24
13.66
7.25
23.84
5.35
7.09
11.23
10.90
6.40
17.10
5.77
5.52
5.38
8.72
9.15
11.12
21.14
6.05
11.93
5.20
5.72
6.90
5.20
10.92
27.60
16.97
27.34
5.19
33.69
7.82
15.54
8.35
10.34
9.01
6.80
9.87
6.20
14.38
7.20
23.77
21.72
6.80
6.22
13.49
6.84
7.76
6.59
6.29
5.15
16.56
8.24
7.89
11.44
9.75
7.27
9.34
28.02
7.78
8.74
12.92
7.96
10.43
10.32
11.57
6.16
7.12
14.61
5.32
7.33
9.74
7.14
6.21
14.47
14.55
9.78
11.93
5.70
6.22
19.12
18.83
8.83
7.79
11.42
9.49
7.26
12.80
13.39
5.76
17.13
14.47
10.52
34.79
8.73
7.29
6.24
16.15
11.41
9.68
17.60
7.76
12.50
15.15
7.92
6.29
5.68
12.80
7.95
22.68
19.57
7.07
5.70
7.89
6.80
5.67
10.88
6.73
14.91
12.61
11.52
5.52
8.87
11.60
29.04
7.63
7.72
6.71
6.81
6.08
7.70
6.84
15.01
5.61
9.52
12.47
4.99
8.81
10.84
6.72
42.98
12.45
19.17
8.35
8.47
12.96
5.53
14.45
5.74
9.86
12.98
9.38
7.89
8.30
5.70
9.42
5.65
14.51
11.90
5.63
8.19
6.88
10.37
11.95
5.70
5.73
9.34
8.28
15.73
13.41
19.74
11.03
15.94
17.78
6.06
15.85
6.74
15.08
5.17
6.93
9.73
10.54
8.83
8.80
6.74
17.95
11.28
10.42
10.37
20.85
9.39
7.41
5.76
6.62
8.65
5.86
12.46
11.37
10.21
7.67
5.81
7.26
5.07
8.82
12.91
5.34
5.72
6.73
7.67
11.92
6.88
22.29
26.46
11.41
21.75
5.05
21.33
31.14
16.05
6.72
8.68
12.32
17.62
15.69
9.52
12.46
10.23
11.39
9.34
5.55
11.40
5.17
12.95
10.98
22.46
26.46
11.40
5.70
10.87
6.82
5.13
17.50
12.96
5.69
33.32
7.16
6.66
26.50
17.27
5.20
22.87
13.32
9.87
5.73
5.13
5.86
38.38
6.64
12.42
8.42
7.26
10.32
9.85
8.32
7.12
6.77
22.32
7.36
5.19
19.71
10.79
12.96
10.37
7.89
9.47
18.70
6.11
12.38
9.81
10.82
18.78
16.08
10.38
9.70
7.44
6.21
5.14
5.18
19.18
14.41
7.79
19.22
5.78
10.78
19.28
6.77
45.81
5.22
7.84
12.45
10.22
19.15
7.32
16.45
6.76
14.14
17.15
12.80
21.89
20.24
13.42
9.19
7.30
6.33
26.11
16.43
22.82
12.77
11.92
8.25
8.48
6.31
7.30
5.74
9.85
15.50
12.88
7.25
5.79
5.09
16.56
13.99
47.49
5.69
15.67
7.33
7.66
11.44
6.21
5.70
8.29
7.84
5.25
10.89
6.61
7.20
5.71
11.59
8.83
6.56
13.53
13.49
7.78
16.73
7.62
13.41
15.55
8.32
6.82
18.65
7.27
28.00
13.39
9.81
8.37
11.92
6.16
8.46
6.75
7.81
10.35
6.58
18.11
5.30
13.09
24.88
5.25
7.77
8.17
5.71
8.74
24.28
6.32
14.48
7.41
7.62
20.27
12.45
33.70
11.42
24.29
6.16
16.69
7.25
20.77
6.70
6.33
5.70
13.04
6.61
8.40
6.19
9.25
9.18
8.45
7.24
5.23
6.74
12.00
8.20
8.81
11.81
9.33
5.35
19.87
7.79
8.32
24.30
9.17
16.08
11.91
12.40
8.33
12.85
13.52
8.76
5.69
13.52
5.32
8.74
13.32
6.86
18.80
9.25
10.43
5.12
19.06
22.72
14.59
21.80
6.80
6.72
5.12
8.71
5.84
6.75
5.04
8.43
6.21
5.71
7.79
28.02
6.22
7.15
10.96
10.87
5.71
17.12
11.53
9.87
11.92
10.30
14.40
7.73
7.25
5.25
8.29
25.46
11.58
24.30
5.12
7.34
7.44
16.53
12.42
8.85
11.79
6.16
35.76
5.19
8.21
7.85
8.83
8.41
5.56
5.70
16.73
10.37
18.56
6.63
7.26
7.46
25.44
24.42
9.21
5.64
9.34
14.13
9.50
6.78
10.85
8.13
5.01
8.86
8.83
14.13
5.07
8.84
6.91
31.60
10.92
9.34
8.42
5.70
8.77
26.94
6.10
13.46
28.45
10.41
38.94
5.75
10.35
6.39
5.22
8.28
16.64
5.55
17.07
15.38
6.41
5.54
14.12
9.84
8.15
12.11
6.80
20.21
5.55
11.92
17.13
25.44
13.07
5.18
7.14
19.68
18.15
19.15
18.21
9.84
7.73
7.68
8.31
10.38
9.87
6.85
9.85
9.49
9.74
22.82
30.23
36.11
6.28
7.25
5.31
11.32
18.23
12.33
9.87
10.92
6.78
6.22
27.08
7.70
5.06
8.35
6.32
6.83
8.32
8.72
13.31
7.41
6.26
5.68
41.48
22.16
26.41
6.21
9.44
5.23
18.76
14.17
6.38
24.70
11.72
5.72
6.72
24.94
6.40
8.12
16.00
14.12
5.04
5.86
52.38
12.29
5.57
16.20
33.62
31.10
5.17
22.14
5.19
6.72
7.26
16.57
5.20
24.46
9.33
19.68
11.38
10.88
7.68
14.05
9.89
10.90
10.90
12.36
15.51
6.37
20.11
6.77
9.32
6.24
9.33
10.29
5.20
7.26
9.25
8.37
6.22
5.25
7.28
10.89
7.74
8.29
8.45
9.89
6.39
6.57
8.26
7.61
6.78
9.84
6.72
20.20
9.86
7.87
6.37
22.30
39.38
9.18
14.65
9.32
46.56
6.19
8.80
5.60
22.32
16.63
28.64
17.68
7.71
26.96
10.80
13.52
9.36
9.44
10.40
5.69
8.19
6.22
10.90
8.27
22.64
25.42
8.29
22.37
13.16
11.42
6.24
13.79
14.98
7.27
5.23
7.96
7.68
14.51
17.60
5.86
10.29
13.60
18.55
6.89
6.09
34.42
26.80
7.78
5.82
9.46
13.84
10.74
6.22
12.33
9.86
11.52
9.25
18.74
8.25
23.80
14.46
5.82
11.40
7.34
21.17
16.05
6.64
9.36
10.29
6.82
5.15
15.14
7.44
7.71
17.46
10.35
21.23
5.28
40.45
16.08
11.82
5.22
9.86
6.16
20.78
5.34
7.84
5.25
5.75
6.65
5.05
6.96
5.28
10.17
6.53
7.70
12.03
18.37
5.09
16.25
5.09
11.20
7.26
8.79
9.84
5.19
9.45
18.24
9.84
7.68
9.17
10.96
13.63
16.71
7.30
7.12
5.71
12.32
16.49
7.73
13.09
18.18
5.22
15.12
13.12
8.93
23.23
6.11
9.69
11.92
15.50
14.53
21.79
10.90
5.72
14.15
10.37
7.34
20.24
10.25
9.38
9.86
11.30
9.46
15.55
17.26
9.14
5.74
20.72
8.94
9.34
36.72
13.30
7.78
10.91
5.79
6.32
14.19
18.18
5.20
8.69
32.05
7.29
8.32
10.54
14.55
6.75
48.54
11.97
9.67
7.35
6.70
6.75
6.13
6.21
6.88
5.06
6.91
6.77
5.55
6.78
25.98
39.42
7.31
6.77
7.65
10.32
9.84
9.28
17.07
5.22
11.39
7.78
14.53
5.71
34.19
20.77
6.78
26.42
5.68
15.07
7.23
8.36
11.03
8.39
13.59
9.36
9.20
5.16
10.30
6.69
5.73
9.16
5.31
16.05
19.72
20.19
18.16
33.56
15.11
6.21
22.29
19.10
19.70
5.82
10.90
7.67
23.31
9.39
18.69
5.20
11.94
13.41
9.32
7.95
8.31
6.73
14.86
21.26
6.26
6.31
6.39
6.22
6.17
6.73
6.20
9.33
13.87
11.92
7.17
9.34
12.96
14.00
5.79
8.83
12.07
6.20
8.21
8.67
7.77
6.38
11.40
5.56
5.24
15.03
5.74
15.73
7.74
7.60
19.62
5.25
12.98
13.51
17.18
6.69
28.97
27.46
16.08
11.41
28.55
5.31
5.79
39.97
5.05
6.75
7.88
5.76
5.57
14.02
9.19
6.72
5.18
12.11
10.88
5.62
5.25
6.77
5.12
8.40
11.32
6.56
11.41
8.42
23.31
6.40
16.08
15.55
8.17
9.43
18.06
7.13
8.37
6.79
5.19
8.82
8.19
16.62
6.05
14.05
19.71
8.83
13.47
9.25
6.74
10.88
29.55
9.84
20.36
9.86
14.88
13.98
17.64
7.94
19.75
14.90
21.75
6.75
10.88
5.25
19.16
6.22
6.14
7.27
5.19
11.96
9.85
11.55
9.40
7.63
12.45
6.24
13.91
6.24
8.85
9.38
6.20
6.15
20.72
8.80
9.36
7.25
5.36
6.21
6.58
17.77
10.37
18.85
5.73
9.15
23.71
9.47
21.77
6.59
11.37
8.80
10.38
10.90
15.57
12.97
6.96
7.30
5.50
6.28
7.68
10.39
19.73
7.78
35.76
16.59
9.44
12.41
9.87
7.26
13.46
6.71
27.53
7.28
7.30
15.55
11.42
6.11
9.86
5.79
14.58
17.11
7.28
8.89
7.09
19.84
19.61
6.28
11.28
21.95
10.32
5.55
8.40
8.45
7.80
11.91
33.34
12.26
8.33
7.67
6.74
9.34
7.21
18.48
16.70
8.36
8.31
6.81
8.76
18.05
7.35
8.82
9.42
8.27
8.77
5.71
9.31
15.46
7.68
9.33
20.82
7.82
16.08
7.20
6.23
12.13
10.97
5.09
8.62
21.95
6.22
14.08
19.30
12.99
11.81
7.59
20.11
6.73
6.27
7.84
15.09
15.60
5.14
17.50
14.03
14.53
8.42
6.62
15.60
11.44
24.88
11.48
10.48
11.44
8.77
15.49
5.18
9.84
5.32
6.75
32.00
9.92
11.88
16.20
30.56
5.68
16.99
5.71
18.57
34.73
8.39
27.10
16.05
20.30
7.28
5.18
14.55
7.80
21.12
5.27
7.08
6.24
10.94
7.78
20.28
5.04
5.14
10.42
10.88
5.18
5.76
7.31
6.35
17.70
11.81
8.23
5.20
6.09
5.17
8.99
18.73
9.49
5.04
9.80
14.49
12.01
6.13
5.60
6.74
8.32
21.74
42.69
6.22
5.70
5.79
12.34
10.99
7.65
5.07
9.37
9.33
10.96
8.89
8.79
9.80
6.17
7.77
33.63
15.00
8.95
17.30
13.55
16.99
5.89
13.28
7.10
28.48
14.19
6.83
24.35
5.20
11.80
9.39
6.23
5.18
12.39
6.80
18.02
6.19
5.71
15.06
6.22
9.35
21.81
5.18
30.06
11.35
22.30
16.72
11.85
5.70
8.68
16.08
6.24
6.86
9.52
6.23
10.27
11.80
6.34
13.63
9.31
7.63
9.71
5.20
6.86
6.78
6.91
11.78
26.39
15.20
32.68
10.39
20.68
6.36
5.25
22.35
9.36
8.24
18.79
5.58
22.10
11.88
8.82
6.08
16.68
6.83
6.69
7.70
21.23
5.76
9.34
7.19
13.52
16.06
11.92
18.69
7.33
9.01
10.91
5.12
11.04
12.24
15.57
10.95
12.34
8.32
6.67
8.80
18.60
11.49
5.18
14.12
5.12
5.59
15.52
9.35
19.19
6.33
15.04
11.30
36.33
9.29
7.41
14.09
6.74
5.58
8.19
21.86
5.27
6.59
9.76
18.63
6.25
15.62
6.75
8.27
18.21
5.70
8.27
5.18
26.61
21.26
7.21
17.28
7.17
15.56
14.88
9.52
6.77
24.90
13.98
10.91
9.33
25.81
10.35
5.26
45.10
9.85
14.96
6.88
17.62
6.74
13.99
6.70
21.64
13.50
5.73
7.31
7.18
5.65
7.31
9.82
20.22
14.02
18.79
9.29
18.24
5.15
36.80
9.71
6.90
11.21
16.65
5.70
22.27
8.94
7.79
6.28
5.06
5.84
10.38
7.11
11.98
6.30
5.25
11.60
6.20
5.18
7.66
6.58
9.13
6.32
7.90
11.41
6.21
11.92
9.75
5.08
14.57
5.16
8.79
8.19
7.25
6.23
5.70
13.12
9.40
6.26
25.39
13.94
8.36
18.00
5.64
8.86
5.12
9.36
22.94
6.72
9.72
8.32
21.71
12.99
11.43
6.19
21.78
7.30
10.99
12.08
5.54
10.24
18.14
9.30
30.12
5.11
11.42
11.98
6.73
5.36
8.37
17.15
10.21
11.59
15.55
6.06
11.46
38.34
6.34
17.66
8.64
12.44
24.99
6.15
28.05
5.69
8.82
8.34
24.04
6.73
9.85
7.12
6.41
15.73
17.46
14.37
42.51
13.10
16.57
18.15
18.61
11.92
5.20
6.67
6.44
6.79
9.61
12.01
5.59
26.98
5.69
21.25
5.20
15.71
13.66
6.59
9.33
10.46
9.81
6.18
22.87
10.54
9.38
7.09
15.52
5.12
17.63
19.63
5.15
5.18
9.28
10.36
8.29
7.25
8.93
10.35
6.22
11.01
10.45
5.05
17.52
6.13
8.31
10.37
10.99
5.71
9.48
6.62
6.38
6.74
9.78
6.64
6.22
6.80
7.43
12.33
10.17
10.45
13.54
8.91
5.28
13.41
13.79
5.28
10.96
18.14
19.52
9.51
14.87
17.11
13.89
8.30
16.79
5.66
7.34
8.66
14.56
7.24
11.49
19.16
7.68
5.73
9.32
7.80
6.24
10.44
40.44
18.10
6.88
7.80
13.92
12.97
6.75
22.18
23.84
5.72
8.29
11.40
5.71
13.48
13.50
10.40
7.39
7.26
6.16
6.93
6.53
16.97
7.78
7.24
31.76
26.47
7.97
18.19
24.47
10.72
17.49
15.49
5.15
16.57
5.31
13.07
5.19
5.04
6.73
5.33
6.77
18.06
7.63
6.18
7.38
14.03
6.87
22.19
23.28
10.86
6.30
8.37
5.63
6.27
7.23
5.60
8.94
24.39
14.63
6.63
7.73
9.79
9.33
5.15
22.72
22.83
42.00
21.71
27.66
7.78
5.85
8.67
7.23
14.17
20.61
8.72
6.26
18.32
5.33
13.94
6.56
12.90
6.73
6.22
5.20
7.28
7.33
20.13
6.67
13.44
5.67
11.92
10.90
8.85
20.25
13.12
12.38
12.60
11.74
15.10
15.95
16.59
11.02
18.56
16.61
9.88
13.31
5.83
13.65
15.04
5.35
13.41
7.62
6.35
22.69
8.45
7.14
15.15
5.23
26.27
14.52
10.43
14.07
13.46
5.08
5.89
15.51
8.65
6.38
10.36
12.88
27.91
6.24
5.30
5.71
9.15
5.69
18.81
10.57
13.01
7.12
10.42
8.26
6.70
30.48
5.68
11.39
5.84
6.64
33.31
18.69
11.36
6.75
8.79
5.71
9.41
8.25
12.88
9.76
7.29
8.28
6.91
7.33
13.44
6.69
20.15
9.30
15.74
7.59
12.99
13.56
6.61
7.94
8.21
5.81
6.19
20.06
28.05
8.32
18.63
18.11
17.14
17.68
13.08
8.41
5.62
7.67
22.38
9.31
7.79
8.77
5.25
6.83
8.85
5.20
6.80
6.66
10.45
26.03
6.59
11.40
26.01
6.13
5.08
17.12
11.92
5.78
7.91
9.32
22.86
6.73
6.25
5.60
12.45
7.30
5.70
8.29
8.30
24.29
5.86
14.52
12.52
5.57
5.69
11.43
5.13
11.58
16.00
7.92
11.76
7.95
6.15
6.19
6.85
5.38
15.91
11.76
9.17
5.33
10.92
6.22
10.39
6.77
5.55
13.09
32.28
9.34
6.77
6.06
8.29
20.16
6.75
32.72
9.28
5.71
24.26
6.70
8.96
5.21
24.88
6.22
7.20
7.73
14.02
7.45
19.38
9.29
10.35
7.81
12.45
21.67
11.87
12.05
7.94
10.33
23.69
6.57
5.51
5.14
6.80
11.92
7.38
5.53
10.32
5.71
11.48
35.35
10.39
5.72
6.33
6.69
13.66
6.74
18.54
9.33
8.93
20.56
14.64
12.94
13.12
9.31
18.66
20.23
21.29
8.36
5.09
5.17
12.41
10.39
8.24
8.28
25.83
13.48
8.30
29.76
15.14
22.84
16.98
5.12
13.96
21.25
7.90
6.80
19.33
5.20
12.28
9.23
21.73
10.37
10.33
8.28
22.29
17.68
7.39
5.16
5.14
7.65
6.79
6.30
6.21
7.71
8.36
9.46
8.79
23.76
7.74
12.33
7.77
9.43
11.59
6.65
14.56
6.36
9.26
6.16
6.60
9.86
12.47
28.51
7.25
15.51
5.69
20.73
34.80
7.78
18.71
16.09
7.72
6.72
10.95
27.46
8.80
9.23
7.39
8.31
5.58
6.27
7.27
15.52
10.87
9.00
10.91
7.09
5.27
5.28
7.05
34.30
25.44
9.87
15.62
10.90
5.23
21.37
8.83
8.62
9.24
9.36
10.92
8.78
9.84
7.22
14.99
22.32
13.05
9.03
8.69
12.76
8.42
16.19
29.52
6.79
15.90
13.56
9.81
9.43
8.17
10.84
7.20
6.20
6.72
7.26
14.60
9.36
34.79
9.33
21.36
6.70
17.29
11.96
11.37
18.05
5.83
32.62
8.35
5.60
6.66
7.42
16.56
7.55
9.85
7.23
6.74
6.75
5.28
21.99
17.76
9.30
7.18
8.81
6.38
10.79
6.07
22.28
19.25
26.64
10.73
10.35
5.56
8.48
9.41
18.15
18.47
5.66
17.52
8.96
8.38
9.86
7.13
6.77
7.78
15.47
5.80
14.59
14.00
6.16
5.31
7.33
16.00
7.96
8.07
21.24
5.71
27.87
6.71
5.74
11.43
14.67
8.77
5.71
10.91
5.33
7.44
6.08
23.36
8.27
9.19
9.36
6.86
25.35
5.20
5.71
5.10
7.67
15.21
7.26
11.20
8.42
34.19
9.86
11.42
6.24
14.94
5.22
7.26
7.17
12.43
10.93
5.83
12.43
6.72
14.50
9.89
11.31
13.49
18.22
7.34
9.33
31.13
8.27
9.55
24.34
7.08
15.59
8.38
16.08
8.26
19.15
9.52
11.41
9.71
6.21
22.21
6.30
8.73
5.31
6.82
5.12
10.41
5.01
8.30
7.25
5.30
29.01
9.71
13.15
6.29
18.64
10.14
10.22
5.19
16.10
13.44
24.07
8.83
21.26
5.29
11.63
16.64
11.30
11.77
15.35
9.33
7.28
10.88
10.35
5.72
6.73
12.06
7.26
12.10
8.87
19.28
14.38
13.95
27.36
16.19
6.23
5.14
8.77
9.32
9.22
11.95
5.18
13.01
5.26
5.27
15.58
8.82
9.24
5.90
11.41
13.84
5.72
23.80
8.80
6.20
6.80
9.41
21.37
11.33
9.76
11.28
10.38
7.80
11.41
7.25
6.24
28.14
5.26
6.21
5.59
7.17
10.56
12.46
6.01
17.10
8.32
19.87
18.69
16.07
10.76
8.30
7.28
8.88
15.54
6.22
27.47
9.34
13.44
12.41
12.39
17.25
5.04
9.87
20.77
10.39
12.45
17.73
12.40
6.88
5.12
5.72
9.49
16.57
5.76
14.96
26.78
6.27
6.63
9.38
11.86
10.89
12.43
15.20
5.70
13.92
8.65
6.21
15.04
6.23
8.28
5.18
10.39
5.79
15.01
35.78
5.77
5.90
11.31
7.70
6.73
16.13
22.76
6.16
14.57
8.35
8.43
5.71
10.49
5.12
10.79
8.72
7.40
7.20
11.46
12.31
12.98
8.41
9.01
25.31
5.61
6.73
6.13
5.74
8.77
7.35
7.25
31.64
9.28
11.49
13.42
5.26
7.78
9.34
10.51
18.78
22.88
11.87
7.12
11.80
12.37
9.49
13.10
19.12
7.79
18.51
5.31
34.72
6.18
17.65
5.62
12.23
6.27
11.40
15.57
10.91
5.21
5.61
14.08
6.68
16.58
16.60
6.75
5.28
5.66
5.23
6.22
19.13
14.53
20.74
7.78
8.48
7.26
7.28
7.25
9.14
14.05
5.69
10.54
9.01
17.65
17.46
11.32
8.82
32.96
21.20
13.11
26.54
6.25
14.51
8.11
17.49
5.25
7.25
39.01
6.91
12.91
9.16
21.22
14.66
17.73
26.95
22.29
5.74
11.41
6.27
11.73
9.35
32.56
6.77
19.73
14.46
5.67
15.56
25.95
6.87
8.80
8.93
12.90
20.73
6.10
6.23
8.35
12.90
5.18
7.42
13.95
17.49
12.98
26.96
6.88
8.25
12.00
12.37
7.79
5.12
18.16
7.89
6.72
7.30
5.66
14.32
9.86
5.74
9.35
39.04
6.73
33.68
12.45
12.05
5.74
21.20
12.34
15.57
8.44
22.84
24.32
22.18
24.84
8.83
6.72
6.71
6.30
5.16
24.40
25.42
5.69
6.32
18.36
10.98
14.69
9.68
8.75
10.72
9.48
8.26
6.88
13.87
5.60
5.25
26.95
6.68
7.24
5.07
5.19
6.23
5.77
12.41
6.74
14.00
5.89
7.25
11.25
9.47
18.10
7.36
14.06
5.16
10.76
8.27
27.92
12.98
10.30
5.19
11.89
35.41
7.26
22.93
14.90
14.19
6.78
10.87
8.15
7.89
5.89
11.33
7.64
7.26
9.31
9.86
19.61
5.17
5.20
9.76
5.71
7.89
19.35
12.91
11.79
18.11
7.77
7.35
20.23
7.89
5.84
6.11
10.72
11.43
29.10
14.53
12.96
5.69
12.82
12.96
9.46
10.88
8.91
6.08
8.40
5.61
19.76
11.57
11.91
9.36
16.94
9.88
5.33
23.79
10.93
18.63
12.02
8.91
12.36
6.72
9.68
12.43
13.94
15.06
11.91
8.94
11.36
6.05
5.37
23.41
7.03
6.13
12.05
5.21
5.08
9.40
9.81
29.04
36.79
35.97
5.69
6.03
27.00
8.83
11.54
25.41
10.53
8.82
9.31
18.56
7.93
6.83
5.60
6.08
21.57
7.80
6.28
24.90
26.98
5.28
7.36
7.44
7.61
6.61
8.32
18.54
6.72
8.88
10.35
5.13
31.79
5.68
11.40
10.86
17.47
9.35
11.40
18.69
24.95
28.08
7.22
27.57
18.69
12.97
13.94
18.11
14.51
10.88
5.36
9.04
10.46
7.07
11.33
6.21
11.33
11.96
9.89
12.43
10.93
6.26
16.10
6.19
13.59
5.66
9.31
11.94
18.30
7.76
5.11
9.36
6.24
10.86
8.78
12.40
8.45
18.59
10.72
19.26
7.81
14.51
19.20
16.80
10.56
9.10
18.18
9.33
6.22
7.07
16.59
8.83
7.92
5.35
9.29
5.69
12.28
11.36
8.82
11.40
11.77
5.17
9.36
11.09
8.84
5.55
10.34
8.84
17.22
7.79
23.41
20.64
5.12
6.75
7.25
35.98
23.87
9.37
5.68
18.18
16.26
26.91
12.43
13.86
13.49
10.46
15.36
16.57
16.52
5.38
6.24
5.73
7.79
7.07
5.23
10.88
9.76
7.94
5.20
32.19
21.76
8.13
9.52
7.28
10.77
6.14
11.55
12.03
7.17
8.21
10.37
6.27
15.92
7.79
13.58
7.81
12.50
8.78
5.18
5.17
31.71
6.13
7.38
14.96
23.78
21.76
12.43
12.94
6.23
11.45
23.87
5.23
7.96
5.29
10.40
9.26
10.19
8.79
11.87
15.60
9.87
20.45
5.67
5.60
13.49
6.35
7.23
7.18
5.84
31.34
5.03
15.52
8.89
20.18
9.81
13.49
7.86
17.20
7.15
9.28
5.77
5.73
7.42
10.99
6.13
17.06
15.62
5.57
21.71
7.44
15.98
15.56
5.73
6.19
15.57
5.19
19.65
9.88
15.92
5.68
11.94
5.68
11.47
11.40
12.00
17.62
22.97
6.84
8.64
10.32
8.85
10.83
6.83
8.20
36.22
8.28
22.92
10.87
5.74
8.62
13.99
5.20
6.40
6.80
17.11
11.89
9.36
9.36
5.14
8.81
8.38
16.14
7.20
10.34
6.73
22.15
18.64
16.26
8.35
6.74
8.24
16.02
16.70
5.63
24.89
22.67
5.28
19.63
7.68
9.87
6.79
6.21
9.30
5.29
5.29
10.28
23.33
16.68
14.56
9.20
14.17
5.63
5.87
9.34
9.33
25.31
9.39
37.22
6.88
7.07
18.82
26.53
14.43
12.77
13.41
33.25
14.47
16.56
18.71
7.78
5.73
10.78
9.85
6.24
20.90
10.98
22.43
5.15
5.12
24.78
7.84
22.45
11.97
13.47
6.16
7.25
13.62
10.30
29.34
14.49
5.17
5.86
9.36
9.86
12.98
16.93
17.63
5.71
14.62
6.93
24.53
6.14
11.70
12.35
12.42
12.46
13.70
17.71
5.67
7.24
9.72
9.82
7.24
8.72
6.75
8.29
13.64
19.73
5.31
16.53
15.58
21.63
10.46
11.91
11.92
5.78
7.74
5.20
12.28
17.98
14.15
7.12
19.20
22.75
5.19
6.22
5.37
14.02
8.64
7.79
19.17
7.72
13.52
6.87
5.63
16.59
5.69
8.48
14.91
10.36
13.84
23.86
13.08
18.72
6.17
9.24
6.91
9.33
18.72
13.52
19.71
21.79
10.33
6.74
9.76
12.94
13.99
29.51
15.57
6.80
6.74
5.15
25.50
6.81
9.25
23.81
15.14
5.82
30.97
7.15
8.32
6.83
17.57
9.35
11.31
11.46
11.39
17.61
20.17
24.47
8.78
7.26
32.68
7.30
10.34
15.61
6.34
9.21
32.32
28.52
14.13
7.80
22.21
8.81
5.70
16.47
6.80
6.67
13.52
6.67
18.17
6.77
7.79
22.34
7.77
15.04
13.48
20.72
5.73
15.60
6.72
5.20
14.52
16.08
17.83
9.46
8.69
12.41
5.69
7.22
62.72
6.72
22.15
11.53
14.53
11.36
14.14
6.07
7.89
5.54
7.24
21.81
21.72
12.09
6.76
16.57
13.87
13.53
8.74
23.32
15.18
29.55
7.14
5.85
12.41
10.80
36.41
16.07
22.23
17.54
17.12
11.94
18.13
15.52
15.58
12.92
9.39
8.29
5.22
14.06
6.75
6.78
9.73
16.18
14.53
7.13
5.19
34.34
26.97
5.13
46.83
8.37
10.47
12.39
16.96
13.00
8.31
11.55
20.73
9.63
11.23
9.48
8.40
8.14
7.30
16.05
22.45
6.89
5.03
7.76
6.67
5.88
6.83
5.15
5.03
7.77
13.01
7.24
6.36
5.28
9.70
7.29
11.80
7.87
10.88
5.56
27.97
9.49
8.80
11.95
18.69
12.03
10.18
11.41
5.12
5.23
15.14
8.80
14.55
7.21
15.54
19.66
9.49
21.71
7.95
7.72
5.35
9.78
8.15
5.21
17.15
18.67
6.70
13.11
7.71
13.84
10.96
25.77
5.19
14.53
26.63
8.99
11.90
6.65
9.40
8.32
18.50
6.17
5.12
6.83
9.92
12.44
7.14
11.93
19.25
12.02
5.08
7.89
6.67
5.84
6.17
5.64
10.93
14.92
10.89
7.77
13.52
7.43
10.36
13.49
17.13
5.25
5.71
6.17
9.89
14.50
8.24
32.15
8.31
7.14
15.57
7.76
18.80
17.26
8.83
5.07
6.61
7.37
12.02
7.28
7.34
8.29
12.48
5.01
8.15
10.89
11.36
9.31
5.19
8.28
29.07
10.91
20.85
21.91
10.79
11.36
6.73
13.15
5.19
7.82
66.43
9.17
18.18
6.21
6.96
5.76
21.31
5.50
9.82
6.86
9.81
9.78
20.21
7.26
6.95
16.13
19.74
13.25
10.39
6.73
21.34
5.23
11.44
5.71
9.22
20.27
6.72
9.84
13.54
5.17
13.14
8.81
8.67
14.98
11.87
7.25
6.26
16.28
12.08
32.59
12.20
6.62
12.45
7.91
13.53
7.61
15.12
16.74
8.22
22.43
12.77
19.76
11.99
14.01
7.79
9.20
5.16
10.35
5.15
6.38
12.47
6.59
11.41
5.70
12.45
11.98
6.67
27.09
15.60
5.63
9.01
6.65
5.70
9.19
12.46
19.16
9.86
10.37
7.42
43.17
13.33
25.52
14.90
6.06
6.43
5.93
13.52
10.37
9.36
12.26
9.29
8.77
16.06
6.76
21.20
22.37
7.76
9.89
7.83
11.88
14.48
6.14
6.76
6.21
6.19
13.63
8.96
8.37
10.24
23.52
12.33
12.96
7.07
7.28
7.75
11.09
12.06
5.74
8.64
7.19
8.97
21.17
16.22
7.12
5.55
5.10
8.96
5.57
23.84
16.68
5.22
6.38
5.15
6.75
5.09
5.17
12.42
14.64
18.14
6.21
6.24
5.15
9.94
15.05
6.62
9.84
9.87
21.28
6.25
8.43
6.16
5.18
5.74
14.60
6.42
14.05
5.18
17.98
17.92
5.57
5.87
26.43
5.71
7.62
10.90
6.75
13.51
5.73
5.17
5.75
16.81
24.91
21.75
9.35
15.97
5.80
6.13
15.18
8.18
18.61
19.29
10.32
9.25
11.31
12.05
13.02
6.87
7.20
16.12
6.73
13.50
6.21
23.23
16.98
21.31
24.32
12.02
17.20
7.69
15.60
10.74
68.43
33.33
6.82
16.62
9.31
9.39
7.76
10.93
11.76
17.55
25.78
7.76
18.11
5.19
13.10
13.50
18.74
7.28
6.04
8.26
8.36
7.29
41.52
8.80
19.71
10.43
21.95
11.57
10.80
6.12
9.36
9.88
17.48
7.27
6.23
9.32
17.24
6.09
9.33
14.11
5.84
8.69
12.08
5.69
9.75
9.75
7.80
10.99
9.29
7.76
9.31
5.81
8.83
5.17
8.24
10.49
16.51
8.37
17.18
8.85
8.27
8.90
9.39
5.23
9.90
20.08
11.22
5.60
5.67
8.49
5.85
7.84
7.78
11.89
6.08
16.47
5.20
6.72
9.82
6.19
8.99
8.29
7.60
13.99
6.71
5.69
11.44
8.82
20.24
11.92
23.97
25.49
9.81
17.73
7.25
17.56
13.45
17.10
9.28
7.87
12.45
29.05
14.43
6.34
5.17
14.54
13.87
13.54
5.15
7.89
10.32
6.13
6.27
27.46
5.66
6.36
11.00
5.20
5.33
9.25
14.95
6.75
10.77
8.87
14.58
6.73
25.40
9.35
10.93
6.24
8.80
33.69
13.01
13.96
19.74
9.85
13.40
23.19
16.61
18.12
5.21
12.37
12.98
8.35
16.07
11.34
21.24
8.44
20.81
7.71
22.27
11.80
6.15
8.82
11.43
7.33
17.66
10.85
15.60
6.24
7.28
6.73
7.27
5.68
7.79
7.29
9.83
6.30
11.97
6.10
6.75
14.02
25.49
18.06
7.16
13.10
5.57
16.11
5.17
16.05
5.25
6.63
21.22
14.53
28.03
12.95
5.32
9.48
16.80
8.78
5.68
6.67
9.20
15.36
12.42
6.21
8.42
19.68
6.42
21.77
12.42
18.18
32.16
8.67
13.01
5.78
7.21
12.04
41.90
18.17
6.13
15.69
9.33
5.17
5.18
38.40
17.68
28.42
12.08
11.95
8.40
9.92
13.92
8.32
6.72
17.55
7.71
20.70
6.74
7.33
5.84
20.94
7.06
8.83
8.32
5.56
9.36
39.09
6.62
22.83
8.79
20.24
7.29
15.97
7.68
5.16
21.79
10.44
13.67
11.01
6.78
5.10
10.20
5.72
10.90
13.95
5.69
5.18
5.73
6.80
12.45
11.06
9.82
6.78
8.28
7.27
5.25
6.19
18.66
6.56
15.53
5.72
9.35
14.02
8.40
9.34
8.30
7.13
8.31
9.36
6.77
19.90
7.24
14.66
9.17
12.98
14.53
6.25
6.16
6.90
21.41
12.89
8.16
13.84
5.15
14.51
18.26
18.26
12.93
7.15
8.80
5.15
11.49
5.71
15.60
7.71
5.25
7.28
11.41
11.44
18.74
23.86
16.03
19.15
9.56
9.82
12.80
5.78
11.96
6.36
6.77
43.62
8.27
32.32
19.34
23.22
15.86
6.91
14.37
5.60
6.75
21.23
10.45
18.77
8.81
11.89
5.83
11.26
6.72
10.41
14.13
5.03
6.44
24.25
32.12
12.37
14.72
6.71
9.31
8.34
7.68
14.92
11.04
5.85
11.40
6.40
12.98
7.04
19.62
7.10
7.32
7.23
5.17
9.28
17.20
6.74
11.52
22.38
5.11
23.22
9.22
7.77
12.44
7.28
26.41
14.61
8.77
17.12
31.19
11.31
6.85
6.21
7.12
7.28
7.39
19.60
6.21
5.07
5.21
13.01
10.77
17.72
6.26
6.30
8.70
16.64
5.34
6.71
7.74
8.75
10.23
8.99
6.91
11.98
7.79
10.23
7.09
10.40
5.74
15.12
5.30
11.37
8.85
7.10
11.39
13.44
6.24
16.64
7.92
14.88
10.31
5.68
5.09
7.76
7.76
17.10
14.05
7.44
11.59
7.28
4.99
5.19
11.28
6.77
6.31
7.94
8.86
5.66
7.66
11.86
12.07
13.84
6.21
7.66
11.95
5.68
7.84
12.97
20.82
10.54
13.04
5.00
10.32
5.18
11.60
20.69
18.17
5.15
11.26
9.30
19.73
9.38
20.19
8.99
9.72
12.05
18.60
5.18
5.78
9.33
13.67
5.56
17.22
22.14
6.39
7.71
14.56
8.25
9.87
12.05
9.20
5.09
16.58
11.60
9.31
16.64
5.84
22.32
24.77
8.22
12.96
15.55
6.73
5.70
10.87
6.61
7.29
5.81
6.17
5.62
21.25
8.36
6.20
14.09
8.24
6.32
5.30
17.54
13.99
16.08
9.50
8.83
5.19
17.04
7.67
14.35
12.96
15.53
8.48
11.57
7.82
8.30
10.21
7.22
7.21
7.17
10.53
29.03
5.18
7.95
7.11
9.32
33.12
13.63
16.09
32.15
9.82
9.76
18.09
17.61
10.88
12.96
7.40
12.88
13.60
13.36
8.20
10.42
5.82
7.23
5.65
11.46
27.54
10.88
35.65
5.72
6.75
6.79
29.55
5.15
18.18
7.89
7.28
11.98
5.12
21.23
7.70
6.40
12.42
17.29
10.37
23.78
22.30
6.18
5.64
7.76
5.24
12.91
14.62
8.32
24.89
6.77
26.96
9.26
9.41
18.29
10.44
9.25
8.27
13.95
5.74
7.67
21.44
4.94
8.77
25.47
12.42
14.51
27.98
24.26
5.79
13.05
7.82
6.16
24.91
16.55
8.31
11.09
21.75
8.80
6.27
7.28
7.66
16.70
13.45
17.08
12.85
10.43
13.00
5.68
6.21
30.67
11.44
6.20
8.90
12.45
9.22
13.05
7.87
9.74
17.06
24.35
5.74
8.30
6.84
13.39
5.16
10.90
5.31
18.35
23.79
6.05
8.27
20.61
5.31
16.51
11.25
12.05
12.30
14.56
31.13
6.21
8.46
6.78
6.58
12.07
6.23
4.09
8.99
11.78
4.27
6.69
15.87
34.74
12.06
3.91
2.44
4.27
5.51
10.83
24.37
3.95
5.45
2.25
19.36
2.48
14.87
6.06
4.01
17.23
19.22
39.54
11.82
2.95
14.23
19.22
1.65
6.62
4.43
13.60
1.54
3.08
12.43
19.33
7.04
5.95
21.27
8.73
18.82
7.73
3.55
13.81
1.98
12.07
11.21
17.87
7.52
4.50
2.22
5.14
3.41
3.99
2.54
3.01
9.25
6.70
3.10
13.26
4.40
4.53
5.57
7.13
2.12
13.80
9.20
3.97
5.01
24.00
5.60
3.11
6.62
7.67
10.60
17.79
2.58
3.19
2.01
8.02
3.69
2.45
10.66
3.86
8.17
2.65
17.80
7.59
9.62
7.16
3.10
7.13
6.09
9.64
11.66
3.11
4.49
6.55
11.53
8.71
9.20
5.12
8.17
8.19
1.92
5.05
2.94
5.76
10.77
22.27
10.05
4.14
2.66
3.47
25.68
7.74
25.90
34.23
2.55
3.50
2.01
6.25
11.65
21.30
2.98
7.02
4.75
1.94
4.19
4.56
3.51
9.54
3.67
11.18
9.60
2.57
4.76
4.00
6.53
7.34
2.84
25.71
7.61
12.11
5.06
2.00
4.00
17.81
3.60
3.59
3.74
7.71
3.92
23.33
3.59
5.68
4.76
14.45
1.93
6.62
13.33
3.47
3.40
4.56
2.58
3.04
6.66
3.62
9.68
5.99
2.99
3.52
3.56
14.67
2.07
8.06
2.22
9.68
2.04
5.07
9.62
9.63
1.95
23.29
8.71
1.93
2.98
15.22
6.16
2.13
3.05
20.86
9.14
2.55
6.16
5.51
7.60
19.11
6.08
1.97
3.79
3.54
2.16
5.20
2.80
4.06
11.66
13.25
2.97
16.98
8.54
10.63
18.32
2.61
2.47
1.65
3.03
4.10
11.55
8.66
5.18
3.16
1.98
7.52
9.14
13.71
4.27
2.34
12.10
11.68
7.62
5.66
13.25
31.90
7.18
8.86
8.65
13.77
2.52
2.07
6.03
16.25
11.76
28.51
16.71
2.46
1.89
25.22
13.31
4.41
15.78
2.13
3.02
24.05
6.59
5.10
9.71
2.00
2.24
9.21
2.86
7.65
1.94
3.17
8.77
6.99
8.16
2.94
5.51
2.53
2.60
23.39
37.01
4.58
5.53
3.09
8.67
2.53
1.98
2.13
4.06
5.70
3.06
3.53
8.45
6.67
3.15
6.70
4.52
11.63
25.51
11.65
12.32
2.47
5.86
5.09
7.64
12.17
3.22
2.00
2.00
10.59
4.03
2.09
7.16
3.49
4.64
5.22
14.19
27.82
4.07
8.07
3.05
15.15
2.69
14.23
15.67
16.76
3.53
3.07
9.72
3.49
14.20
4.58
4.51
6.04
6.31
8.11
3.39
7.47
7.07
15.73
6.32
24.39
8.38
7.23
11.38
7.77
6.76
26.80
12.96
8.92
5.70
13.47
8.60
6.28
10.43
12.99
11.95
11.39
5.16
8.21
7.26
10.86
6.90
44.68
16.52
24.48
5.06
9.87
28.44
8.88
34.17
7.80
9.25
12.34
7.40
5.07
7.30
11.93
5.18
9.31
5.90
14.21
12.96
6.52
6.69
5.69
20.21
11.53
12.81
8.87
23.75
11.30
6.41
48.27
17.61
5.33
8.79
9.65
10.37
12.99
16.08
9.36
16.98
5.31
13.01
10.21
16.59
18.70
15.53
9.40
37.84
9.33
5.69
7.33
6.85
17.12
7.62
13.97
6.25
5.66
13.47
9.47
15.52
10.40
10.95
12.96
20.24
7.25
5.32
23.23
9.02
8.76
6.08
6.54
5.14
8.48
7.25
14.48
7.84
5.81
13.98
6.24
5.70
7.14
12.41
6.85
14.88
6.62
20.77
7.38
13.50
6.08
6.21
6.30
8.68
18.24
39.40
16.16
5.35
6.17
8.67
23.25
8.35
9.82
5.20
11.86
6.24
9.86
27.42
12.48
16.08
5.71
12.90
21.28
10.55
13.61
19.33
10.38
8.16
13.36
26.32
22.27
14.62
13.04
6.72
9.27
13.04
12.49
18.69
37.70
15.41
5.22
8.19
5.76
11.94
11.36
17.66
6.21
8.81
14.59
5.75
30.13
33.73
7.76
21.79
7.26
9.36
11.49
17.14
14.59
5.25
7.24
10.36
12.44
7.69
10.29
8.83
11.87
19.60
17.28
15.16
5.26
17.70
8.61
22.15
14.64
6.75
9.74
7.86
5.21
9.27
30.05
6.11
6.18
7.24
6.88
18.22
8.83
7.29
8.40
12.85
5.77
9.39
16.66
8.38
13.49
10.85
19.09
10.22
18.67
5.62
9.47
5.78
16.25
7.76
8.13
7.33
11.31
10.29
18.21
32.59
17.57
6.26
31.09
10.41
17.74
8.32
5.19
21.31
7.68
5.73
9.46
19.17
15.02
5.87
10.21
30.91
29.98
5.73
5.71
6.24
18.19
5.18
17.07
11.92
34.68
5.70
10.94
8.28
5.15
7.30
11.06
9.19
18.34
14.48
7.77
7.29
10.99
7.38
8.61
6.06
5.74
10.88
20.77
5.18
16.12
37.28
11.91
16.64
5.76
29.08
13.93
10.88
18.57
5.26
7.79
19.22
11.33
18.85
26.88
7.14
13.58
6.77
8.24
10.46
8.30
5.71
8.13
18.19
8.35
13.01
7.20
5.70
22.83
33.35
7.82
8.21
7.64
5.39
8.92
5.03
5.81
6.60
5.55
33.70
11.59
7.61
17.79
5.25
17.23
15.45
14.50
14.91
7.76
12.46
8.31
13.03
5.72
7.26
11.39
8.88
21.13
8.75
15.74
5.25
14.55
23.31
11.89
9.34
6.28
8.43
10.77
11.53
6.74
16.45
8.32
13.29
13.48
25.94
52.03
5.69
6.21
8.31
7.07
5.72
9.46
7.86
41.13
8.14
12.86
17.10
7.73
5.76
32.55
14.08
5.09
6.20
5.76
10.99
27.91
5.09
5.71
7.26
20.76
7.30
5.21
12.67
5.31
12.87
9.19
13.93
14.54
37.30
10.93
6.34
12.97
26.45
8.42
5.71
25.18
8.18
17.74
6.33
11.83
17.61
15.48
7.77
5.20
6.39
13.52
5.38
13.55
16.99
9.15
13.07
12.48
10.78
20.30
7.92
7.76
6.10
8.21
6.23
6.24
9.83
14.64
5.20
5.84
6.75
13.55
6.05
18.03
19.68
9.84
11.93
6.74
7.77
8.98
13.98
8.69
14.02
5.26
8.40
9.85
8.25
10.88
14.73
8.17
9.67
17.28
35.42
16.58
11.20
8.43
20.18
12.34
10.80
17.77
7.29
9.39
13.33
6.31
18.13
7.97
8.68
10.21
11.88
12.45
8.35
11.92
20.36
18.66
5.73
9.87
20.66
9.49
14.37
16.22
35.17
11.36
14.01
12.99
7.67
6.32
5.63
12.54
13.97
10.55
6.75
7.78
10.25
6.79
11.26
5.68
17.61
12.45
14.69
15.06
9.34
17.43
5.17
28.49
12.68
6.13
7.22
23.87
23.33
8.92
5.78
6.11
19.70
13.27
10.35
13.45
17.61
6.26
6.39
6.20
9.42
7.93
17.52
8.71
5.18
7.79
12.94
29.07
5.81
10.34
11.28
20.75
6.72
7.43
11.92
20.69
5.25
15.36
6.67
15.55
5.19
8.30
8.85
7.41
9.87
10.19
8.83
6.22
22.39
6.23
8.21
17.11
7.23
5.19
9.42
10.93
7.76
17.13
11.34
5.14
15.54
7.44
16.74
11.93
15.45
7.94
18.61
6.59
8.93
9.30
18.08
8.83
6.37
26.87
16.09
6.28
5.89
5.16
17.71
10.27
6.86
7.25
10.83
8.32
13.38
6.19
21.68
11.38
18.62
8.86
5.67
25.95
10.82
9.38
7.34
5.21
15.98
14.02
12.10
17.20
11.40
21.22
19.62
16.53
9.18
9.90
23.47
7.25
26.68
6.74
11.95
27.99
22.40
43.47
6.05
9.49
5.39
5.18
24.89
5.57
14.32
16.59
24.19
18.37
7.79
5.29
9.95
10.78
6.17
5.67
9.90
5.67
5.60
6.89
6.77
5.67
12.97
10.76
15.66
8.92
8.80
7.18
8.34
10.37
8.82
23.76
6.20
5.78
5.19
8.73
7.26
24.96
11.36
7.90
21.23
14.48
17.65
8.87
5.22
7.22
7.68
8.36
11.93
10.40
18.22
6.34
5.08
22.73
6.72
9.32
5.72
16.48
6.87
5.76
12.96
5.83
14.36
6.24
19.68
7.29
10.42
7.70
5.24
10.87
11.75
10.84
10.95
11.92
6.29
17.61
9.73
20.25
7.90
11.30
14.51
24.32
16.56
16.50
16.95
5.52
3.65
9.49
7.01
11.62
14.60
20.10
9.71
2.52
1.50
3.49
3.08
1.58
2.07
21.23
3.02
14.68
2.59
1.94
3.02
2.12
15.17
8.62
10.26
4.76
3.51
8.16
15.96
6.59
10.06
2.03
3.02
10.00
3.73
7.09
2.11
7.58
1.61
12.12
3.97
4.97
5.96
9.65
3.17
3.47
4.98
21.46
7.71
2.64
4.13
16.26
10.50
25.57
3.46
4.11
10.87
4.94
4.02
7.17
7.15
15.07
11.76
49.27
8.67
3.10
19.90
2.45
3.61
3.52
4.43
6.14
2.14
9.22
2.48
14.77
8.04
4.53
4.67
2.12
22.91
1.97
7.64
8.04
6.17
7.09
9.74
5.04
2.41
4.02
13.13
2.19
1.97
2.60
11.80
4.00
8.65
21.32
2.59
15.19
2.49
7.15
12.72
10.64
9.19
8.09
9.63
6.06
3.10
2.05
7.00
7.66
8.64
9.62
6.08
9.67
8.54
7.11
7.14
5.74
11.33
3.54
13.71
13.61
20.33
3.62
2.01
5.52
5.60
27.39
3.94
3.13
1.96
2.51
22.31
3.62
14.27
4.48
6.64
7.18
12.06
6.18
4.58
4.98
6.64
3.18
13.27
2.01
7.63
14.78
2.69
16.03
11.15
11.56
15.68
2.22
7.19
4.49
5.60
3.52
4.55
6.05
3.53
5.17
15.23
7.12
7.14
3.45
13.17
4.18
4.78
1.92
2.05
9.75
3.10
8.57
7.08
4.45
7.63
7.09
8.07
2.16
10.13
5.30
18.39
10.51
3.45
1.94
22.88
6.24
4.06
8.22
6.55
7.60
8.57
2.50
3.54
2.14
6.60
5.93
9.83
17.70
2.01
20.32
1.95
2.08
3.19
11.25
2.51
11.16
3.07
22.88
1.84
16.76
2.00
36.58
9.74
7.20
3.49
2.83
5.65
4.58
2.05
14.62
2.20
6.41
9.80
7.00
2.41
6.60
3.07
19.13
9.22
5.64
8.07
4.48
3.65
4.99
2.76
8.10
7.53
6.00
1.95
2.17
12.00
7.83
34.67
16.76
8.14
4.13
17.31
14.72
2.56
1.84
13.51
1.60
2.18
2.85
3.68
18.38
3.49
2.07
22.60
3.37
3.00
5.36
4.03
2.95
4.43
21.84
2.51
6.19
7.18
5.23
3.76
2.01
10.62
7.09
2.44
7.69
14.61
7.21
9.59
20.80
2.37
1.68
4.17
3.63
5.46
33.84
2.62
13.36
18.60
7.71
8.55
20.85
3.13
4.62
2.52
2.47
5.54
3.60
2.04
16.69
9.59
10.15
1.97
7.10
3.69
6.14
3.99
13.31
3.44
5.62
3.04
2.00
13.23
6.14
5.06
16.29
24.05
2.48
6.67
2.01
4.67
3.00
17.81
3.02
4.18
3.42
6.11
14.17
15.31
4.00
5.48
4.02
4.08
3.48
17.76
3.25
4.95
12.78
7.61
27.12
6.11
13.83
8.95
19.84
1.64
3.60
4.07
5.58
19.92
9.17
12.23
20.35
2.51
4.02
6.11
5.05
9.50
4.13
9.62
6.24
3.54
4.13
11.58
8.13
6.05
10.57
1.61
12.21
2.14
4.94
6.01
3.62
5.60
6.06
25.99
15.87
5.59
7.70
10.67
12.01
2.16
13.78
6.09
4.45
6.63
2.07
6.67
14.67
9.17
12.25
2.02
15.63
1.95
1.63
5.54
2.16
3.62
1.92
3.44
9.19
3.64
7.15
4.50
7.60
5.67
4.02
19.97
12.65
1.66
2.43
6.05
2.02
15.22
6.01
6.63
3.46
10.75
3.71
6.10
1.81
2.08
2.06
2.10
7.26
2.50
2.51
23.30
16.91
19.26
15.70
6.69
4.61
6.84
13.27
2.72
9.56
5.50
3.76
2.93
5.15
1.96
19.66
15.28
2.10
4.91
2.78
2.54
8.14
8.18
20.80
6.54
14.14
8.18
1.71
3.65
4.43
1.88
9.78
3.57
7.57
2.57
9.02
11.80
23.46
7.01
5.76
3.41
10.59
9.92
2.06
3.82
5.01
1.60
7.89
12.19
8.18
2.54
6.59
8.28
2.81
2.03
9.04
18.90
14.10
6.72
1.98
5.06
4.61
6.61
19.43
6.74
5.53
2.64
14.76
2.55
11.61
6.12
10.24
10.71
15.65
13.74
4.58
7.15
6.68
5.55
5.14
2.44
2.55
9.71
18.36
4.67
8.08
1.92
7.72
4.03
8.93
7.70
8.58
2.10
10.01
12.13
2.44
10.81
2.47
26.87
16.28
8.20
9.83
10.27
2.04
7.58
2.01
4.30
6.47
3.48
2.05
2.59
20.78
6.60
2.99
8.16
17.00
5.01
3.15
12.25
20.33
21.42
2.08
5.41
9.59
5.70
18.23
4.77
3.71
2.53
14.32
2.06
2.60
8.42
8.72
8.58
2.99
20.23
6.16
4.57
11.77
3.96
3.16
22.93
48.86
2.46
3.04
2.16
6.58
2.15
6.13
6.04
22.42
4.62
8.08
4.48
4.41
4.08
4.66
3.67
12.07
13.30
3.09
6.71
10.01
28.06
3.62
5.66
11.10
9.51
13.63
11.75
6.63
11.74
12.72
9.67
9.59
11.92
10.67
3.12
8.69
14.92
3.20
8.18
9.02
4.49
4.01
9.52
3.12
9.62
2.12
2.00
3.54
16.34
15.89
13.71
2.45
5.56
12.24
8.69
7.66
3.12
2.03
4.12
3.44
2.13
11.18
8.60
5.72
2.47
5.60
18.18
3.15
18.31
3.63
4.07
10.53
26.63
2.10
11.19
3.51
5.13
11.63
18.35
12.21
11.21
9.25
2.57
4.54
22.54
3.46
8.08
3.57
11.13
7.73
7.11
8.65
5.53
17.33
3.61
3.59
24.85
34.40
16.77
27.55
9.54
4.06
8.48
2.16
1.95
9.73
23.99
7.70
19.81
5.61
20.96
3.87
9.19
18.11
5.57
5.07
9.68
3.11
1.90
19.02
8.17
18.92
2.58
1.94
3.09
3.15
12.69
3.00
25.84
3.60
22.77
7.66
7.13
2.03
9.69
9.28
2.02
3.11
2.01
17.40
7.23
7.63
2.44
3.69
5.08
2.54
3.51
9.00
2.48
8.68
19.92
5.13
1.97
4.59
6.12
4.13
15.17
5.07
3.07
6.74
18.38
8.59
12.80
4.05
12.12
11.04
7.07
5.11
6.15
7.08
4.65
5.68
18.50
13.20
3.01
6.15
4.63
14.77
5.05
21.44
7.20
5.43
25.54
9.80
1.95
9.55
45.81
7.18
3.98
5.57
24.80
2.01
2.66
6.15
14.28
3.12
7.57
3.14
9.03
1.96
2.12
8.19
6.73
12.57
12.69
2.54
14.30
7.21
6.19
8.06
12.17
13.08
3.07
12.87
9.12
16.81
10.56
3.15
2.61
4.04
7.62
4.14
7.70
1.96
6.53
17.18
13.23
11.81
17.84
5.06
4.11
4.11
3.08
6.23
2.90
11.12
8.68
6.65
5.53
13.15
8.71
2.02
3.22
2.95
15.19
3.53
5.17
4.98
2.54
3.27
5.60
2.45
11.79
25.95
2.74
2.96
8.03
7.23
19.28
9.67
7.11
7.17
4.31
7.67
6.67
6.62
8.56
3.58
25.12
18.43
8.79
6.83
5.58
1.81
3.52
12.21
14.23
3.11
15.34
11.59
14.75
31.59
3.08
8.13
16.26
2.05
2.98
19.91
2.48
2.09
11.80
2.57
2.41
5.09
23.43
7.30
6.59
40.73
5.95
5.17
4.64
4.69
8.14
6.16
3.52
7.98
6.67
8.11
30.05
16.83
7.61
7.61
2.58
14.29
9.60
7.05
22.89
4.14
6.03
11.07
6.04
10.75
21.55
3.50
6.14
2.80
6.69
11.31
13.00
28.50
2.45
2.90
3.25
3.65
4.02
3.56
2.09
13.68
3.55
2.60
25.05
5.22
18.77
5.01
22.36
3.02
10.64
12.24
3.18
7.04
7.01
18.34
13.21
13.79
8.72
4.00
8.11
6.21
3.04
11.65
21.83
10.62
11.17
18.33
3.04
11.24
6.09
19.45
7.59
3.14
10.57
20.86
6.20
8.26
5.59
6.07
3.45
37.72
8.19
4.07
5.07
14.72
5.14
14.23
5.70
7.56
25.92
2.08
3.60
8.11
17.70
4.05
10.80
5.17
6.69
10.08
7.63
2.14
12.29
2.97
10.72
8.23
13.17
4.01
12.23
6.10
8.15
1.96
6.69
2.06
4.05
11.20
2.94
3.19
2.56
4.59
9.12
6.12
2.52
15.74
25.11
2.90
8.06
9.99
11.34
8.37
6.13
5.56
13.20
17.78
5.11
2.63
4.13
2.93
4.49
18.32
3.99
8.04
14.66
4.16
7.16
2.56
3.53
2.89
4.97
1.60
7.00
14.70
7.77
16.48
5.70
6.10
2.05
12.70
22.71
8.65
3.15
2.92
24.71
3.15
4.11
6.51
1.61
11.25
6.10
2.05
2.06
33.92
3.65
21.80
10.14
11.67
5.56
4.55
14.29
3.42
3.19
5.62
16.75
5.98
2.03
59.43
15.30
11.61
5.49
5.17
3.52
4.46
22.46
3.21
3.01
6.58
4.65
8.21
10.07
4.10
3.63
4.59
4.46
9.49
2.95
3.13
2.67
3.56
8.64
1.87
2.13
3.64
2.21
10.15
1.90
2.43
1.99
3.77
2.91
20.23
14.84
1.94
11.26
2.67
5.90
5.60
2.59
8.05
4.53
24.48
2.59
14.32
3.01
6.00
3.40
2.24
11.14
7.12
9.04
13.10
6.09
3.78
4.10
19.02
6.53
6.64
16.12
10.50
3.64
3.05
9.63
9.11
2.48
1.67
4.50
4.19
3.00
17.25
15.26
4.94
6.66
5.18
26.23
5.54
4.19
8.58
4.64
1.55
5.04
4.67
6.08
2.03
1.36
11.60
11.06
7.32
4.23
2.22
1.86
3.88
5.69
14.87
5.19
2.55
4.06
4.94
6.56
8.03
1.65
3.04
3.05
6.58
24.51
3.58
17.27
17.83
32.99
2.10
1.95
10.64
7.57
4.99
1.52
17.79
6.11
2.02
5.70
5.13
13.14
3.38
2.69
4.68
4.96
17.24
9.65
2.06
2.59
17.82
3.63
8.65
17.25
4.56
6.07
3.62
1.96
3.11
6.69
2.90
9.23
11.63
13.76
18.21
4.04
8.15
7.28
2.41
12.32
5.09
1.98
16.27
9.64
5.49
14.07
2.61
2.88
9.74
12.73
5.12
14.79
11.76
8.71
5.12
1.92
2.42
3.77
19.20
6.53
14.32
4.48
9.22
2.50
4.63
3.53
10.38
6.59
21.81
4.61
2.43
5.05
7.17
17.55
5.73
2.06
16.82
3.38
21.37
2.74
14.55
1.59
3.00
9.56
10.59
2.51
8.12
13.76
6.69
3.00
3.73
6.48
8.20
11.75
15.73
9.23
2.16
1.79
4.81
3.22
9.37
6.64
7.94
12.29
2.57
3.03
8.11
9.11
7.48
2.42
4.58
1.74
4.72
5.50
11.65
8.67
2.61
19.14
2.03
9.12
13.26
2.05
5.18
5.17
14.16
12.10
12.14
9.18
2.06
5.14
3.65
7.47
1.84
3.20
7.61
2.07
4.02
9.19
4.61
1.90
8.27
20.89
24.28
9.08
15.81
2.08
16.29
9.64
2.13
13.20
5.09
4.69
14.23
1.92
8.49
3.49
12.10
8.22
4.66
6.08
7.20
5.59
10.53
15.29
7.13
10.07
9.63
15.79
5.65
18.29
16.16
11.74
3.65
27.55
9.57
6.75
8.27
2.45
10.61
33.00
5.60
7.74
22.31
3.51
5.65
14.72
5.98
2.51
2.57
3.62
4.19
9.54
4.05
3.49
4.21
2.71
2.59
12.54
5.68
29.39
6.56
14.16
32.82
5.28
6.84
3.37
20.27
2.77
2.57
7.96
4.00
5.21
9.57
4.41
5.00
8.64
2.10
15.63
4.56
4.60
9.16
3.25
8.73
3.50
8.06
9.95
25.44
2.17
18.32
3.98
6.62
7.65
11.09
17.87
8.09
5.65
8.63
2.40
19.12
3.12
3.76
5.91
9.82
4.63
2.61
9.08
10.06
2.58
25.38
7.70
2.54
2.00
6.10
8.83
20.41
2.04
4.76
17.71
13.39
3.09
3.60
8.68
12.58
5.52
9.10
6.64
14.66
11.36
21.48
16.32
2.02
6.08
6.50
5.06
3.92
6.28
8.29
4.55
4.99
2.00
14.83
9.63
8.65
12.66
9.08
12.25
11.66
9.66
2.03
12.15
5.60
4.66
6.62
20.85
5.07
12.18
25.38
19.35
16.75
13.23
12.73
4.53
2.04
5.55
3.04
5.65
12.72
11.07
5.09
25.40
2.62
14.85
6.05
8.81
2.36
5.10
4.58
12.59
7.06
5.06
8.14
2.45
8.59
8.15
4.66
3.24
4.44
2.69
13.94
9.95
6.00
5.39
4.12
6.18
7.13
9.52
3.09
3.70
3.44
21.39
2.51
7.16
2.35
5.59
5.29
10.20
17.35
27.83
6.16
48.54
10.55
2.09
8.47
10.73
6.49
5.11
12.41
3.61
4.36
7.62
2.01
11.19
5.20
2.97
21.44
2.65
6.13
20.48
2.37
3.94
5.84
3.57
1.72
2.49
2.57
3.56
4.65
10.19
12.19
14.89
26.50
3.49
7.96
2.10
3.60
15.36
17.80
9.73
10.03
6.70
6.55
2.49
13.68
2.08
9.14
6.02
4.54
7.29
16.76
7.60
15.63
8.29
4.66
2.35
5.49
6.19
10.26
3.13
5.34
2.34
11.62
12.05
14.89
6.69
33.53
8.04
5.60
4.58
24.32
4.81
1.91
9.64
10.20
3.64
3.98
7.07
9.76
2.07
5.08
16.27
9.08
3.07
17.09
4.54
3.52
13.79
3.08
8.30
8.75
3.07
2.41
3.47
4.58
5.76
4.46
16.74
5.09
3.02
14.09
4.49
5.13
2.42
3.48
7.72
3.50
3.62
14.42
14.41
5.06
6.04
12.79
2.13
5.20
9.64
4.69
16.24
4.04
11.55
2.99
2.98
4.13
7.70
30.38
2.04
11.16
7.25
1.97
2.49
5.12
6.17
7.63
3.59
10.51
30.00
3.75
10.64
6.55
7.01
8.77
1.94
8.59
6.63
2.65
8.12
8.65
4.51
14.20
2.52
8.08
3.09
25.97
5.04
2.05
7.95
11.15
12.75
5.54
3.01
8.02
4.66
4.48
4.59
19.74
2.20
7.23
2.42
2.54
4.54
2.52
12.00
1.60
3.66
4.10
12.21
48.66
5.68
14.68
3.22
6.57
22.32
12.32
17.14
7.57
3.47
2.61
3.53
2.85
9.08
11.71
3.13
4.21
4.08
3.55
8.25
4.55
3.98
11.71
12.29
3.88
17.75
5.75
8.77
5.60
2.48
31.51
3.56
5.18
7.58
2.98
8.50
11.71
8.24
1.91
1.59
4.08
3.12
11.76
8.62
9.20
3.09
2.59
8.58
11.65
15.88
4.10
11.60
1.90
23.22
5.07
2.61
6.20
5.04
7.16
4.02
3.95
9.20
4.79
16.75
6.54
13.00
11.20
19.23
4.95
13.98
23.45
10.47
7.20
1.68
7.03
27.03
4.14
14.08
5.18
8.18
7.49
13.60
2.05
5.07
7.60
11.67
3.65
6.96
6.55
12.71
3.10
2.45
16.94
2.05
6.12
20.02
4.63
3.00
12.65
3.00
2.17
2.59
16.60
2.64
1.96
16.19
15.33
7.27
4.66
5.03
9.60
6.10
13.55
4.60
5.16
27.31
18.17
8.11
3.01
13.86
4.54
4.08
25.81
18.34
10.12
3.14
52.32
18.96
2.07
5.42
6.65
3.75
3.51
17.78
9.24
5.11
2.92
2.05
2.32
18.72
2.28
2.59
2.00
5.63
13.87
2.54
1.99
4.40
5.56
3.11
1.93
4.45
32.88
15.25
14.32
5.62
9.34
18.63
29.02
6.32
16.40
4.61
14.49
5.14
43.70
7.65
11.82
10.11
2.97
4.54
15.21
10.15
1.99
2.56
7.12
18.30
10.06
2.05
4.60
3.71
13.72
7.66
2.12
9.20
2.46
2.45
2.63
2.02
1.98
10.63
3.47
1.63
3.04
2.51
2.03
9.68
4.99
2.15
3.58
2.41
6.60
15.33
7.24
6.52
6.61
4.59
5.48
3.59
16.68
4.08
2.60
7.60
6.61
6.59
2.48
3.13
3.65
3.87
17.24
11.31
8.63
4.48
26.05
3.48
11.06
8.69
5.67
6.13
3.49
3.55
3.51
2.56
2.57
13.76
2.42
7.22
19.28
1.98
6.70
3.48
6.50
8.13
4.65
5.63
13.66
6.14
2.64
5.03
24.48
6.68
12.04
2.99
3.68
1.87
17.69
9.67
2.18
6.67
10.29
3.90
11.10
4.25
11.72
7.57
8.14
6.71
10.10
9.03
14.08
2.15
6.33
4.54
2.43
18.91
3.97
3.46
5.94
6.72
8.12
6.73
8.09
2.48
2.04
22.49
4.08
7.65
10.14
2.06
13.73
10.76
4.67
10.16
11.77
8.06
4.92
8.14
3.51
7.63
3.10
3.61
3.66
12.06
2.30
2.75
3.48
1.98
10.32
4.67
25.95
12.59
4.22
3.79
18.72
5.39
2.58
8.20
16.59
11.20
3.96
7.15
9.16
4.00
5.51
10.29
27.85
2.89
4.66
2.55
13.19
22.94
9.11
9.15
9.06
8.94
7.76
8.71
9.26
5.55
3.22
12.99
18.24
5.18
4.53
4.32
3.31
7.26
18.15
2.67
32.44
9.73
5.64
2.89
11.57
7.57
3.59
5.02
7.71
5.63
10.28
4.95
3.53
15.27
3.63
27.61
3.99
12.05
6.78
18.71
5.66
24.82
10.06
3.12
10.51
9.17
3.12
5.60
12.18
6.11
6.59
12.08
6.10
3.98
1.63
11.81
5.56
19.91
11.70
21.27
8.56
2.44
3.63
3.13
3.21
3.51
4.07
4.17
2.53
12.36
3.94
18.64
12.69
5.03
8.16
7.21
10.72
6.16
8.21
2.25
12.56
2.21
14.14
3.57
2.08
3.97
2.53
18.83
3.66
17.24
3.12
4.02
6.24
2.74
4.37
8.01
4.34
2.26
5.23
3.99
6.44
9.08
2.53
8.72
9.34
7.64
11.00
24.97
2.55
2.60
19.26
16.81
4.95
7.19
6.12
3.94
9.62
3.65
6.54
12.35
4.67
2.97
4.43
14.27
2.62
1.90
9.11
5.14
5.54
9.66
7.74
7.64
2.40
1.98
2.03
3.73
17.79
3.50
2.50
5.14
11.99
10.72
4.15
3.60
8.68
3.01
8.61
8.29
5.20
15.80
4.49
3.93
2.44
2.58
3.04
8.17
5.12
9.16
4.43
5.21
6.24
1.99
6.66
2.41
16.21
2.04
8.67
9.81
17.34
6.13
7.14
3.56
12.06
2.00
4.21
13.15
2.88
3.20
1.88
8.10
15.89
4.02
12.88
10.25
2.98
10.61
3.10
7.71
10.56
2.87
9.65
17.33
15.82
12.31
1.99
2.96
7.50
9.78
18.31
15.84
10.82
4.58
8.23
3.46
4.53
8.59
6.01
2.51
13.31
2.58
3.04
6.55
5.62
4.17
2.99
2.44
14.74
2.04
4.56
28.01
15.26
5.02
12.26
15.12
11.35
5.65
5.12
2.43
3.72
9.57
7.62
5.46
3.52
4.62
7.06
15.78
10.11
3.10
18.75
7.87
11.09
9.69
8.08
2.54
4.54
8.09
2.07
5.31
12.73
2.79
15.30
8.81
7.21
6.51
6.89
2.10
12.74
5.12
3.61
11.36
9.65
17.72
16.18
9.15
5.64
4.44
5.11
5.54
5.47
9.24
7.05
5.76
18.25
13.81
1.98
2.96
2.55
3.56
5.71
12.14
5.57
3.58
6.03
21.87
6.05
2.94
9.80
12.24
5.46
20.23
5.61
4.22
6.53
22.04
2.99
5.09
23.06
3.44
11.22
2.55
10.67
5.10
29.32
2.96
13.22
4.14
11.11
3.06
5.99
2.00
3.98
12.75
6.21
8.15
4.06
19.90
15.07
5.03
13.71
7.70
15.35
6.53
4.12
3.05
3.04
4.70
21.97
12.08
2.61
13.18
8.02
11.67
2.45
2.03
41.99
5.76
10.80
7.63
7.49
6.61
2.99
6.08
25.49
8.70
12.30
1.85
2.02
7.74
15.12
6.19
1.90
13.20
25.43
8.24
3.05
5.65
5.02
4.51
2.16
18.88
6.62
5.43
6.65
11.57
3.70
5.57
17.38
21.41
14.16
7.12
15.22
4.97
5.01
2.11
2.00
3.59
14.32
3.57
4.10
2.03
4.51
6.96
9.16
4.64
3.02
7.48
4.04
15.25
5.71
11.30
4.99
11.83
8.11
7.63
8.98
10.12
2.60
3.07
14.70
9.11
21.80
11.11
4.66
6.77
4.45
5.44
8.63
10.30
6.60
36.65
7.08
4.46
10.05
3.68
4.54
9.27
13.73
6.07
6.56
7.18
6.58
3.07
11.79
2.55
7.12
13.60
3.05
3.51
2.52
13.61
2.11
3.77
6.00
7.02
3.12
6.24
6.08
8.18
8.07
39.65
15.70
4.87
8.22
8.32
19.01
4.21
2.88
11.11
23.79
17.73
26.34
8.56
4.16
16.90
5.10
20.21
2.22
5.63
21.82
2.50
5.12
5.09
3.62
3.57
11.65
3.58
4.18
3.41
6.09
3.61
18.56
7.57
5.05
8.78
2.01
23.46
4.01
8.69
4.63
9.59
5.47
7.62
3.18
5.95
20.30
6.53
3.70
11.22
2.41
33.75
4.09
13.31
20.22
19.40
4.64
7.09
14.66
11.23
30.96
8.09
2.10
1.92
15.67
3.06
3.07
1.96
7.51
3.12
22.83
2.01
6.63
7.23
10.86
8.99
12.52
6.04
9.17
21.16
1.68
2.59
5.57
6.64
8.16
25.57
19.19
3.64
14.65
9.24
16.81
9.28
7.18
2.82
15.28
2.95
34.54
1.60
3.09
3.66
8.59
2.13
2.83
16.23
15.28
8.13
24.32
2.61
2.03
5.53
22.81
1.56
8.59
13.87
3.03
12.81
12.26
10.17
5.68
2.96
3.92
5.75
3.48
8.70
1.97
5.55
26.83
9.19
7.58
6.67
15.21
3.93
29.48
26.84
3.70
3.17
1.95
2.00
18.84
5.27
10.00
2.62
9.67
6.98
2.07
2.54
7.18
4.05
6.00
14.74
3.15
38.39
6.57
9.96
26.02
6.69
3.12
12.17
7.18
3.61
9.15
2.09
3.09
2.69
12.05
4.63
3.57
14.01
3.08
21.36
5.55
6.59
13.14
11.43
11.73
9.04
9.16
3.48
18.89
2.08
6.25
15.73
1.88
7.65
2.41
3.49
10.24
15.85
11.15
1.90
21.35
11.56
8.70
8.63
4.11
4.11
8.03
16.38
2.35
2.50
2.41
1.91
10.06
2.08
3.49
11.82
3.57
12.18
6.28
13.68
3.90
5.65
9.00
4.04
3.04
7.67
13.20
37.13
10.79
7.60
14.77
10.69
5.62
24.93
9.48
1.98
2.38
2.53
4.20
4.10
8.00
6.10
7.66
3.12
21.46
4.06
5.54
3.06
18.83
9.09
15.34
13.72
15.82
9.60
3.48
16.29
5.01
2.19
3.05
14.76
2.00
19.18
4.07
8.05
24.87
3.69
12.17
5.01
7.09
6.08
18.27
2.59
3.62
2.12
2.99
5.01
7.11
3.16
8.59
10.12
2.03
4.06
11.23
2.43
6.71
11.76
7.57
11.18
8.17
26.32
5.59
24.95
5.80
3.25
9.64
5.16
12.35
3.59
10.53
10.17
3.67
17.06
12.30
7.15
10.08
5.04
18.76
13.97
2.00
21.08
17.68
9.10
4.39
7.05
8.16
4.17
3.53
10.67
3.01
7.11
11.77
6.17
11.49
3.47
2.04
2.56
5.77
2.10
8.18
8.64
5.64
9.63
4.05
6.90
7.16
3.76
23.33
21.92
11.10
4.57
15.33
5.03
7.49
2.65
12.73
7.67
4.23
8.08
2.03
9.12
7.09
11.70
9.64
1.90
33.02
15.09
2.65
2.49
8.75
8.67
8.59
11.24
3.20
3.94
13.78
3.02
13.25
10.40
9.21
2.91
11.09
1.73
3.50
2.11
4.00
24.79
3.13
31.99
4.60
11.63
2.53
10.71
5.14
2.91
2.55
3.61
18.80
10.71
17.69
5.03
2.13
3.61
14.19
13.71
17.21
9.71
1.75
5.72
6.18
11.52
7.52
3.59
5.13
20.75
7.10
10.53
25.82
8.51
8.68
2.09
4.02
5.67
2.53
10.08
2.10
3.42
6.60
4.62
4.07
6.13
5.64
1.97
10.64
7.60
35.52
21.29
5.63
4.65
3.51
7.14
17.90
11.19
2.41
2.13
2.14
4.05
2.00
2.02
5.94
4.51
8.63
4.66
2.00
9.76
5.68
5.55
2.11
9.48
3.03
10.25
17.69
4.17
5.09
3.59
10.04
12.66
5.63
3.34
10.30
5.18
7.61
23.96
3.44
19.26
3.40
5.11
7.48
9.82
22.81
2.51
2.45
5.66
3.68
11.31
3.11
13.22
15.76
5.79
2.53
10.98
2.40
8.10
5.60
4.04
4.48
3.57
15.47
7.18
8.11
4.45
5.60
8.86
9.15
2.98
6.61
9.14
5.98
3.42
6.70
15.80
6.02
12.36
5.72
3.65
8.57
8.06
2.04
9.66
4.56
7.57
4.13
5.55
7.59
4.54
9.10
2.65
3.04
7.01
2.02
13.79
6.14
6.15
16.63
6.21
4.06
6.57
2.59
3.44
7.02
2.02
14.25
6.64
6.21
5.95
9.66
5.49
5.12
28.52
12.26
10.71
2.43
9.20
4.45
2.07
3.72
4.07
9.68
11.59
9.20
4.70
1.98
17.16
2.65
12.97
22.79
10.74
11.12
31.04
3.27
19.26
3.62
2.33
14.16
22.28
9.65
4.70
2.38
2.56
3.19
3.66
2.56
24.39
4.88
4.65
10.16
10.16
5.54
4.54
9.09
13.21
17.15
1.52
3.28
19.87
12.90
4.16
3.37
14.36
14.71
1.86
3.45
21.94
22.94
21.94
12.08
4.08
9.09
12.60
17.79
11.32
13.77
3.96
4.40
4.06
6.09
5.58
20.39
17.72
19.41
2.65
12.67
4.10
8.26
3.98
16.76
5.02
1.98
22.83
7.65
25.49
12.69
7.60
3.66
10.06
5.17
6.20
7.14
2.53
3.36
14.70
13.59
13.51
30.79
15.39
3.47
23.99
6.11
13.18
10.17
4.00
3.03
6.50
6.63
2.17
13.43
9.59
4.51
12.70
7.61
6.56
2.56
4.00
39.24
1.91
6.05
2.08
15.95
4.53
8.27
8.03
1.72
2.02
1.92
9.67
10.61
7.14
3.50
17.32
8.72
4.42
23.96
4.73
8.21
5.23
3.67
4.42
1.98
2.04
6.57
1.91
4.60
1.64
4.42
3.04
7.06
2.23
19.23
8.10
1.58
6.66
27.57
3.41
14.13
8.01
5.16
6.07
3.10
2.43
10.67
1.95
5.16
11.17
16.83
28.04
3.48
7.04
6.05
2.47
4.23
4.22
2.42
4.06
8.69
4.08
16.27
3.04
15.25
2.01
5.54
8.69
2.07
32.57
6.16
11.18
16.19
14.13
22.77
6.08
2.13
2.98
7.68
3.93
3.16
2.68
2.51
7.61
4.90
1.96
2.69
7.73
8.59
10.61
15.88
4.59
3.58
4.11
3.53
4.53
4.18
3.54
17.15
7.10
16.76
4.20
5.53
7.20
13.24
2.92
2.13
6.66
2.03
6.63
27.39
17.23
2.41
9.05
2.56
2.56
2.71
3.42
16.77
2.59
10.12
6.15
4.68
5.03
6.20
1.88
12.70
7.25
4.53
23.31
2.07
4.56
16.21
4.30
1.74
24.35
1.60
2.52
13.82
3.16
2.39
1.98
3.95
7.12
2.08
5.15
6.59
11.73
6.08
4.59
15.79
8.05
2.62
3.03
7.57
2.70
2.44
6.56
8.56
2.59
7.63
12.12
2.91
8.13
5.61
6.22
3.66
4.48
14.69
6.23
10.05
8.70
3.04
13.26
3.15
20.03
5.52
4.05
8.55
2.00
6.04
4.08
9.61
4.68
2.39
6.70
2.64
4.44
2.03
7.05
5.12
3.54
26.60
5.44
7.59
9.54
9.22
4.59
3.64
1.95
7.07
15.26
5.58
5.62
3.12
3.04
5.48
13.80
6.11
7.54
28.01
3.90
8.62
4.61
6.72
9.66
16.77
14.75
5.07
2.54
18.79
10.18
4.01
5.70
3.55
5.17
7.06
6.58
10.17
21.20
18.78
11.25
14.16
21.32
5.75
15.71
7.63
3.53
3.09
1.92
9.04
14.85
8.14
2.13
2.51
21.30
9.05
3.59
6.52
13.76
6.16
2.50
4.48
23.92
15.10
5.73
7.22
6.48
17.32
14.73
1.97
5.74
3.53
3.58
5.65
6.12
2.95
15.67
7.62
19.20
16.81
10.67
11.76
6.65
4.10
15.90
14.37
7.15
5.51
6.90
3.68
8.22
5.48
20.73
2.56
4.07
5.14
4.00
19.26
17.18
8.59
5.60
3.68
3.04
4.43
15.44
27.48
2.01
10.24
32.85
1.60
16.24
10.09
2.96
12.71
18.19
14.20
8.83
18.31
7.02
16.58
25.86
1.76
4.78
2.01
9.65
6.00
4.69
4.58
11.02
2.03
3.14
10.06
3.91
5.73
11.22
6.64
7.68
8.67
8.07
2.38
5.41
2.51
4.37
2.80
2.02
7.66
2.62
14.17
7.67
5.25
1.95
5.57
4.07
3.51
7.09
23.90
3.56
3.02
2.06
5.10
2.00
4.66
10.29
2.51
3.01
7.64
3.96
4.96
6.97
10.25
4.29
3.93
10.81
10.74
8.01
27.73
4.42
12.25
10.75
12.14
51.81
9.63
4.62
4.05
28.11
9.03
8.75
41.68
3.41
11.12
12.22
5.12
37.58
6.48
2.20
4.84
2.66
9.35
24.48
4.94
17.79
15.80
12.82
3.95
5.48
10.06
12.72
15.33
6.69
4.53
2.55
23.85
4.32
16.27
7.53
3.03
6.03
2.19
5.42
6.50
41.55
6.19
10.19
27.51
5.01
6.55
3.08
13.65
2.06
2.84
9.27
7.28
4.54
2.09
10.83
2.10
11.62
7.49
9.10
2.63
3.46
2.84
1.72
5.68
3.96
11.67
2.61
3.12
6.05
5.51
7.54
6.15
20.38
8.14
11.75
18.38
2.13
12.03
19.40
10.99
9.16
2.43
7.50
11.74
2.24
14.32
5.49
6.42
2.26
3.15
4.92
5.09
18.30
2.06
22.44
37.12
48.23
4.52
6.60
18.15
9.61
6.12
2.59
16.82
5.97
10.18
6.05
6.09
6.59
2.02
3.60
2.16
3.57
19.37
8.06
3.39
13.86
16.78
1.98
4.88
6.93
6.12
3.67
15.59
11.95
4.85
4.93
8.84
11.85
7.03
15.18
4.10
2.62
4.45
14.31
4.95
7.60
4.04
6.95
4.60
16.78
4.59
6.25
9.63
12.79
3.94
6.29
4.16
3.01
5.52
7.09
14.82
3.55
10.72
3.02
2.40
2.55
12.16
3.00
9.19
4.54
16.25
2.60
6.81
16.20
5.45
6.93
5.21
4.05
2.47
3.36
4.06
2.12
4.67
1.97
7.64
11.62
8.15
25.48
5.52
8.76
3.34
5.65
4.53
5.56
8.14
5.15
4.64
26.64
7.07
1.99
4.74
7.50
27.49
4.06
11.13
4.18
3.61
4.94
20.88
8.55
19.26
13.77
4.06
4.13
3.66
6.13
3.53
15.23
3.58
15.22
2.03
4.57
8.16
2.49
5.95
16.77
5.07
11.76
6.20
5.62
18.47
2.50
5.10
2.54
4.48
3.56
4.45
5.62
2.05
10.58
7.70
3.66
11.18
1.81
7.84
9.55
5.25
9.95
15.35
6.23
4.60
5.39
14.36
10.07
9.33
3.53
2.54
12.30
4.61
20.17
2.21
11.70
8.01
14.17
5.00
7.98
5.64
10.35
10.08
14.80
1.97
8.65
6.67
1.89
8.17
7.51
2.61
8.10
6.74
5.98
23.38
17.85
6.75
5.17
2.03
4.02
12.10
18.29
5.15
17.89
4.87
1.67
2.02
15.70
26.45
9.06
4.09
8.05
7.55
1.68
8.26
4.99
3.04
3.17
1.95
13.21
7.60
10.26
3.68
3.49
3.97
20.32
2.58
3.53
8.61
4.54
4.58
19.34
22.37
19.87
8.06
11.10
5.93
2.73
7.73
10.71
7.53
3.05
2.88
17.74
7.19
4.69
2.02
6.13
7.10
4.56
10.27
2.61
4.06
2.02
7.95
9.12
13.26
12.30
6.62
3.00
9.10
2.00
22.31
3.63
5.73
7.68
4.50
2.52
6.01
3.03
8.00
7.70
13.77
7.07
13.34
6.11
9.69
2.03
4.44
4.41
3.22
3.04
9.34
23.84
4.99
12.77
2.51
5.66
10.01
19.97
4.55
2.98
18.66
6.18
5.61
10.72
5.12
3.06
1.95
1.94
13.29
2.74
2.99
4.02
13.75
13.36
1.88
16.14
5.08
22.30
12.74
3.35
7.75
3.88
8.88
8.24
6.57
24.42
4.26
7.12
20.96
3.10
9.42
2.99
1.60
10.43
7.14
8.53
3.17
8.22
5.73
5.64
11.76
20.11
10.96
5.92
2.58
5.71
7.21
2.54
7.52
7.77
14.57
7.07
3.04
2.18
5.23
14.84
20.35
25.85
2.02
3.02
1.94
3.39
6.12
3.14
1.99
1.92
6.14
16.35
10.08
7.62
12.21
9.60
3.96
1.98
15.26
9.88
11.75
3.12
6.62
2.62
1.91
4.56
2.54
30.52
4.15
18.23
3.49
8.18
22.72
2.01
19.31
10.85
10.24
6.15
6.50
6.58
2.96
3.49
4.54
5.72
4.26
5.95
5.13
15.32
10.99
7.62
9.48
7.69
5.11
4.53
25.98
4.60
3.87
3.19
15.32
6.05
33.21
4.52
6.11
6.57
10.14
3.15
4.59
9.04
3.02
2.19
2.07
3.69
2.96
6.51
5.54
8.26
5.13
5.66
14.23
26.09
9.60
10.85
12.22
7.61
6.11
6.03
3.61
3.15
7.62
10.69
27.87
20.79
3.09
1.90
3.06
8.12
2.16
16.83
14.21
9.17
19.78
2.91
10.10
2.63
9.53
6.54
8.20
1.92
7.68
8.17
2.06
4.03
4.64
7.71
3.66
22.93
11.06
4.03
14.20
4.18
3.90
10.75
5.59
5.59
13.58
2.67
7.65
5.06
16.21
12.22
4.08
1.98
14.22
4.63
4.61
13.79
9.55
23.01
14.39
6.93
6.18
26.97
16.75
3.94
4.64
15.84
5.01
12.30
3.00
11.11
4.66
6.67
7.18
3.72
4.91
2.21
29.50
13.55
7.07
7.15
2.56
4.43
7.02
2.67
10.59
31.96
14.27
4.52
8.64
34.02
4.15
3.51
5.08
7.61
8.10
14.19
4.64
2.06
2.39
6.09
6.75
7.01
14.39
2.11
2.54
11.34
10.58
2.42
9.70
13.73
15.39
7.66
6.58
2.48
27.92
5.63
3.18
1.97
13.78
9.58
5.05
28.44
4.56
11.27
4.53
5.09
6.47
10.07
4.62
6.67
6.17
3.55
9.04
10.61
12.80
1.86
3.16
2.39
6.32
17.32
6.24
3.49
4.64
1.99
9.58
1.87
3.98
4.16
2.68
2.43
13.14
6.05
2.56
2.76
11.76
13.58
18.29
6.19
6.09
9.56
16.41
5.63
2.43
13.29
5.44
4.12
6.73
2.94
2.49
4.06
4.08
14.33
2.45
1.84
3.09
17.85
6.28
6.13
10.66
9.55
5.10
5.58
4.96
16.35
5.08
5.65
6.23
7.03
9.01
7.75
1.95
31.54
4.23
3.31
14.66
2.83
7.73
10.53
4.07
14.10
4.59
12.09
3.14
3.49
10.79
7.07
1.63
2.46
5.07
14.24
10.67
2.06
3.04
10.24
3.14
20.24
5.46
6.05
7.70
3.60
11.66
10.26
11.77
3.35
5.52
13.33
4.59
10.27
5.03
5.57
8.09
7.15
6.13
3.20
6.56
3.14
7.93
13.17
5.12
4.90
15.32
6.09
11.74
5.38
23.47
2.94
7.64
10.18
3.04
2.58
5.69
3.18
4.51
14.15
8.03
13.74
5.21
3.70
4.58
6.71
8.61
1.96
9.67
11.03
13.58
2.56
4.95
11.23
3.29
9.36
9.26
9.12
15.11
10.17
18.26
2.51
21.83
6.66
8.60
2.90
3.22
8.70
1.83
4.68
6.16
6.07
12.15
4.05
1.48
3.63
11.21
4.08
11.06
4.14
19.98
16.70
8.61
7.70
3.55
17.30
3.54
1.97
2.52
12.79
2.61
2.88
8.77
5.62
5.15
1.98
4.96
4.55
7.14
8.70
5.07
3.54
8.05
17.34
4.65
2.94
9.07
8.09
2.56
11.80
20.84
13.12
14.60
6.74
4.69
2.37
4.07
3.13
7.81
4.68
4.98
6.71
8.56
8.06
10.70
3.52
4.15
3.07
6.58
12.60
9.65
4.48
25.45
3.60
11.40
3.33
6.57
2.27
3.80
4.38
14.76
2.97
12.23
5.39
3.61
6.59
13.29
1.95
14.80
3.67
1.95
13.58
7.57
6.77
3.33
16.58
11.73
10.61
4.53
10.56
4.60
11.33
14.29
4.60
2.05
10.03
11.03
6.63
4.51
8.67
4.52
5.01
8.75
9.83
6.13
2.03
4.18
1.96
11.05
3.63
4.25
2.05
2.49
21.91
5.06
5.07
2.49
14.73
13.22
14.80
6.96
2.70
2.08
11.13
7.69
2.03
7.57
5.04
5.03
21.20
2.59
8.75
9.40
5.13
13.04
5.18
4.57
2.12
15.12
3.90
21.73
5.19
8.31
12.82
7.55
2.43
2.48
7.17
6.55
7.16
21.05
2.30
16.17
4.85
9.65
4.75
3.64
1.93
12.91
7.65
11.10
3.69
7.66
1.78
2.64
8.72
21.74
5.49
3.04
2.03
20.26
3.04
2.64
8.13
12.96
11.66
6.59
20.75
13.81
25.81
10.75
8.20
4.06
8.10
11.66
10.06
4.13
37.76
14.83
5.75
3.32
10.63
19.35
4.08
4.57
4.10
1.96
11.67
2.08
8.20
4.52
24.44
4.00
5.04
1.52
2.51
5.16
2.45
6.67
3.54
16.63
8.30
4.39
4.77
14.30
16.73
5.16
7.14
2.50
2.07
15.83
4.95
12.79
5.67
3.94
6.18
5.14
16.14
6.14
9.64
12.08
6.12
6.61
3.51
14.80
5.64
2.53
4.63
5.62
5.13
3.58
1.93
14.67
5.05
7.15
20.80
15.20
12.80
3.46
19.41
17.96
4.00
15.32
3.16
10.55
2.02
8.06
3.51
19.73
21.79
2.91
14.16
3.84
7.19
5.34
11.65
8.40
10.72
4.95
2.05
7.04
2.06
5.58
1.52
2.16
27.40
3.97
13.17
3.17
7.60
6.54
2.56
3.83
12.56
2.68
11.27
2.95
4.96
1.98
14.00
2.68
5.30
10.29
10.19
12.11
14.07
17.18
5.58
4.17
7.56
11.71
28.45
6.62
5.13
8.60
6.51
2.93
4.26
8.15
4.46
9.77
3.47
2.45
7.09
3.73
17.83
28.65
4.48
2.06
31.07
14.59
2.08
11.11
10.08
2.56
2.07
4.58
7.14
6.19
4.48
4.00
19.82
8.21
6.64
8.03
4.09
5.11
2.96
3.82
3.24
2.46
14.77
10.02
8.03
3.48
2.03
5.13
10.79
8.15
3.36
7.24
9.34
5.47
36.56
8.04
4.20
8.64
1.95
9.79
5.22
12.16
2.34
12.43
1.83
21.89
6.26
3.02
2.44
2.91
2.61
5.57
39.24
12.26
4.67
2.40
2.56
2.14
8.54
4.64
13.00
5.46
2.16
22.90
1.95
7.11
6.73
16.30
5.08
10.59
5.11
3.99
4.08
14.72
8.61
4.73
9.12
3.96
16.81
3.06
5.03
6.84
9.07
14.30
3.55
6.64
5.19
14.38
12.21
4.15
9.63
7.17
2.36
4.10
5.65
20.74
22.90
6.11
7.50
5.54
11.26
1.92
5.57
10.83
7.65
8.62
8.54
12.29
14.80
7.57
5.17
8.47
16.19
2.03
3.13
16.75
3.22
4.43
27.41
1.43
13.32
2.14
5.68
8.16
4.20
8.64
1.92
7.14
3.09
10.56
5.05
10.11
21.97
8.69
1.97
23.41
18.69
8.05
7.21
23.46
14.78
8.56
14.69
9.50
6.16
13.85
3.57
3.57
4.13
6.51
8.61
6.62
2.04
2.52
5.05
6.10
43.77
5.03
5.58
3.21
8.12
10.05
11.11
2.55
33.07
4.51
3.49
12.29
13.34
2.98
4.93
2.14
9.79
6.13
7.09
2.56
20.75
14.19
4.10
11.65
3.78
14.16
3.38
2.62
3.06
18.27
2.45
5.99
9.20
9.79
13.31
7.49
2.63
13.66
3.71
3.00
3.17
6.48
5.06
2.72
4.06
11.54
7.46
10.13
8.21
9.25
4.64
14.80
11.13
5.10
7.48
17.74
1.54
7.19
8.14
9.17
6.03
4.08
2.50
3.55
2.47
10.74
3.04
6.21
10.17
2.54
1.96
6.60
7.20
2.45
10.60
12.79
11.38
8.69
4.47
3.18
3.55
9.05
1.89
5.01
3.18
10.14
4.67
13.33
16.29
7.58
10.06
4.45
7.54
4.59
2.45
8.82
5.65
2.43
6.16
8.12
2.05
10.05
2.47
2.26
15.76
2.55
9.47
3.18
17.88
9.31
2.52
3.98
15.73
6.12
11.56
3.14
9.67
16.73
10.25
15.36
3.46
1.95
3.09
13.70
12.65
4.65
12.24
3.62
15.23
5.55
5.75
21.84
8.16
5.60
2.50
4.53
11.61
4.64
8.59
8.67
2.37
4.58
1.87
7.21
15.87
5.97
4.05
4.19
5.23
26.29
2.32
2.02
4.15
6.73
5.07
1.98
3.20
15.21
5.66
12.70
12.20
21.86
3.04
4.16
3.53
3.60
29.38
1.95
15.16
4.00
5.20
14.47
26.47
9.66
11.56
2.02
6.60
10.72
2.45
20.22
17.93
12.24
2.61
14.11
2.72
5.72
9.56
1.87
4.07
4.65
4.54
11.59
7.18
4.69
4.02
11.09
7.63
4.13
6.74
4.04
4.03
7.06
10.53
3.67
3.50
19.73
5.04
5.26
7.48
11.22
11.88
9.60
6.59
22.19
8.59
2.03
3.65
2.56
11.71
26.42
2.01
25.95
2.21
2.97
3.52
4.68
9.54
6.51
1.92
1.72
7.10
32.03
3.70
10.56
2.08
2.50
12.06
15.76
3.17
4.10
6.58
4.00
7.09
21.97
1.82
7.28
5.66
3.46
1.72
23.65
9.52
2.33
3.50
1.92
3.06
4.72
14.01
7.72
11.81
4.00
16.29
4.06
25.43
4.48
3.14
5.58
6.74
1.98
2.55
4.54
2.59
2.42
16.32
3.11
14.30
18.32
9.30
3.49
2.84
8.54
5.69
12.30
7.19
22.86
4.61
2.42
2.09
16.13
3.09
2.03
2.12
12.37
41.02
12.08
7.59
6.03
16.52
1.61
4.68
7.02
3.02
6.57
3.14
10.25
7.07
14.31
6.22
9.51
12.17
3.05
3.43
8.68
7.21
2.71
41.08
16.31
10.52
4.95
6.61
7.30
13.41
12.69
10.60
2.02
5.64
9.50
27.92
4.90
2.67
4.04
2.08
10.30
7.15
2.45
4.64
8.17
2.90
19.28
5.99
4.17
20.82
16.32
1.89
3.60
2.75
27.50
8.59
11.21
10.96
3.56
4.00
5.03
3.07
3.39
8.19
11.71
2.58
3.56
10.12
15.62
10.12
6.75
15.30
3.19
3.38
5.54
10.34
6.69
4.98
12.18
5.75
2.98
2.51
14.26
3.97
9.28
4.27
2.56
16.69
7.59
8.63
2.76
2.57
4.34
3.19
2.41
20.38
4.55
13.74
8.73
15.29
6.20
2.04
3.43
14.56
5.10
7.55
8.79
13.22
3.53
3.04
6.49
3.62
3.50
4.11
15.75
19.75
4.57
4.19
5.49
21.28
3.79
2.12
18.23
2.10
10.02
10.04
6.70
5.78
11.91
9.56
33.02
7.71
2.29
8.13
3.32
14.76
5.70
7.17
6.01
3.43
1.61
3.55
7.14
4.72
2.55
4.06
4.49
2.68
11.74
6.57
11.66
7.57
14.14
21.86
5.57
4.68
19.26
3.05
9.02
3.54
7.60
4.58
2.99
4.72
11.58
11.84
9.54
7.13
12.38
6.11
11.79
10.65
2.37
3.91
3.86
8.11
11.74
13.32
2.58
15.25
6.07
15.30
6.22
5.16
9.61
6.02
8.31
6.09
5.03
19.13
6.61
5.16
8.59
6.01
13.21
13.81
4.07
17.37
4.55
2.64
4.20
18.24
22.77
19.11
5.52
2.54
7.09
9.70
5.50
9.69
19.35
43.12
2.57
3.04
2.94
3.15
4.12
3.51
8.07
16.25
27.90
12.77
4.61
3.47
6.60
13.76
15.42
8.12
10.68
3.82
5.60
10.49
3.58
2.54
9.44
6.18
4.08
5.57
3.96
2.64
3.12
7.10
2.34
4.60
4.26
10.65
11.51
2.66
16.24
11.05
35.91
5.19
8.68
9.09
6.57
8.16
12.24
8.72
12.89
2.99
10.03
2.51
5.20
2.62
9.80
11.74
14.22
2.19
2.45
2.00
21.68
7.15
18.20
5.50
2.04
4.12
12.27
7.21
8.05
3.17
3.46
22.77
17.68
7.12
2.71
17.41
5.93
8.57
20.40
5.09
6.66
3.06
14.31
8.59
7.69
4.38
4.70
11.60
5.10
5.08
23.82
8.71
9.65
15.76
2.75
2.47
8.00
4.04
10.57
3.67
11.22
5.73
10.25
10.61
15.11
2.16
2.52
9.52
30.96
8.59
19.46
4.61
4.52
7.58
3.20
13.12
6.53
4.12
33.79
2.84
6.16
5.99
2.42
2.08
2.12
6.07
12.41
6.12
4.96
1.87
14.66
2.49
3.09
9.81
10.22
3.16
3.51
3.37
12.65
2.24
4.47
10.17
10.74
6.52
1.60
8.68
4.11
3.05
13.65
9.03
12.05
3.54
10.57
11.23
8.60
2.53
8.13
15.19
5.63
8.17
12.32
14.21
6.61
6.47
3.82
9.43
2.19
4.60
19.40
4.67
8.62
2.53
25.16
9.82
9.14
2.93
9.27
6.10
4.93
2.99
5.99
3.08
2.52
2.01
8.14
24.53
17.91
15.84
4.51
3.47
9.04
10.80
9.77
3.45
10.00
1.59
21.81
20.84
24.86
4.56
5.67
6.11
3.44
5.01
11.19
6.70
6.15
11.67
3.05
7.13
20.33
3.42
4.26
13.59
9.10
5.17
1.87
8.99
1.59
12.27
4.93
10.80
15.34
5.62
14.13
14.25
29.03
6.08
2.56
7.33
24.34
4.03
3.09
5.16
11.19
5.57
6.03
3.43
5.66
4.70
17.75
2.52
4.46
8.03
4.21
2.00
5.61
6.04
4.06
7.64
3.53
4.50
8.62
9.17
2.61
15.14
14.67
17.17
1.62
5.54
14.35
8.11
9.23
13.30
4.09
5.65
5.15
7.19
5.01
2.99
9.14
18.09
4.56
5.05
2.14
4.47
11.26
3.04
12.71
4.53
2.53
2.08
12.21
9.12
5.55
23.41
7.63
4.11
2.03
5.42
4.09
2.12
2.99
10.17
17.74
10.21
8.59
15.32
2.62
1.89
14.14
5.27
1.89
5.58
6.67
27.56
3.04
20.37
3.55
9.63
12.81
2.48
16.89
3.41
5.06
5.14
1.98
8.10
5.62
10.72
5.11
12.80
7.53
9.03
12.23
4.67
4.52
6.67
7.11
4.20
15.79
8.13
2.48
2.89
4.00
8.51
3.27
9.06
7.69
2.03
12.03
21.88
4.24
2.87
8.09
11.75
4.19
7.69
4.51
1.89
3.49
3.69
5.69
4.06
7.18
6.15
2.08
19.95
2.98
15.21
6.01
1.94
2.02
4.62
5.02
9.63
4.64
6.01
14.88
2.06
3.45
2.69
8.60
10.22
53.71
2.10
4.09
7.13
4.99
28.72
1.99
4.16
2.12
18.87
7.78
3.92
4.97
2.13
11.24
14.23
20.98
15.08
3.03
9.15
9.62
3.50
6.63
28.61
5.13
15.33
2.96
8.12
9.02
3.11
16.34
7.68
23.46
17.01
6.00
3.84
6.41
2.13
3.61
3.97
12.40
8.08
2.42
2.96
2.45
2.03
10.26
6.14
12.21
21.21
11.68
31.46
13.47
7.28
3.42
3.58
4.01
3.99
6.66
3.19
17.33
9.14
9.47
3.60
7.63
4.10
18.21
6.67
3.62
2.09
3.86
11.04
4.96
5.18
4.98
8.69
2.94
14.38
11.83
2.48
10.56
2.70
5.58
18.28
5.16
5.58
4.05
2.57
5.17
17.05
8.10
10.68
13.18
3.60
7.14
8.52
9.64
3.16
23.33
4.00
3.65
3.47
1.98
17.39
1.61
3.01
2.63
4.56
25.51
7.18
2.36
4.84
10.15
7.30
3.25
3.98
26.45
13.59
9.70
4.60
4.17
9.66
16.03
8.00
3.25
2.59
12.75
8.68
13.14
8.64
7.58
13.60
2.06
4.12
4.57
6.60
4.09
13.23
5.49
8.68
13.65
5.17
11.02
4.01
4.14
2.54
4.08
22.26
6.64
6.32
7.11
3.48
6.57
5.54
5.53
4.10
10.05
4.02
24.12
5.10
2.53
6.29
4.56
13.74
4.02
2.67
2.55
4.60
2.99
2.97
7.63
10.22
8.05
5.60
19.73
3.22
4.72
3.95
15.77
13.69
10.66
7.50
12.72
8.29
3.63
6.07
7.04
4.36
8.18
3.17
3.05
8.07
26.41
4.57
15.84
3.62
4.40
6.11
2.04
5.62
3.42
26.53
24.42
1.97
4.09
7.00
2.52
7.72
3.16
4.53
14.04
5.15
2.68
17.17
40.80
4.18
1.93
4.44
8.38
3.17
1.69
3.62
2.04
4.50
9.17
7.62
6.57
7.56
2.49
7.70
20.97
6.48
10.63
9.52
4.53
10.29
2.04
4.01
15.32
4.14
11.77
5.20
14.60
4.96
29.84
5.05
9.37
2.59
3.04
4.69
3.99
3.83
6.68
17.71
2.18
5.72
15.17
3.16
2.48
9.01
11.18
10.64
4.11
7.50
8.06
33.47
23.97
20.24
2.05
3.03
22.29
5.04
5.17
7.66
10.11
4.65
12.13
2.62
5.25
7.56
21.86
9.07
3.91
5.62
13.81
11.78
3.54
12.60
5.52
19.21
3.58
10.78
12.77
2.45
21.85
3.63
1.90
8.50
4.55
4.22
5.64
5.03
19.74
4.14
3.12
2.02
3.99
4.61
7.62
9.58
13.71
10.12
11.71
5.57
16.98
3.65
9.12
4.02
5.71
2.88
5.06
1.63
15.11
4.70
2.90
9.56
15.36
16.95
12.31
2.04
2.57
14.10
5.91
5.91
3.09
2.16
3.74
4.96
5.50
2.22
5.03
10.17
11.76
2.94
19.90
10.16
9.71
4.63
4.59
1.94
7.57
14.14
2.48
1.53
4.04
6.53
2.03
4.57
2.13
2.48
6.08
13.81
6.03
3.01
6.52
33.60
7.62
17.38
2.00
8.17
5.57
2.22
1.98
2.42
3.63
4.63
6.05
5.08
9.21
3.49
2.13
5.53
9.12
19.74
3.21
4.57
2.51
8.10
10.15
3.00
5.15
6.18
1.83
7.16
41.56
10.11
5.07
8.10
8.96
2.14
4.64
1.98
4.49
3.02
1.71
7.06
5.10
8.08
2.45
22.91
4.51
9.70
15.69
17.78
11.26
5.69
4.62
17.36
25.42
28.56
12.04
3.15
3.50
18.11
4.16
2.13
3.50
25.27
4.06
3.50
10.06
2.50
1.97
3.23
5.73
6.54
16.71
6.17
13.18
1.94
2.51
4.13
16.17
2.62
2.05
12.20
8.76
2.92
2.94
8.05
13.20
3.76
3.51
7.09
5.57
7.77
10.68
3.12
4.05
8.56
28.03
3.37
24.51
3.65
5.12
19.26
16.21
2.98
3.87
17.26
10.80
10.23
1.84
25.83
6.67
10.67
7.55
14.72
14.79
7.15
9.17
5.06
15.75
17.81
5.13
16.79
6.58
16.25
1.90
2.59
23.97
13.68
2.13
8.66
6.20
11.16
1.83
2.12
16.85
13.75
11.55
14.90
26.07
2.91
6.31
9.57
9.53
13.65
6.00
5.04
9.68
5.63
9.62
11.88
2.11
5.53
2.49
1.93
11.54
3.63
12.76
4.55
3.05
11.20
3.16
2.82
5.20
28.00
8.77
3.12
1.92
11.58
13.97
3.74
1.84
8.70
12.34
7.20
4.00
1.97
5.20
3.44
8.69
3.63
18.75
4.57
10.72
4.67
6.04
7.69
7.91
3.07
5.45
3.10
2.47
14.72
9.28
4.10
2.97
3.11
6.59
2.55
3.02
12.01
2.74
2.66
19.88
3.40
5.00
8.50
2.43
9.27
3.71
12.26
13.78
13.71
3.01
13.73
4.62
4.03
6.50
13.66
3.03
2.82
15.06
4.81
5.82
3.37
13.64
5.40
8.22
3.01
6.27
4.08
6.99
6.64
4.45
10.29
8.67
2.53
3.72
17.19
2.11
6.89
9.01
4.85
13.59
16.88
7.62
2.11
14.05
10.63
4.54
7.15
4.53
5.62
10.58
2.66
10.80
3.39
10.72
15.82
3.01
4.37
4.00
33.12
5.17
7.69
4.04
8.65
4.54
8.64
6.70
3.06
8.03
12.16
5.05
20.57
3.12
5.90
10.77
4.75
10.70
4.89
4.94
2.06
8.13
5.20
11.27
10.59
3.15
11.18
8.19
11.66
7.14
2.05
5.53
2.66
8.55
11.73
1.53
4.96
2.04
2.44
9.62
4.11
11.82
8.03
6.66
8.12
9.26
8.13
18.75
12.56
11.20
3.58
3.63
8.82
8.50
4.53
11.17
1.97
9.23
2.08
5.48
11.56
1.59
2.54
2.06
2.61
5.61
9.70
25.53
3.39
5.49
2.13
16.71
10.18
11.71
4.56
13.68
9.23
5.20
18.92
3.02
5.52
3.97
4.95
9.57
3.83
10.21
2.37
6.68
9.41
1.92
6.51
2.47
4.94
1.92
8.72
4.05
10.79
2.45
3.12
13.26
2.04
5.57
7.19
12.29
2.02
2.57
10.13
3.47
6.61
4.45
3.58
3.20
4.98
6.56
9.74
11.70
15.70
3.04
11.76
8.63
5.53
23.82
8.13
37.07
9.35
6.05
6.38
9.78
4.23
2.42
3.36
2.51
1.48
10.43
4.04
4.09
2.48
3.31
20.11
16.21
3.95
9.24
6.63
2.46
35.24
6.08
8.43
5.23
1.98
5.58
30.40
6.15
24.88
2.68
15.29
11.89
11.64
5.90
6.61
19.26
3.13
5.68
15.12
1.52
2.03
4.58
10.11
2.13
8.12
3.44
3.16
7.18
18.80
8.97
2.58
3.55
6.47
8.09
19.99
13.34
1.91
6.16
9.60
2.48
5.32
29.66
6.28
4.59
6.92
10.53
2.12
7.71
6.49
20.74
2.46
3.66
8.22
3.01
11.82
3.45
3.52
6.11
8.13
14.35
13.32
4.39
1.52
7.17
7.18
13.04
12.03
10.74
5.97
3.44
3.84
10.78
6.09
3.44
9.64
16.84
5.68
9.82
3.65
6.37
8.59
8.66
8.64
14.11
3.03
6.46
22.97
1.68
8.72
1.97
5.13
2.53
5.61
12.08
2.42
4.59
19.94
1.96
11.23
17.33
4.59
3.05
5.78
2.51
6.49
2.92
4.35
2.12
3.09
3.79
2.50
4.64
12.84
14.18
2.61
5.73
12.39
1.66
25.35
5.56
1.87
13.52
4.05
5.21
4.61
10.63
10.08
1.97
4.76
18.78
14.36
10.44
9.55
10.18
2.04
5.62
4.10
4.86
7.79
2.75
21.04
6.37
7.09
2.58
7.57
4.72
3.39
5.08
7.70
7.08
4.56
8.68
4.09
7.57
10.67
13.21
2.02
2.63
4.14
7.77
4.98
10.70
6.59
14.69
6.38
2.81
4.44
26.35
15.45
6.08
11.33
8.99
2.97
6.67
5.12
11.55
2.69
2.05
1.93
13.10
13.73
7.09
2.07
9.54
5.60
10.10
3.79
10.70
9.28
2.57
4.95
18.77
7.22
3.64
28.74
5.99
12.18
8.78
9.72
5.54
13.64
4.67
5.12
14.54
10.59
10.07
10.14
3.17
8.72
1.95
8.65
3.46
6.70
2.16
2.03
2.89
5.02
22.49
2.09
5.60
2.02
2.45
4.37
9.60
8.67
6.08
15.27
2.01
4.72
7.20
15.28
9.13
6.58
5.14
7.59
23.71
16.36
6.85
5.12
8.79
1.93
2.07
16.62
3.01
16.60
2.01
2.48
3.17
22.84
3.61
10.07
3.63
20.98
2.49
16.13
7.14
17.25
5.12
20.93
1.98
9.77
11.25
7.48
15.31
4.96
7.07
7.84
6.27
5.44
8.49
9.10
3.38
9.58
8.16
2.65
6.17
4.47
23.09
4.64
2.05
4.56
6.02
15.55
11.80
18.38
3.26
5.23
4.23
13.43
3.52
6.09
3.04
4.38
12.62
4.13
7.78
2.51
1.87
9.23
14.78
7.16
2.48
2.91
20.78
4.59
4.73
1.99
6.06
11.09
3.58
19.04
3.03
4.06
2.01
4.62
6.14
11.73
5.69
4.59
12.80
7.52
3.90
2.05
3.55
6.62
17.27
9.08
8.74
12.87
14.72
9.04
4.16
2.51
17.59
17.89
10.64
2.68
5.05
12.07
7.19
14.64
1.94
5.07
3.65
6.08
17.39
17.81
15.30
8.27
2.47
4.05
7.32
7.55
2.54
17.20
35.60
7.51
5.50
14.73
4.70
5.11
9.33
13.72
8.05
2.51
18.32
10.01
6.66
2.51
2.08
7.50
1.92
3.10
6.68
4.47
18.34
3.70
3.69
4.69
5.55
5.54
29.54
4.16
34.53
18.16
26.90
7.56
4.58
2.71
7.69
4.01
20.63
3.16
25.89
3.01
7.57
30.06
16.27
10.12
5.17
5.16
4.94
10.80
11.18
12.81
2.67
2.53
10.05
13.51
4.01
30.69
19.98
10.44
3.96
1.69
7.01
28.50
13.32
5.70
4.48
10.69
5.12
7.71
2.03
21.73
4.64
10.09
1.86
1.58
7.07
6.06
12.51
2.58
4.15
12.72
2.76
5.00
3.58
4.20
2.50
6.57
6.79
12.28
2.71
1.92
5.63
1.92
8.84
10.53
3.39
4.82
5.14
3.71
6.57
7.13
2.38
9.69
7.16
11.59
7.17
8.20
28.52
9.10
17.07
3.51
4.48
4.62
5.23
3.54
5.15
2.02
3.07
2.52
4.71
10.69
20.23
9.15
5.11
2.46
3.67
3.10
5.50
10.29
2.49
2.48
4.99
2.55
6.21
5.52
2.53
2.03
3.97
8.04
32.02
9.25
6.63
17.31
3.00
15.66
8.54
14.89
13.22
1.79
7.60
29.62
20.94
14.32
3.96
11.47
10.73
2.07
14.13
5.71
8.11
2.27
6.53
3.54
7.61
8.06
40.70
3.53
31.60
22.97
7.27
5.10
5.91
8.73
5.60
3.47
4.55
15.39
2.68
19.20
9.73
13.65
18.18
8.59
9.57
5.74
5.21
4.73
1.90
4.23
9.12
1.97
11.74
2.47
8.98
10.14
2.21
4.29
7.15
8.56
10.59
6.02
7.00
22.02
13.61
2.87
4.60
3.66
8.83
2.64
3.02
4.00
5.55
8.61
4.97
2.60
11.15
7.10
17.93
11.09
1.73
9.21
2.98
1.92
13.61
5.02
4.18
10.78
2.56
10.14
4.70
3.92
10.71
2.12
16.34
8.25
2.02
4.58
2.37
8.12
3.71
2.00
2.00
7.51
13.13
10.15
7.12
18.41
20.40
1.94
2.53
2.34
6.19
7.60
11.87
6.13
1.90
10.19
7.52
2.07
3.65
8.16
6.09
6.67
7.62
3.94
4.06
6.61
14.20
13.04
8.14
2.17
3.54
18.25
2.16
3.43
7.11
9.78
5.70
5.90
14.38
3.57
15.39
3.44
4.16
4.93
2.32
5.15
9.54
20.99
9.07
6.28
1.58
8.15
2.63
18.11
5.57
7.51
6.18
19.06
10.22
3.40
8.58
29.46
10.13
2.48
2.90
4.16
5.07
12.25
10.71
9.06
7.13
9.50
2.87
9.23
4.73
3.55
6.22
19.99
9.18
14.20
6.64
2.50
7.58
17.24
12.10
22.79
6.68
10.07
32.53
1.68
6.63
23.33
15.28
3.07
8.04
15.66
2.16
8.66
2.68
4.64
9.30
2.98
4.09
6.52
14.19
4.05
5.10
2.50
15.23
20.25
5.07
2.03
25.81
4.03
20.89
1.91
6.75
3.96
17.83
9.76
5.08
6.56
4.76
2.82
12.80
16.88
5.56
1.96
18.47
11.22
22.00
13.61
4.13
3.03
13.79
4.75
6.37
28.94
2.50
17.69
15.26
4.03
13.29
8.22
5.44
14.31
5.22
2.53
3.07
17.35
13.65
6.02
13.07
10.16
4.08
19.90
7.21
5.39
12.62
3.65
5.16
9.75
17.72
18.17
2.01
12.76
2.44
8.82
2.82
23.81
15.34
2.49
10.26
11.36
5.17
12.78
9.52
2.59
6.03
22.76
6.04
17.81
11.19
4.01
7.09
2.07
4.13
6.19
5.63
17.77
7.12
15.09
12.10
2.73
2.57
8.77
5.59
12.68
1.59
16.16
4.15
13.71
2.00
5.61
3.96
12.62
2.59
17.13
4.47
12.08
1.62
8.74
2.16
6.15
2.43
13.17
2.11
6.22
1.95
12.91
7.15
2.16
4.05
9.11
10.75
5.07
6.09
3.59
15.30
23.11
4.99
6.19
3.40
4.54
3.51
2.51
7.06
1.58
3.65
4.03
6.15
7.68
4.97
6.63
6.77
4.98
7.59
7.78
11.56
4.08
33.20
9.09
22.42
2.11
4.53
2.96
9.05
9.16
3.37
2.14
8.74
2.54
6.08
5.62
11.14
4.00
2.13
2.41
3.06
17.71
43.21
6.14
4.17
2.02
1.90
4.00
17.79
16.94
8.09
4.07
18.92
8.31
8.65
11.74
4.56
7.45
13.09
9.26
3.80
3.57
1.93
3.84
10.06
12.38
1.91
7.68
16.75
4.58
3.70
15.77
10.17
30.48
16.21
3.40
3.06
9.85
12.29
27.93
7.71
4.88
21.31
6.59
16.61
2.45
2.13
2.58
4.08
8.64
3.63
9.59
2.99
3.52
8.76
5.08
1.97
2.51
7.59
19.94
20.77
4.69
2.91
10.05
2.09
2.12
1.99
15.13
2.51
5.59
4.64
8.67
8.79
1.88
2.09
4.51
3.43
4.56
6.35
5.25
28.93
16.14
9.08
18.62
3.65
8.16
6.66
2.51
6.17
2.60
7.06
7.05
3.61
11.04
3.65
3.53
9.84
7.12
12.75
2.96
17.72
11.17
4.36
4.61
4.79
11.22
3.90
2.42
3.05
2.57
6.02
12.27
10.62
8.25
5.20
3.66
2.50
10.65
6.53
7.03
4.15
7.74
2.93
4.11
6.45
7.03
5.22
8.24
12.04
13.23
32.97
3.11
6.10
14.23
7.13
24.04
4.59
16.74
12.52
4.60
3.72
18.34
6.11
5.50
6.05
4.58
17.72
2.14
4.55
3.59
14.16
4.08
14.65
10.73
2.59
11.38
8.25
2.88
8.05
3.73
4.15
16.62
9.02
15.71
7.17
10.21
8.05
5.63
16.19
5.99
10.29
15.70
3.07
8.70
7.05
5.08
3.03
10.70
29.15
3.53
9.16
3.90
11.76
7.32
12.18
7.75
18.24
21.44
7.55
11.17
21.26
11.17
1.95
16.88
32.38
15.71
19.86
1.99
2.87
7.64
14.88
8.51
8.99
5.67
2.00
5.02
7.13
6.60
4.05
4.61
2.02
3.65
5.98
1.71
17.89
4.01
6.09
5.09
15.22
4.07
26.33
6.52
10.77
13.26
6.66
23.49
9.01
5.67
12.06
2.72
6.25
3.38
6.34
22.84
4.72
2.80
4.26
10.17
2.91
23.90
2.07
3.58
12.38
15.10
3.54
4.72
4.59
3.62
3.59
12.66
7.95
8.22
9.64
5.22
3.03
5.45
11.60
13.30
3.10
4.46
2.41
4.68
21.35
3.59
5.51
15.81
6.67
2.00
8.80
2.57
7.15
9.55
4.88
16.50
7.09
2.48
2.64
8.93
14.36
7.07
6.18
3.18
6.99
3.89
12.22
10.38
3.46
5.14
17.11
3.47
22.41
2.57
2.01
3.07
11.15
2.62
5.69
7.60
16.26
2.05
7.18
2.52
6.58
2.67
5.10
6.59
2.49
8.60
15.17
6.21
3.54
2.94
23.78
12.33
8.24
3.46
5.51
21.85
7.10
23.34
16.34
22.80
7.23
2.57
3.46
7.76
4.16
9.04
2.42
5.98
10.78
9.80
7.66
19.32
6.04
3.93
3.03
4.05
2.59
2.91
13.28
19.39
10.40
10.28
3.38
7.55
10.54
9.66
4.96
5.60
5.49
2.63
7.65
3.04
3.11
6.54
6.61
2.83
9.16
3.99
9.89
2.51
6.06
8.18
2.93
2.60
21.45
39.09
6.51
21.78
10.75
6.00
20.15
3.64
3.30
2.07
27.93
8.96
6.12
11.09
4.02
3.10
6.60
7.70
8.25
15.84
17.74
3.02
7.57
4.51
16.74
5.60
2.49
2.48
13.62
5.23
8.16
13.24
13.14
2.50
3.13
2.14
4.45
5.10
22.27
2.45
3.24
14.66
6.49
11.39
3.17
3.39
2.06
17.39
3.36
3.63
2.99
21.85
16.87
5.61
15.70
12.14
3.11
4.20
13.26
2.98
5.11
10.59
5.55
7.14
3.50
22.87
5.63
12.25
3.51
10.75
4.57
3.52
7.64
24.29
8.16
7.71
7.17
4.67
7.18
2.40
23.27
2.43
2.73
7.99
3.50
2.99
8.23
7.16
6.56
5.48
5.66
17.10
3.64
4.03
3.58
4.63
6.62
12.87
17.89
22.75
22.34
6.72
10.04
5.99
3.19
2.06
6.64
15.33
4.59
16.16
3.64
3.95
11.61
1.60
2.60
8.52
3.02
9.70
4.59
12.33
4.61
4.50
24.04
7.55
4.03
4.00
6.74
9.08
6.61
4.58
9.03
6.10
13.27
3.03
3.00
5.04
9.62
3.10
3.17
28.43
3.17
19.42
12.09
4.88
3.58
14.26
2.00
2.51
5.62
11.16
3.08
5.65
8.11
9.69
12.03
10.72
5.41
3.14
3.24
2.99
5.02
2.14
11.24
7.23
2.39
2.93
1.95
3.65
2.06
4.99
9.80
2.91
13.17
8.81
5.81
5.27
2.40
1.98
5.83
1.75
7.73
4.41
14.73
1.92
7.13
4.59
7.06
16.37
3.59
3.04
21.40
8.11
16.80
5.02
1.95
13.72
11.90
16.16
4.58
2.61
9.82
4.97
17.83
10.72
3.07
13.22
16.11
13.34
6.06
23.76
4.21
11.60
5.55
13.31
2.06
7.48
12.71
4.08
2.62
9.74
9.60
8.64
5.09
3.49
7.52
7.13
2.11
12.58
12.24
8.83
6.60
14.26
3.09
2.56
4.57
1.66
6.08
2.07
9.07
3.54
4.57
7.13
17.38
5.59
6.06
4.61
10.57
6.62
4.04
3.67
5.17
3.02
4.52
2.68
2.81
3.19
16.31
14.91
15.38
14.71
16.86
1.85
4.39
2.03
3.18
6.00
6.00
13.09
2.45
3.08
4.74
4.04
1.98
5.60
15.16
2.71
5.08
8.17
18.22
5.10
2.01
5.15
14.27
2.50
4.96
15.79
4.04
10.81
7.02
23.78
7.26
20.28
2.09
20.98
1.97
9.77
2.99
14.61
4.77
2.64
1.97
15.20
7.50
5.11
1.94
9.70
6.50
2.55
7.61
4.14
4.53
7.65
10.10
10.75
2.58
14.90
16.17
4.66
6.59
2.95
2.55
6.59
12.79
29.49
5.63
45.15
3.01
8.11
2.97
4.70
2.58
3.16
3.94
3.02
1.67
3.65
10.68
4.91
8.01
5.17
7.13
9.18
2.06
1.99
9.34
13.22
15.23
14.73
12.19
3.64
4.12
32.83
17.75
3.52
2.57
2.47
5.12
3.53
3.41
3.68
12.70
1.95
21.36
2.39
6.57
7.24
19.45
1.97
2.07
16.63
7.61
10.78
48.63
10.64
3.09
10.59
6.64
5.70
3.47
11.23
5.01
13.71
5.72
8.59
15.84
4.54
10.73
4.50
3.53
5.15
4.23
11.63
4.58
4.20
2.93
22.32
8.55
1.68
16.09
2.42
3.10
8.69
2.42
8.52
6.05
7.16
3.60
4.64
2.57
14.36
3.53
11.54
4.09
15.71
5.60
3.10
6.18
9.64
18.28
15.63
7.22
22.93
21.38
3.06
12.29
1.98
14.77
13.25
20.79
20.84
5.52
17.28
5.60
2.13
4.17
7.53
8.49
2.64
12.21
2.64
6.10
10.11
6.51
5.30
33.19
3.02
6.39
2.05
32.48
10.16
1.89
15.88
3.69
2.07
2.01
10.67
28.06
16.14
5.15
8.54
15.76
4.93
2.10
12.58
4.12
18.77
5.90
5.19
6.23
14.35
1.90
4.16
6.59
12.25
2.56
10.01
2.16
22.29
3.13
24.84
5.12
4.57
11.16
8.10
8.07
2.00
3.55
4.16
1.90
1.50
3.24
7.10
9.59
4.58
9.44
9.54
2.21
2.06
9.62
2.69
13.39
12.05
7.61
7.71
2.74
4.00
2.08
10.60
12.49
10.21
6.08
10.29
15.31
5.12
2.05
5.42
7.58
11.80
16.10
2.46
10.24
5.16
8.51
6.08
10.74
13.97
3.60
12.17
3.39
5.57
24.97
7.25
13.24
13.13
1.93
20.88
5.67
2.45
9.16
3.96
5.78
11.66
5.55
6.10
25.83
3.74
11.22
15.65
9.66
2.06
11.71
9.75
18.96
4.88
6.67
16.21
5.12
2.07
4.74
2.49
21.27
6.16
6.07
3.80
5.61
2.50
4.51
10.24
12.86
5.15
1.90
4.76
9.71
4.87
10.90
20.17
8.63
6.83
4.18
5.18
23.43
6.03
2.10
5.14
5.06
2.49
7.16
6.26
12.19
1.99
2.40
6.22
4.56
11.79
2.08
2.04
18.15
7.50
6.11
18.27
14.73
7.52
22.01
2.38
12.34
7.61
6.11
17.32
4.57
6.95
3.55
10.83
4.58
3.51
2.02
7.26
13.66
5.60
5.00
6.04
16.81
3.72
3.03
9.71
9.09
3.42
11.72
7.18
1.97
7.23
8.09
12.23
9.35
5.11
16.17
4.70
9.58
10.02
10.51
5.75
13.07
4.30
14.13
4.22
22.19
3.53
4.04
24.88
2.51
6.66
7.20
19.94
6.54
7.07
18.43
3.05
2.49
10.16
4.07
10.15
1.94
2.14
4.56
18.09
3.56
16.79
1.88
31.01
8.77
4.15
4.97
2.24
4.48
3.66
4.32
16.70
2.58
28.13
3.38
2.22
11.13
15.80
2.57
13.09
10.30
2.77
2.91
6.50
6.62
17.78
2.47
2.02
11.27
2.50
15.97
2.41
2.26
5.93
2.52
32.07
5.96
18.24
15.16
1.68
11.81
5.52
11.17
5.11
4.07
4.11
4.08
15.82
2.57
2.48
3.05
6.06
9.69
2.06
4.65
6.01
3.19
10.21
7.03
11.12
13.28
7.65
10.12
1.93
5.97
2.55
3.53
12.37
3.47
3.56
2.10
20.97
2.56
6.15
16.69
3.49
2.44
14.30
9.09
12.96
3.59
19.16
3.46
5.08
11.71
11.85
2.49
3.42
2.61
17.21
5.97
10.68
3.12
2.65
2.39
7.67
7.65
7.60
1.72
12.94
3.91
3.87
3.07
13.82
3.66
4.39
7.08
5.60
16.25
4.06
2.57
4.53
7.47
21.50
5.13
5.04
3.05
13.73
7.70
2.56
7.58
4.03
6.51
4.67
8.79
4.14
4.96
5.52
1.93
21.83
8.13
13.72
4.09
2.08
9.15
5.07
6.54
2.48
2.13
5.07
6.11
2.56
5.21
8.52
23.07
14.56
6.99
8.19
4.63
10.22
13.35
9.18
6.02
8.12
5.63
4.52
3.94
4.78
8.20
3.52
5.68
1.92
25.44
2.51
10.83
2.54
2.58
2.03
4.16
8.69
14.47
6.69
11.18
13.43
3.87
2.83
9.58
12.30
7.12
1.88
9.11
4.67
9.66
9.70
9.86
19.34
4.52
15.77
7.69
28.89
7.61
6.66
6.00
10.78
6.17
12.65
7.04
13.19
14.26
8.19
4.08
10.18
7.20
16.69
5.82
7.79
1.90
2.05
9.36
20.69
8.08
7.11
3.70
1.98
10.32
2.40
12.49
11.67
1.61
3.73
2.22
3.81
4.98
7.61
10.79
5.61
17.68
8.66
3.92
2.36
2.78
34.10
10.09
4.62
10.17
15.68
6.19
3.40
32.07
4.54
10.30
34.74
4.56
7.95
2.58
2.50
4.60
21.31
15.12
2.56
2.95
7.25
9.66
2.09
7.25
3.50
2.91
3.28
8.74
5.01
2.03
5.57
27.41
3.07
4.69
25.44
12.66
10.16
2.41
2.71
17.65
5.54
15.32
5.08
2.60
7.69
3.05
1.84
15.78
18.30
2.83
21.77
5.62
5.21
8.49
4.06
1.89
8.57
10.27
3.49
2.21
4.13
3.99
4.64
25.70
1.98
9.75
7.74
8.14
4.63
13.14
4.02
9.06
15.09
6.66
11.19
7.06
7.13
8.05
9.23
6.05
10.29
4.97
20.46
14.15
29.37
7.57
3.50
8.26
2.53
10.72
6.02
9.56
8.16
2.00
4.67
7.07
16.37
3.94
3.28
4.99
3.62
19.41
17.79
2.60
2.48
1.92
3.15
8.48
2.51
13.38
5.52
5.50
3.03
33.36
5.12
4.64
12.38
4.52
5.61
9.76
4.13
4.54
4.63
2.49
8.15
4.50
3.98
3.72
5.15
19.73
8.10
1.86
13.09
5.64
7.09
2.53
1.65
4.59
5.01
6.59
2.04
3.58
22.51
2.96
4.11
4.07
3.08
7.64
8.23
3.54
2.61
5.07
3.61
2.96
14.30
2.48
2.09
7.65
7.60
21.21
1.87
5.05
3.20
14.64
11.61
7.52
9.19
5.72
3.61
4.68
8.03
5.08
3.19
6.02
2.65
4.14
2.13
4.66
2.83
6.50
7.15
15.12
4.18
10.04
3.46
6.01
3.72
4.59
7.14
6.72
14.36
1.85
8.11
11.69
7.19
4.92
26.94
9.63
3.97
19.44
13.23
5.55
4.57
14.29
3.00
9.65
2.52
11.32
14.24
4.54
6.18
13.28
5.02
6.59
16.14
2.00
7.65
23.36
11.71
2.51
13.48
5.09
3.19
3.51
2.53
6.75
3.63
5.05
3.54
27.35
13.66
4.62
3.20
2.46
4.36
5.59
2.03
6.21
9.03
1.68
22.37
5.58
2.45
12.21
5.63
28.39
3.12
7.21
6.04
11.22
6.01
9.16
15.18
2.58
17.83
2.07
5.02
1.61
5.43
8.78
14.78
3.07
1.94
17.26
6.04
4.24
4.09
11.49
2.16
12.32
5.07
7.22
4.19
3.98
6.08
2.00
40.75
24.61
12.31
8.04
3.00
4.60
3.69
14.80
10.62
8.65
3.13
13.76
24.92
2.93
4.96
5.60
3.65
3.63
2.55
3.42
2.95
7.19
2.64
19.93
5.23
10.53
1.96
16.89
26.75
9.34
4.44
7.58
13.41
6.19
9.86
3.36
10.54
17.12
2.23
7.23
5.48
5.49
8.59
12.22
16.66
4.05
4.50
8.27
13.78
2.08
5.57
7.24
13.14
12.73
2.43
4.58
2.51
6.61
6.15
6.69
10.11
6.46
20.09
2.32
4.52
6.68
12.29
9.09
4.99
2.56
9.82
4.65
14.09
4.52
5.67
7.52
7.64
7.20
4.19
11.03
3.72
12.08
39.52
8.65
4.65
2.54
10.11
12.74
17.81
9.65
1.97
13.31
7.65
6.14
5.10
11.60
6.18
10.23
4.47
4.56
11.37
5.57
2.11
6.45
6.40
16.84
5.32
1.93
19.80
1.48
10.90
10.01
12.72
28.84
4.60
3.61
4.06
12.30
5.60
8.63
5.59
7.53
8.60
6.14
15.21
16.44
7.58
20.16
7.52
3.10
11.20
2.16
3.70
2.95
1.85
4.02
4.73
3.64
2.13
2.56
6.35
2.29
6.62
11.03
12.23
8.75
6.62
3.41
2.12
3.69
4.66
10.73
4.59
10.50
7.14
4.68
15.17
5.52
7.55
12.11
3.58
10.66
3.06
4.05
7.70
10.75
8.60
11.18
10.66
5.12
8.77
10.67
8.09
7.52
6.00
6.53
5.21
8.14
11.41
6.08
11.22
8.82
9.72
3.92
7.42
15.35
5.20
2.32
13.23
7.62
6.06
10.11
10.10
12.72
6.55
11.81
3.64
2.90
8.11
3.09
3.59
2.98
4.69
13.02
24.48
5.08
14.53
38.07
14.35
4.80
2.86
7.13
5.41
5.49
3.92
10.92
4.08
9.37
2.46
12.73
6.13
18.88
5.11
7.65
4.07
10.51
5.22
9.17
1.94
8.15
5.36
7.46
6.70
18.49
18.78
5.94
5.06
4.08
5.11
4.65
3.46
8.16
20.81
41.21
5.17
14.21
24.56
8.13
3.57
1.99
12.27
1.92
16.17
18.41
8.71
2.03
2.95
12.21
2.03
8.68
5.12
2.06
2.99
17.28
9.70
10.18
16.21
7.66
10.52
4.53
9.58
3.60
3.65
8.04
13.30
1.99
13.21
3.89
1.70
6.48
4.62
13.64
3.50
20.33
3.16
3.61
2.01
6.43
16.34
8.86
5.00
2.95
3.58
16.73
5.20
5.14
4.65
2.53
5.06
9.13
6.67
2.34
2.10
10.34
5.14
3.00
2.44
4.19
16.09
18.63
6.26
3.31
6.54
8.56
30.95
6.22
2.61
9.66
2.06
4.50
24.42
4.64
5.53
4.56
6.17
11.27
2.54
8.72
12.70
2.71
13.84
8.94
14.78
2.54
10.24
8.10
10.25
5.01
5.56
7.62
4.43
6.70
14.37
2.48
2.69
4.33
15.09
6.27
2.56
11.20
3.52
35.61
2.13
2.12
12.82
4.89
7.64
2.07
7.58
12.62
10.57
2.12
17.98
5.20
5.46
2.22
13.59
9.54
21.28
6.27
11.10
4.06
3.03
10.82
22.42
40.81
1.82
2.67
7.48
4.45
3.24
4.21
34.80
10.18
8.19
14.77
3.22
6.60
4.56
3.41
4.50
6.21
6.58
8.18
4.44
4.02
6.52
4.73
6.60
11.67
6.57
8.16
22.32
15.33
16.70
12.71
3.10
9.66
4.43
7.64
7.71
3.36
18.98
4.67
7.15
5.39
3.09
2.30
2.44
8.46
6.19
14.88
1.60
2.50
1.99
6.49
5.07
8.10
4.67
5.12
6.07
11.20
3.61
2.51
3.61
23.42
4.67
10.55
3.49
1.58
4.15
7.52
2.93
14.79
11.19
4.62
9.62
12.18
10.30
1.83
7.60
4.56
37.52
13.20
6.68
1.90
7.77
2.16
4.61
11.21
5.09
4.10
16.66
7.57
15.31
5.54
3.15
7.66
2.48
4.99
3.60
14.36
10.74
3.52
3.12
3.55
15.19
1.97
19.87
1.96
9.13
1.93
8.15
20.97
2.67
2.39
13.83
3.90
4.50
2.71
2.16
11.19
3.06
12.63
4.61
18.35
9.54
2.65
10.68
6.59
1.98
25.86
5.15
32.11
12.67
4.01
4.09
5.12
4.58
10.19
19.76
6.54
12.13
7.15
6.58
8.75
12.21
16.29
5.21
6.69
10.54
4.53
2.13
6.13
3.13
5.66
3.39
2.45
6.59
18.74
7.01
9.71
4.04
4.18
30.39
4.30
23.27
44.29
6.58
8.17
6.79
8.55
11.57
10.61
2.48
4.08
8.64
8.19
5.17
16.95
10.70
4.02
5.42
9.08
9.17
10.71
3.22
8.77
3.02
1.86
4.36
5.61
2.51
17.71
17.26
11.31
11.75
14.10
4.09
11.13
4.26
5.10
2.52
7.62
6.75
5.05
2.94
5.41
3.55
9.25
3.66
15.33
3.98
5.14
20.55
3.17
15.79
5.12
2.52
12.59
7.46
6.05
5.71
9.67
4.24
5.12
7.55
4.53
4.13
2.58
15.65
7.66
3.12
10.65
1.99
8.63
2.84
25.39
13.79
2.67
9.76
13.26
3.01
7.57
7.08
2.02
3.51
2.34
2.11
8.74
6.71
2.56
4.06
14.27
18.83
4.14
6.05
2.53
3.46
10.27
4.14
2.45
11.34
5.71
3.01
3.02
14.21
7.63
2.52
5.14
3.00
4.47
4.48
5.05
4.57
3.62
6.61
6.00
4.06
9.83
5.22
29.05
4.02
12.23
3.72
6.12
3.86
9.53
4.28
12.83
6.52
22.87
11.03
5.99
6.04
2.68
10.35
2.54
10.12
28.83
12.19
9.22
7.58
25.35
3.12
22.81
4.00
3.57
2.62
6.66
11.68
20.37
5.10
8.07
3.11
1.94
8.25
11.26
14.16
2.00
3.02
5.55
2.56
22.17
7.09
10.24
3.08
6.57
8.77
3.54
8.75
16.40
3.34
1.53
2.09
14.16
17.15
3.05
8.67
2.60
16.91
8.03
3.95
3.75
11.22
7.49
7.68
13.70
15.74
9.76
14.13
15.66
2.09
12.48
8.76
5.96
16.01
2.15
2.24
18.85
10.19
1.88
1.58
6.00
3.60
7.94
20.24
17.82
12.19
5.57
3.04
3.58
3.54
10.26
14.77
15.90
17.08
26.80
2.07
17.46
1.98
9.12
