18.60
4.48
4.17
4.79
2.94
4.89
3.29
2.87
20.56
22.77
7.49
12.99
5.93
2.89
6.01
20.85
4.14
7.55
14.88
5.78
7.93
6.53
2.96
6.48
13.49
5.05
7.81
5.49
5.94
3.96
4.03
5.66
6.05
8.72
8.91
3.57
3.19
4.58
1.90
2.26
16.38
9.66
2.60
17.88
10.50
5.55
3.00
6.17
2.03
2.06
2.02
10.73
5.45
3.09
15.60
14.87
19.65
3.37
7.12
2.99
15.36
3.42
3.97
1.62
6.54
2.51
2.45
3.54
12.73
4.96
6.97
13.60
4.52
2.08
3.09
3.03
10.21
5.39
2.21
4.53
7.89
5.04
1.48
4.02
2.58
15.14
7.10
1.62
13.55
31.38
3.44
6.03
7.52
10.58
3.36
8.62
9.28
4.17
6.32
5.61
19.17
23.87
3.46
9.22
25.28
4.85
11.13
4.71
1.83
4.91
10.13
4.57
9.14
4.05
9.68
2.09
3.69
8.24
7.13
2.11
3.57
10.22
2.48
25.49
33.25
6.00
3.98
4.13
2.17
2.10
8.01
4.48
4.60
7.06
7.42
11.12
3.47
10.41
4.11
8.68
14.71
29.09
2.34
3.85
15.16
14.36
12.19
7.76
2.53
8.73
3.56
2.47
2.63
4.07
9.65
21.83
5.37
10.18
19.88
11.83
11.68
1.95
5.23
2.98
7.56
4.15
22.70
23.78
5.65
8.10
6.22
4.48
5.13
11.68
2.42
2.57
12.16
2.59
3.09
8.27
3.48
7.61
17.75
10.17
11.54
6.49
2.62
2.03
8.66
14.66
3.60
9.13
1.94
22.87
2.08
5.09
20.28
12.69
3.21
2.46
10.73
2.55
16.73
4.50
1.97
2.43
2.53
9.36
15.63
3.36
4.23
2.39
18.80
5.10
14.28
14.87
8.05
3.56
7.02
3.61
4.53
18.30
7.55
5.53
2.52
10.67
6.12
7.65
3.14
14.64
17.76
1.92
10.16
28.20
7.73
5.99
18.97
19.10
2.18
9.13
6.07
4.40
1.57
5.14
7.21
7.47
11.64
3.16
15.79
2.51
2.57
8.59
3.10
3.49
7.61
15.28
11.17
9.09
4.00
8.64
4.64
36.07
3.64
2.03
3.95
2.55
3.04
18.93
9.15
15.68
1.54
2.17
8.10
4.45
6.27
14.81
7.51
13.18
8.06
2.06
10.61
2.74
45.71
7.68
4.24
4.03
1.68
2.44
3.68
7.64
13.57
8.05
5.22
7.51
18.70
7.11
21.24
2.43
6.62
4.12
7.70
6.55
3.73
11.81
3.97
9.04
2.00
15.85
2.63
4.12
14.19
10.18
12.77
19.11
2.43
13.78
3.09
2.49
4.76
8.10
3.22
28.02
16.81
21.42
9.59
14.12
13.27
4.82
8.63
6.14
10.00
5.07
27.47
8.18
14.28
2.43
3.37
10.08
2.84
12.56
3.21
2.64
8.17
3.58
4.93
2.04
4.08
18.25
3.12
7.66
3.15
2.95
1.88
2.70
5.05
7.03
5.19
8.05
9.55
5.53
4.90
3.08
2.68
2.06
6.51
1.62
4.11
3.02
9.15
6.53
10.13
5.08
16.29
3.04
3.01
8.67
2.59
6.63
6.51
20.32
9.59
5.18
3.12
1.91
6.26
3.07
2.08
8.99
8.53
2.57
9.10
8.30
6.00
11.12
13.67
4.12
3.56
2.91
19.28
13.13
4.03
2.16
2.64
10.30
21.06
3.04
2.59
11.56
14.19
4.68
4.10
13.66
5.97
9.06
3.01
7.13
5.76
6.04
30.88
3.04
1.97
16.36
4.18
12.28
6.07
8.58
6.55
14.48
9.69
19.17
4.04
2.00
4.74
5.95
9.60
11.14
11.28
5.71
41.72
4.61
2.48
2.43
9.66
10.84
15.29
6.14
15.08
5.12
1.95
6.13
36.66
3.60
5.54
2.57
14.36
28.83
7.98
5.01
14.08
6.06
11.19
7.19
4.79
2.59
7.15
4.49
4.48
2.47
2.13
4.60
2.98
7.04
4.63
11.56
3.51
4.60
12.29
4.99
7.64
7.24
7.27
2.21
3.57
1.96
2.05
7.18
8.69
12.46
4.63
3.00
1.95
3.34
3.06
3.99
3.55
2.52
6.71
2.64
6.12
1.88
5.12
11.63
15.65
1.63
6.23
4.89
10.69
10.77
6.44
22.03
2.10
11.61
10.61
2.09
13.77
3.54
2.10
10.62
7.25
17.27
10.06
4.35
3.99
2.03
4.67
6.14
7.10
4.17
3.46
4.54
2.16
13.20
5.01
7.08
2.09
17.23
7.19
5.62
28.37
3.15
11.66
6.61
7.19
20.98
10.04
13.54
15.16
10.12
2.63
6.10
13.11
21.84
4.11
19.19
2.19
10.77
4.51
3.60
5.49
8.04
3.04
12.80
1.95
10.75
2.62
4.51
3.63
1.96
2.52
2.07
15.67
15.72
3.00
4.11
2.01
11.65
3.16
11.35
5.64
10.11
10.57
23.30
2.10
1.96
2.63
15.62
4.55
10.14
5.11
5.59
7.56
2.67
3.52
19.33
15.76
2.56
5.15
4.43
1.41
1.74
10.18
14.74
6.11
5.53
11.10
8.65
3.03
5.66
16.75
2.11
24.44
14.12
9.06
2.54
10.63
14.19
21.29
8.04
6.08
10.78
11.62
16.29
3.03
3.08
6.15
10.16
14.21
3.00
4.02
3.02
1.56
11.31
5.05
49.12
18.32
4.72
18.81
7.13
13.24
11.08
12.19
9.70
7.46
9.68
6.46
5.07
7.63
4.46
7.09
4.66
8.79
28.64
17.71
12.75
7.67
4.99
26.35
5.03
4.57
5.58
7.71
11.12
4.48
3.55
29.04
3.46
9.14
15.24
3.07
3.08
5.54
10.09
10.58
1.55
3.13
9.36
12.15
3.95
6.62
7.13
7.60
8.00
7.11
2.63
18.67
6.66
6.01
7.16
1.95
9.14
8.74
2.03
2.06
12.72
16.26
8.03
8.31
4.42
29.49
2.43
9.06
9.19
3.03
6.11
15.84
7.20
36.11
2.92
6.06
4.02
4.78
10.81
1.98
5.53
6.17
2.58
17.74
3.06
3.61
2.41
15.63
5.64
8.26
24.25
6.93
9.79
9.20
23.40
8.12
6.59
6.09
4.12
4.58
9.14
6.05
10.66
26.62
7.99
1.59
2.70
28.51
13.53
8.42
6.59
4.07
6.70
9.24
8.71
7.32
4.46
12.09
2.14
3.93
11.72
6.67
18.52
2.90
4.06
3.65
7.67
4.14
14.86
4.60
16.59
10.69
4.68
13.55
20.27
14.84
11.95
11.48
7.81
9.28
20.60
8.24
5.82
9.39
17.08
7.76
27.57
20.53
7.73
16.08
6.35
8.96
6.32
7.12
7.10
7.27
11.29
5.70
7.34
5.18
6.85
5.23
18.34
5.69
18.11
8.66
7.93
13.47
5.54
8.24
24.77
16.15
16.58
28.53
5.68
10.78
6.88
5.31
8.29
15.03
15.36
11.36
5.71
9.34
5.60
7.79
9.31
5.68
7.31
9.33
13.97
8.35
11.92
15.73
14.40
8.09
7.78
17.78
14.48
7.76
9.71
8.83
6.19
7.36
21.25
9.89
11.81
21.25
6.17
7.76
8.27
7.25
11.92
11.04
5.81
14.69
13.92
10.83
7.12
13.58
9.90
8.15
24.85
8.29
14.51
20.74
5.25
12.47
11.00
13.30
19.15
7.76
39.85
5.89
5.65
23.98
15.11
7.16
7.12
7.18
8.29
7.31
6.16
8.29
5.22
9.78
15.11
10.91
19.68
9.41
19.09
13.47
5.71
18.13
5.63
18.12
12.45
7.74
9.92
7.34
9.81
12.34
19.67
12.40
7.77
9.85
7.90
8.95
11.07
7.15
9.81
5.73
9.67
10.94
7.76
10.79
6.41
12.90
8.28
7.59
12.45
11.92
7.76
18.69
6.74
10.88
5.33
7.16
23.82
5.32
6.74
19.18
10.37
15.88
14.56
6.90
14.47
17.05
6.76
28.03
5.68
7.81
9.26
6.72
9.33
13.49
8.46
6.05
31.04
6.21
10.51
20.35
7.95
8.63
15.94
7.26
21.08
6.79
8.83
13.47
6.73
6.77
9.53
20.35
8.85
8.27
14.42
7.23
20.03
8.35
8.29
14.44
12.37
5.17
16.56
6.89
30.03
6.33
15.38
22.79
7.26
11.38
9.44
7.73
15.05
6.82
10.43
19.68
9.81
33.56
9.17
22.25
7.34
5.28
17.69
9.36
8.42
6.53
18.05
17.52
10.89
11.47
5.68
5.19
11.33
17.31
6.24
9.34
7.11
19.36
21.25
28.65
8.48
4.99
6.10
21.67
5.17
6.35
9.85
9.22
6.21
17.67
10.37
18.06
13.84
6.77
6.23
9.39
8.80
5.23
10.88
5.09
15.57
21.41
22.27
32.74
7.31
19.56
6.61
6.23
20.32
6.74
9.42
6.20
6.23
10.28
21.65
11.90
16.62
10.96
19.18
6.67
13.98
8.29
6.21
6.85
13.55
9.84
10.76
13.49
15.99
13.09
6.22
5.36
7.17
8.09
12.95
5.27
7.17
8.30
5.29
9.33
5.59
26.43
8.30
7.37
9.83
5.09
11.94
6.80
9.36
5.63
5.68
8.38
6.20
14.64
6.74
16.50
7.82
10.90
16.45
8.79
21.75
5.84
22.82
21.25
11.44
15.95
5.32
8.88
15.01
6.19
6.21
15.49
6.77
6.80
6.61
5.09
6.67
7.76
10.90
5.81
12.96
5.15
7.20
15.12
6.81
11.98
17.62
10.74
42.49
5.12
7.95
10.35
9.72
8.90
23.86
7.73
5.60
9.85
8.30
15.12
9.47
13.44
8.72
10.23
7.87
11.42
10.38
7.31
18.58
6.23
16.08
11.96
7.75
16.57
9.81
6.80
10.88
5.12
6.23
5.84
26.59
5.18
7.92
5.55
24.69
11.40
29.92
6.30
9.32
8.77
13.46
8.36
6.22
8.81
6.82
10.88
8.31
7.74
8.32
16.51
10.35
5.76
8.79
5.67
6.67
6.75
11.42
14.04
5.90
14.16
10.87
9.16
7.62
5.18
8.30
6.73
8.86
9.33
6.23
9.80
8.78
8.85
9.26
7.86
23.95
28.10
11.42
22.72
21.11
6.22
41.39
9.31
11.41
7.97
20.74
9.82
9.87
16.91
10.90
5.18
9.86
5.31
6.73
16.03
8.21
5.18
7.20
7.25
10.88
23.84
7.30
9.86
6.70
17.12
6.88
15.55
9.79
6.93
6.13
7.73
33.20
19.17
16.45
13.98
5.77
6.40
8.21
6.74
24.66
9.85
44.14
33.17
17.20
9.90
24.44
8.75
15.92
11.87
7.81
5.23
10.88
6.18
8.93
9.92
5.55
11.45
6.24
9.41
16.63
12.96
12.33
18.16
6.74
15.58
7.26
9.22
11.06
9.00
13.47
5.55
10.72
9.84
20.77
17.10
28.14
17.18
15.03
6.09
7.24
21.08
6.23
20.21
12.96
6.88
9.00
25.42
12.27
8.99
18.14
9.71
19.69
19.00
13.12
8.29
9.87
5.70
6.22
12.40
20.02
9.33
6.91
7.20
10.88
13.60
10.75
14.51
16.66
7.26
5.71
9.66
5.31
7.27
8.32
10.40
11.83
8.29
9.85
13.44
9.36
6.19
16.58
5.24
5.18
11.45
14.14
6.07
28.61
8.29
10.29
25.38
5.18
5.18
5.30
6.77
7.69
5.87
16.46
6.82
7.14
8.27
9.21
8.29
10.35
8.91
10.35
7.73
18.69
6.22
28.06
18.60
31.20
10.91
5.82
27.91
8.83
6.74
32.02
9.42
11.05
7.29
5.08
29.38
10.36
16.60
12.05
6.80
17.12
7.26
5.11
6.05
19.61
9.33
6.32
12.40
9.24
20.70
17.68
12.41
5.20
6.24
12.98
11.51
12.94
12.39
19.73
20.08
5.71
6.33
13.44
5.64
15.59
8.28
5.71
6.40
22.78
9.13
32.83
11.38
11.52
14.91
12.99
7.65
5.19
9.82
5.71
16.06
5.84
6.26
7.24
6.36
11.28
7.16
5.78
13.61
6.63
7.81
7.28
16.00
9.87
5.71
13.09
12.02
14.39
9.31
5.08
5.29
7.28
10.23
8.16
13.60
14.59
18.11
6.07
5.70
10.89
29.44
28.06
26.45
5.10
18.21
9.84
12.05
19.25
11.60
6.34
10.21
16.42
12.40
6.64
17.77
9.42
19.70
11.31
10.36
9.33
8.80
30.93
7.27
6.75
6.19
5.70
18.27
21.81
35.23
6.70
9.71
7.79
8.84
7.80
20.74
5.68
5.28
6.22
7.34
18.11
24.22
11.43
16.04
5.73
11.95
19.87
9.77
20.28
8.63
5.15
9.88
7.26
6.73
12.95
5.70
9.39
5.25
5.13
10.93
18.65
7.81
9.79
11.45
25.92
8.27
11.50
5.09
10.88
11.55
11.01
21.17
6.86
9.71
13.34
7.73
6.87
5.17
16.96
7.82
11.39
6.72
6.40
5.52
26.43
5.17
19.01
5.70
10.88
6.21
9.87
20.72
19.18
9.86
7.95
7.92
8.29
10.22
10.70
21.31
6.31
7.76
7.66
23.41
11.50
9.86
6.59
9.22
8.80
19.20
16.19
24.35
8.86
13.04
5.01
12.96
9.76
10.45
11.49
10.45
14.12
5.68
6.57
9.33
16.44
6.21
25.34
5.81
16.26
9.51
7.74
5.13
8.28
7.68
9.33
7.21
5.61
12.65
14.40
7.81
8.12
6.74
8.35
8.30
14.53
5.70
12.38
9.79
5.70
7.79
8.82
5.70
28.14
13.07
11.50
5.06
8.23
7.77
22.15
8.83
17.65
22.81
5.65
15.65
8.98
6.62
5.57
5.36
27.45
10.99
19.55
23.84
29.14
7.20
5.79
21.87
7.17
9.91
5.76
11.39
11.47
10.18
16.59
5.03
17.55
12.45
6.75
5.77
5.86
5.08
8.90
6.21
5.23
26.35
6.77
41.55
9.78
6.18
8.71
18.63
17.10
5.15
19.81
10.80
12.96
15.05
18.56
16.07
10.36
15.20
15.64
6.14
10.37
7.41
7.32
5.11
7.10
22.24
5.62
7.81
7.39
7.23
6.24
5.79
21.76
6.06
8.72
10.36
8.77
7.39
8.82
16.58
5.26
16.98
10.85
15.74
6.19
7.17
21.79
11.52
6.27
15.97
10.85
17.17
16.72
14.59
5.71
14.91
21.81
7.27
7.23
6.73
23.36
7.25
11.79
12.82
6.18
11.49
22.78
18.75
7.66
24.84
5.36
5.70
25.43
5.77
7.62
7.79
6.32
5.60
16.08
6.78
7.76
7.73
32.61
5.20
13.02
8.80
6.19
5.81
8.76
5.26
12.95
12.86
6.22
11.46
7.28
13.48
5.79
6.22
20.05
9.45
17.15
19.17
12.93
13.55
20.19
6.21
12.88
14.48
9.25
21.12
8.43
8.45
8.82
6.81
17.49
5.20
22.13
5.17
21.16
8.46
23.28
12.08
19.62
15.58
14.01
25.90
11.36
5.59
5.33
6.78
18.07
14.40
11.52
8.92
11.09
10.80
5.65
9.13
18.51
12.44
5.32
17.11
23.94
5.56
9.26
13.10
17.63
6.07
16.06
17.71
26.37
6.37
7.77
8.72
5.55
5.74
7.81
6.70
9.41
8.16
16.07
28.08
6.13
8.27
5.15
20.29
8.82
10.78
13.63
7.11
18.28
11.45
12.37
8.75
5.28
9.83
13.46
5.34
49.32
12.41
11.28
5.28
5.57
9.79
11.39
8.84
18.51
8.99
24.50
7.09
10.45
8.81
20.29
11.97
8.45
6.24
6.70
12.76
11.82
11.80
7.38
15.06
5.15
11.37
17.13
8.34
8.16
10.27
5.86
14.50
9.79
6.22
16.07
18.13
10.35
11.33
5.71
15.20
8.29
7.74
8.29
10.42
21.28
20.37
7.61
29.50
31.48
12.98
7.78
7.37
8.49
6.73
5.02
5.15
9.38
17.60
9.81
7.80
14.69
8.86
10.27
21.21
5.17
5.59
27.87
8.87
5.84
12.41
13.57
7.76
8.70
7.27
19.12
5.07
8.30
13.97
7.76
8.86
8.82
15.55
5.31
10.36
8.31
5.28
24.82
5.18
8.86
11.92
12.31
9.81
8.40
8.28
17.23
16.58
21.09
9.41
6.85
7.44
7.65
10.26
13.47
9.81
6.73
6.22
5.70
14.32
6.75
17.70
8.88
8.35
14.17
9.33
22.24
5.70
20.74
5.22
18.65
4.99
6.07
7.27
9.54
7.68
8.81
6.03
6.40
17.30
11.92
17.10
5.55
11.27
8.87
14.50
5.10
7.89
9.84
16.09
6.17
5.64
9.86
5.13
5.69
10.35
7.79
15.02
10.37
8.42
8.42
6.09
7.32
5.70
26.98
9.33
17.44
9.84
15.58
20.19
5.17
9.35
8.74
5.82
6.75
12.57
12.97
7.16
10.75
8.85
6.76
7.32
10.98
6.35
11.86
13.89
13.57
6.81
24.25
11.00
8.83
12.28
15.94
7.38
6.73
6.85
12.93
9.87
7.65
9.38
19.07
11.40
11.01
10.49
8.23
10.72
17.78
6.19
10.35
16.17
13.31
6.84
6.61
11.04
7.68
8.19
15.55
10.94
5.67
5.12
10.40
9.83
5.83
7.77
7.25
18.29
5.04
5.16
12.94
6.98
14.30
39.42
24.74
8.92
5.72
7.78
9.26
9.81
19.72
5.91
8.87
5.28
10.22
21.04
8.98
6.84
36.16
8.82
9.71
7.84
13.42
19.11
28.54
16.52
7.26
7.77
9.28
10.55
7.84
5.12
12.64
9.21
7.22
10.91
7.27
11.41
20.55
5.18
5.34
13.49
14.51
5.16
9.16
5.27
11.53
5.60
8.46
7.11
6.59
16.10
17.65
23.01
15.24
8.82
7.23
13.27
16.43
5.71
6.33
20.25
8.37
19.17
8.84
6.77
8.27
9.31
7.29
25.23
5.12
17.15
6.75
10.40
15.57
6.42
11.92
7.69
19.65
5.57
12.93
5.19
6.75
16.05
9.50
6.40
8.41
10.23
8.77
9.37
5.62
19.17
7.84
10.91
12.96
11.41
20.60
10.29
7.36
10.37
6.83
5.73
5.09
6.61
15.12
8.73
14.03
8.96
15.01
31.78
6.59
15.39
11.95
6.24
12.48
7.75
5.15
17.65
5.22
9.37
10.34
11.04
11.89
12.94
7.25
18.53
6.91
7.68
8.15
5.16
20.77
7.31
13.99
19.18
25.42
13.18
6.85
6.13
9.00
6.55
9.82
21.59
8.81
6.22
7.76
5.37
18.24
9.52
5.19
6.52
8.68
12.24
6.22
8.93
8.26
29.00
5.65
15.01
6.25
6.83
9.01
17.19
11.33
5.61
7.04
7.77
9.85
8.83
5.75
12.96
7.70
9.43
19.68
6.78
8.19
7.25
8.85
5.17
7.78
5.25
5.33
14.66
5.12
8.76
21.74
9.35
16.56
8.40
7.31
6.74
6.10
6.57
9.33
10.86
16.57
6.72
9.32
7.26
6.86
10.37
9.84
6.09
11.93
10.42
7.78
16.60
8.24
7.25
7.29
7.76
7.24
17.11
10.89
13.49
6.88
6.64
28.16
23.86
6.22
9.71
18.11
8.30
8.29
16.73
9.49
7.87
6.68
6.11
14.44
18.70
8.81
7.69
5.67
6.77
11.41
8.88
10.35
11.90
9.87
14.55
14.23
16.99
12.27
20.78
12.96
5.69
8.90
6.76
8.19
18.67
12.96
6.38
6.75
9.68
9.44
20.27
11.52
5.17
6.19
5.71
7.70
13.51
10.44
10.75
20.70
16.00
9.36
10.43
5.17
21.39
6.26
5.53
17.07
6.23
8.37
25.58
7.55
12.88
22.83
8.83
16.09
8.92
11.58
34.26
6.57
9.84
16.00
5.83
15.10
7.29
7.66
6.71
8.77
7.81
7.28
8.81
5.72
12.43
11.89
18.70
7.88
13.99
11.89
11.84
12.43
12.00
9.84
10.46
15.14
5.59
9.71
25.26
13.96
6.77
10.89
7.86
8.78
6.23
5.21
9.23
8.45
6.15
6.75
6.71
11.40
15.42
8.31
18.68
8.80
7.26
13.47
6.26
7.23
6.35
7.23
8.35
10.77
14.50
7.77
8.37
9.78
6.20
7.65
13.61
22.42
23.56
10.77
5.66
16.47
5.24
9.84
13.61
15.49
26.29
21.65
6.22
6.34
28.60
5.17
12.32
19.58
20.21
5.78
5.18
17.66
5.78
6.66
10.28
9.44
8.00
5.50
12.98
11.88
7.89
12.43
6.70
11.75
9.84
26.48
19.28
9.84
37.84
10.86
7.25
9.49
8.35
8.80
9.68
13.09
5.72
25.30
5.37
7.70
7.23
9.85
5.14
7.22
8.95
28.52
7.08
8.24
5.72
5.71
15.69
18.10
7.76
12.42
13.15
11.39
6.67
8.17
9.86
7.37
11.89
12.80
5.20
13.41
9.49
15.59
7.30
6.61
6.21
14.99
9.88
8.35
20.67
6.20
5.21
5.67
16.02
5.31
14.65
5.20
7.76
5.09
8.27
28.01
14.45
7.28
24.01
9.86
10.88
9.30
8.99
14.51
17.12
5.76
8.69
15.52
12.27
16.05
7.95
28.43
16.61
5.66
12.26
13.48
8.46
9.35
7.71
14.00
7.79
9.84
5.71
22.69
11.57
45.64
11.07
8.52
8.62
18.50
10.87
5.18
7.77
8.93
7.87
15.89
13.88
15.14
18.16
6.69
5.74
10.24
13.10
25.96
8.80
5.19
5.85
7.09
13.98
26.82
7.33
18.11
17.78
7.34
5.03
14.00
12.28
11.89
5.20
20.74
27.98
10.85
10.54
8.41
27.07
7.65
5.06
14.84
5.28
5.60
11.93
15.55
5.86
11.43
5.68
17.20
9.36
16.60
6.83
6.56
7.27
7.12
8.83
5.18
7.78
6.75
7.81
13.06
8.43
18.66
12.37
11.77
12.05
17.82
9.15
15.92
25.43
5.71
8.50
8.38
10.51
10.19
5.15
7.17
6.61
5.17
15.62
12.96
15.74
9.34
5.19
10.38
5.52
9.74
8.84
12.45
10.38
6.76
11.54
13.01
8.40
8.77
14.37
5.88
11.40
22.39
7.22
9.89
12.24
16.69
5.12
7.28
10.37
7.23
6.86
9.34
15.17
17.01
16.91
5.25
5.63
11.44
33.71
6.72
38.29
11.38
16.80
6.22
10.37
11.81
30.53
5.82
14.02
10.43
10.36
6.04
30.63
7.37
5.59
16.07
5.19
6.21
6.73
23.27
16.65
9.93
10.43
26.45
6.34
8.20
14.39
10.88
15.60
5.69
19.20
5.19
9.20
12.27
8.96
8.30
6.27
7.69
6.79
6.15
7.23
8.77
5.20
9.31
6.75
11.55
11.38
8.35
23.88
13.31
5.12
6.68
6.24
8.31
6.75
5.18
10.37
7.79
5.79
15.06
9.84
5.31
13.96
20.21
6.36
5.73
7.67
5.67
19.09
44.94
5.76
20.17
5.36
36.86
21.38
8.75
10.82
5.52
5.68
11.96
7.78
6.18
10.56
9.37
5.53
11.91
7.28
31.63
10.51
20.19
11.26
13.44
7.80
8.83
9.52
14.12
14.35
6.13
29.10
13.06
10.36
12.40
12.40
5.18
15.55
5.25
15.67
28.19
8.73
19.81
6.04
15.54
9.38
6.70
31.97
13.09
20.39
6.57
36.82
11.56
20.62
10.86
7.78
10.36
10.46
8.45
6.26
11.80
20.71
13.43
7.75
8.22
10.40
7.89
20.08
6.76
8.90
5.24
17.55
5.59
10.33
21.23
24.40
21.60
5.32
8.97
6.54
19.79
9.85
10.36
19.71
11.89
11.36
16.57
8.31
11.39
6.15
8.81
9.36
5.31
14.94
8.78
9.76
5.70
9.33
8.98
8.29
7.77
10.70
8.35
8.80
7.76
12.93
15.12
8.31
5.78
5.10
21.77
9.85
8.72
6.74
7.40
10.37
9.71
16.10
5.18
12.96
15.52
7.78
20.75
30.64
5.30
11.98
14.46
13.34
5.21
17.58
8.30
7.96
16.61
7.26
10.72
5.36
18.14
6.72
17.39
19.17
8.81
8.32
5.19
13.11
15.07
49.31
9.30
19.12
12.39
6.19
9.24
9.87
29.04
7.35
7.26
7.82
6.10
5.82
36.45
15.55
8.32
9.74
10.88
7.94
9.31
10.39
5.67
6.59
8.46
7.78
10.35
25.24
8.30
23.68
5.70
13.48
6.19
23.84
14.03
5.72
11.94
7.82
7.76
10.42
5.08
25.92
17.71
6.23
10.96
10.89
16.75
10.25
6.56
14.04
7.41
7.92
6.65
6.15
22.83
5.69
9.76
7.78
15.67
33.13
8.29
6.22
8.35
6.18
17.15
7.24
21.22
7.70
8.27
8.29
5.31
14.15
5.13
5.16
6.20
18.51
21.97
8.32
17.57
7.63
5.33
9.37
6.74
38.37
17.21
8.31
7.05
24.70
6.20
5.74
10.88
6.87
15.65
6.61
7.31
17.72
15.98
6.67
11.34
5.18
12.42
8.31
10.87
6.73
13.63
20.41
5.52
14.53
11.44
18.16
21.22
15.09
11.44
6.65
54.80
5.73
12.93
11.95
10.42
5.84
15.05
11.41
5.73
22.69
31.11
5.37
10.85
10.83
6.06
11.94
14.53
17.68
5.87
5.13
5.50
16.59
14.07
9.89
20.23
5.26
10.27
13.51
8.99
10.31
5.72
14.45
7.23
38.27
16.00
5.83
25.95
10.88
14.69
8.21
10.70
5.20
5.70
6.73
12.01
29.01
7.78
7.70
5.39
11.60
6.56
10.34
17.07
8.37
14.32
5.79
9.88
7.07
27.47
9.84
9.33
5.71
17.76
5.89
5.01
6.03
6.80
24.03
16.50
17.90
9.82
29.52
6.85
14.02
11.34
7.84
19.16
6.16
9.39
8.88
5.43
17.77
18.53
24.87
10.32
5.60
5.06
19.12
8.32
11.97
5.25
9.52
5.77
6.54
8.30
10.37
17.06
12.91
8.97
15.20
6.03
6.57
18.67
6.76
9.46
5.07
13.64
33.25
13.09
10.76
5.62
9.84
12.97
32.66
22.91
26.96
10.89
10.23
8.96
9.89
29.01
21.18
7.28
19.34
5.12
7.20
12.63
23.84
5.69
7.59
16.77
14.46
9.32
8.77
7.27
6.32
6.72
8.97
8.28
6.12
12.82
19.75
5.25
6.89
10.21
11.36
7.25
7.73
19.12
5.21
5.19
11.90
6.71
8.84
8.97
7.82
7.62
9.80
5.27
6.16
6.09
5.76
11.39
22.45
7.87
6.81
7.78
5.67
9.85
11.37
12.05
18.06
5.67
5.61
7.97
7.85
8.80
5.70
8.11
6.40
15.43
10.88
6.18
8.83
16.94
23.33
5.75
6.32
18.72
5.65
16.72
14.40
10.88
6.73
14.08
7.76
13.05
11.89
12.80
12.87
7.26
7.26
16.74
13.43
12.10
5.52
11.42
5.20
14.37
6.72
7.25
13.15
6.75
7.24
6.54
10.39
16.64
21.96
34.72
7.24
10.78
6.79
5.85
9.30
8.15
8.28
26.58
5.92
7.78
6.00
5.79
8.12
5.17
5.71
10.24
12.96
21.76
13.63
5.74
10.38
5.66
16.70
8.66
9.32
7.12
6.35
10.56
8.82
14.88
11.92
17.07
7.31
16.05
5.18
8.25
26.28
7.31
17.60
13.48
7.80
19.65
7.19
5.66
6.80
8.81
16.05
5.18
7.80
18.64
5.82
5.73
33.24
20.70
9.74
9.87
21.07
10.82
7.76
11.07
18.27
7.62
18.66
13.49
8.99
17.96
23.39
22.66
11.46
5.71
7.36
23.44
8.88
9.15
7.72
9.79
11.41
22.29
21.69
6.22
7.27
14.48
14.68
7.90
18.08
11.33
7.77
19.49
7.84
12.38
12.44
12.00
9.33
7.82
8.42
5.58
33.65
14.12
16.05
13.98
8.30
41.46
10.21
12.08
9.19
16.09
6.22
6.24
14.55
30.57
8.24
6.24
11.36
11.42
10.45
5.20
18.11
18.15
8.30
19.22
18.74
7.18
7.81
17.64
26.45
9.21
18.02
13.10
9.36
5.71
13.51
6.91
6.62
10.80
6.74
8.72
40.99
12.62
7.28
8.32
5.54
5.33
11.95
15.62
10.77
6.15
7.76
5.70
11.92
13.98
5.70
7.26
6.77
21.23
7.33
16.60
9.88
5.09
6.20
5.21
11.36
5.68
5.20
18.75
7.83
8.77
8.24
10.95
41.59
10.43
5.20
5.07
9.36
40.61
22.88
6.06
5.01
12.96
5.18
5.17
6.22
9.47
7.31
6.16
9.37
7.38
7.61
10.24
35.76
5.25
6.68
12.99
6.77
27.49
5.70
5.68
7.76
10.40
8.83
24.00
6.70
5.01
17.12
5.19
7.25
10.36
6.76
11.42
12.63
26.43
17.66
9.23
6.72
5.30
6.75
17.61
5.20
8.67
6.23
7.84
15.14
7.18
7.81
26.40
6.61
18.31
6.75
10.53
6.03
5.18
15.92
18.11
7.25
6.81
7.25
14.54
5.19
6.81
14.47
23.28
6.78
7.82
7.19
6.34
40.41
11.93
13.46
9.91
5.10
18.16
9.77
12.95
9.52
19.36
5.19
33.76
8.16
18.56
10.24
7.26
9.86
11.52
8.80
11.73
22.98
9.34
17.71
6.14
21.13
9.83
25.92
6.22
23.44
8.91
5.11
6.94
7.17
9.52
15.05
15.35
5.02
7.26
15.01
14.12
18.24
26.55
17.71
13.28
17.02
18.59
11.41
7.32
19.86
19.36
6.68
6.09
7.89
6.19
5.14
20.60
12.01
8.28
11.95
6.93
15.36
8.79
6.66
5.19
9.84
9.87
7.76
14.41
8.29
5.70
7.93
9.32
9.17
5.19
14.54
8.30
5.22
9.46
6.75
16.54
25.40
5.14
6.74
8.98
8.41
6.62
7.27
5.52
6.88
9.32
8.29
6.24
9.70
17.09
13.49
18.64
12.98
6.83
13.04
6.22
6.78
10.88
7.73
19.09
5.74
15.15
9.44
5.20
5.52
15.12
7.25
5.74
27.08
6.23
7.69
6.21
20.63
8.31
8.46
11.55
11.45
10.75
12.80
11.08
14.56
7.81
30.53
8.80
28.84
6.33
5.76
26.01
7.79
12.93
4.99
7.30
11.89
28.48
15.67
27.89
5.62
6.11
8.35
5.74
7.20
9.34
17.12
5.09
6.74
19.70
6.40
20.21
5.52
7.77
6.23
18.30
5.62
6.25
24.41
14.49
6.12
12.48
19.70
21.78
6.19
6.22
8.80
14.03
17.11
14.48
8.96
20.32
6.70
13.14
12.78
5.33
5.20
7.65
9.36
5.15
8.24
7.28
8.86
8.22
19.50
9.89
5.68
8.32
8.39
6.21
7.68
11.89
17.09
16.70
14.58
9.32
10.29
13.51
8.84
8.68
8.32
13.63
8.41
6.57
12.95
12.98
10.85
16.48
10.38
14.02
15.12
8.20
8.28
24.90
24.88
8.31
8.81
6.32
12.46
5.70
9.85
19.19
5.18
11.84
6.22
10.42
7.91
31.21
7.18
5.69
14.43
18.58
20.76
5.22
7.74
8.20
22.40
13.01
10.36
12.80
10.83
11.40
5.86
9.37
6.82
5.16
6.76
6.74
10.29
7.71
5.59
8.48
5.63
13.04
10.35
8.22
5.70
16.62
16.13
26.96
7.81
32.18
9.45
7.25
7.77
5.19
5.36
7.31
11.23
7.79
16.45
13.33
7.81
11.94
15.55
7.39
15.06
5.17
5.28
15.05
19.74
9.66
6.77
6.84
13.51
9.42
17.62
6.24
6.70
12.00
6.65
19.15
5.18
25.79
8.79
8.29
17.30
7.96
6.23
6.56
6.20
15.66
11.89
18.14
5.59
5.05
5.86
10.20
11.89
14.70
5.87
6.76
6.24
5.69
7.28
22.11
5.35
11.91
21.11
11.26
11.49
10.51
8.43
10.25
10.75
18.19
7.76
5.19
7.13
11.91
9.34
12.40
8.41
5.71
9.52
16.08
5.51
5.82
22.18
17.14
14.66
16.48
7.78
11.98
18.11
11.41
13.47
8.11
8.95
5.04
37.88
20.21
9.30
8.29
5.21
12.94
5.15
30.73
5.20
6.84
11.92
5.18
21.46
7.12
5.73
10.69
10.35
21.71
5.70
6.21
14.00
8.81
10.90
8.31
17.18
10.35
9.31
19.17
5.71
11.49
26.37
6.40
5.29
5.02
6.61
10.34
9.89
13.45
6.13
22.83
5.69
10.50
7.96
13.01
11.39
9.16
6.23
8.37
8.31
10.32
7.73
6.70
15.63
6.16
8.82
11.92
5.12
29.00
9.35
13.47
5.19
5.80
29.04
19.39
7.28
8.33
6.21
7.62
10.23
10.96
14.65
9.81
7.25
13.47
5.65
5.69
10.43
14.94
14.02
13.04
11.36
5.71
5.25
5.40
5.20
6.01
12.81
8.82
9.31
5.68
8.95
6.70
22.24
10.33
27.99
15.12
5.89
10.20
5.71
18.71
5.20
18.06
9.36
8.85
7.24
12.93
6.77
7.30
5.28
7.28
5.60
10.52
17.57
15.90
5.54
6.42
11.95
7.74
26.56
14.37
21.22
5.85
13.87
9.20
11.46
26.99
6.81
8.79
27.48
17.62
7.34
5.18
8.81
11.90
8.80
17.44
5.72
5.68
6.82
7.29
5.22
6.74
13.05
9.85
5.74
6.21
10.50
6.38
22.15
13.43
6.75
19.04
6.27
15.09
15.87
21.37
6.23
6.08
17.60
5.71
6.76
6.73
6.82
18.11
9.50
16.06
8.88
9.40
39.34
14.40
18.83
21.12
12.41
9.87
5.89
24.71
11.19
6.33
5.18
28.03
10.39
9.83
6.73
11.45
9.86
26.46
6.59
7.86
5.22
5.14
18.16
11.44
8.34
12.40
6.75
9.38
15.47
6.23
13.48
31.61
13.50
9.27
5.34
14.07
13.49
5.29
7.92
16.13
9.87
11.18
18.52
7.17
5.27
13.62
12.87
10.77
22.75
7.76
5.69
6.74
5.22
11.54
21.22
5.26
21.74
5.73
7.87
5.68
7.79
24.72
6.27
6.26
6.40
6.93
8.13
7.09
10.32
5.29
5.65
9.44
20.38
10.24
12.88
6.76
8.72
6.68
14.14
7.73
5.79
9.19
10.35
5.71
5.70
19.81
5.74
18.72
14.28
13.97
9.86
5.21
6.19
9.50
8.28
5.63
8.81
8.28
11.09
19.31
5.68
11.85
7.67
5.76
7.42
15.89
5.28
7.68
15.97
6.75
31.09
7.28
17.82
7.86
7.16
12.32
6.24
24.10
9.36
8.77
8.19
5.75
11.37
24.87
20.72
13.51
5.70
11.50
7.24
7.28
11.83
18.67
6.23
7.89
15.56
13.65
7.15
5.21
6.03
8.22
5.71
12.92
5.30
19.87
6.80
14.58
7.10
5.69
10.70
5.64
6.85
5.26
14.52
5.14
9.43
6.83
13.16
12.22
8.22
8.65
7.87
7.78
8.77
7.82
17.77
8.34
10.27
9.30
23.83
6.30
30.57
15.20
11.84
6.82
6.21
13.93
6.30
10.41
10.35
11.88
14.93
6.80
5.16
8.70
20.22
6.70
8.94
32.85
14.31
20.74
9.51
19.26
13.69
10.78
5.20
13.46
18.15
7.66
10.69
5.70
5.71
8.79
32.14
5.80
28.57
10.37
13.38
8.71
8.37
7.94
7.31
7.70
7.82
8.31
15.93
9.36
9.37
5.19
6.10
6.76
8.78
6.71
7.37
5.78
9.85
5.62
9.33
6.64
33.36
9.86
8.29
5.71
14.72
8.16
7.56
9.40
18.19
19.76
10.89
13.47
6.73
10.37
9.31
16.61
20.27
6.80
5.63
13.08
8.34
22.37
7.71
22.27
23.86
5.15
6.24
31.17
9.89
10.40
5.67
10.43
6.75
7.31
9.36
7.29
5.22
19.26
16.05
13.92
9.27
13.99
24.39
10.58
10.89
11.50
9.87
5.50
19.02
6.76
6.21
8.28
8.84
20.39
21.93
5.56
15.16
10.74
8.87
11.97
10.30
20.14
8.80
9.85
9.39
7.84
19.70
21.76
9.16
5.67
5.23
10.61
5.69
6.72
5.74
11.17
7.78
10.36
12.90
16.26
8.63
13.55
18.68
5.81
5.66
13.99
7.14
10.41
5.74
5.20
30.09
14.13
14.03
10.90
6.64
5.74
8.40
12.40
10.34
8.19
5.89
6.24
6.92
8.83
7.61
6.73
8.50
5.19
27.33
6.11
8.32
6.14
12.94
7.26
8.90
9.46
8.16
5.13
5.19
23.94
10.90
13.56
6.14
10.77
7.39
6.76
5.18
7.76
6.04
8.81
13.10
15.05
6.75
5.19
12.37
11.40
12.96
11.90
16.75
13.63
32.59
7.62
12.94
5.09
11.97
17.76
5.33
5.75
16.56
6.64
11.35
5.34
9.39
7.81
10.23
8.30
23.72
14.53
7.23
7.22
7.81
5.82
20.72
7.87
5.06
8.83
16.45
6.23
14.65
10.99
14.51
7.17
5.66
15.60
23.76
15.12
6.19
5.18
5.74
6.71
9.33
6.19
7.27
11.36
11.36
6.22
19.70
12.05
6.72
7.25
9.72
36.47
6.57
27.70
32.20
5.35
7.24
13.92
23.14
12.31
5.36
5.10
5.06
23.86
5.71
8.84
28.53
10.37
9.83
8.81
5.18
6.17
6.74
10.37
12.98
9.40
10.38
16.58
9.40
8.29
9.33
9.31
5.35
8.30
7.09
11.41
18.28
15.60
19.63
6.66
7.23
10.38
5.80
23.21
9.86
17.71
15.42
7.39
5.67
8.69
13.50
8.82
13.49
8.84
12.48
35.31
8.29
6.11
13.99
7.89
6.66
9.30
8.78
5.34
6.75
10.40
7.11
5.19
16.09
23.31
10.96
30.65
11.42
6.23
9.30
17.60
7.77
7.26
6.26
13.03
12.37
20.71
8.83
5.18
5.18
7.66
7.76
10.35
9.35
11.43
17.78
5.16
8.81
15.58
16.75
25.25
30.69
15.88
7.26
15.71
15.33
13.30
6.24
17.12
7.78
29.57
9.32
5.71
6.19
7.33
6.74
17.12
6.79
6.17
22.88
28.00
6.68
12.90
7.74
7.25
8.42
6.93
19.70
7.77
7.90
16.06
5.27
10.23
12.90
7.35
6.81
7.37
20.62
7.19
6.21
5.87
10.73
12.90
12.80
13.94
6.22
10.35
12.45
26.45
16.16
7.73
7.36
28.57
21.77
7.18
8.31
13.62
6.75
16.08
9.20
5.23
8.33
8.45
12.91
11.33
8.69
12.99
10.90
12.94
8.98
6.84
15.56
8.72
5.24
9.70
7.23
16.03
7.39
8.83
8.91
10.21
15.50
7.79
9.43
16.13
9.76
13.39
6.86
8.32
11.98
5.15
9.33
18.08
29.06
6.83
7.78
8.28
20.43
23.30
5.73
5.13
27.84
17.67
5.20
6.74
17.81
15.90
9.28
8.45
8.38
15.38
5.16
8.61
5.19
6.33
9.79
8.32
6.70
7.38
9.26
18.30
18.06
12.05
8.27
9.87
12.26
5.15
15.94
6.32
6.22
6.91
10.99
21.97
10.21
10.72
8.29
7.79
7.36
5.20
29.94
7.17
6.70
11.37
12.90
6.91
17.12
8.15
7.33
8.44
7.36
5.67
31.30
5.60
10.78
19.07
10.48
5.65
16.17
35.81
7.79
8.76
10.27
11.39
14.00
5.72
21.99
9.33
18.08
27.99
5.68
23.01
8.30
15.13
5.23
9.82
5.79
7.76
11.76
12.79
26.88
13.48
6.75
5.81
5.32
11.17
14.47
8.85
29.49
13.53
22.92
8.21
10.82
6.67
5.23
5.16
6.20
12.99
9.38
18.68
15.16
9.29
9.41
10.91
20.25
11.23
8.47
12.05
10.48
6.71
8.98
8.34
13.91
11.66
9.21
9.84
8.82
10.88
12.08
22.80
17.79
15.45
16.59
7.62
6.19
5.68
8.28
9.33
6.26
11.39
19.17
7.27
10.86
9.32
7.77
10.40
11.55
5.04
15.64
10.37
6.22
6.93
8.83
9.84
7.60
10.24
12.91
18.81
21.28
5.71
7.27
8.31
19.64
10.88
5.18
9.49
5.06
35.87
9.26
32.28
9.28
5.54
6.22
5.19
12.96
10.90
10.88
11.36
19.68
7.23
5.20
9.82
7.74
6.74
14.11
5.68
27.68
23.27
19.17
5.66
30.73
7.28
14.04
5.71
7.15
6.72
8.88
6.07
6.72
22.93
7.78
24.43
7.29
12.34
8.69
8.83
8.81
5.17
10.40
12.08
6.26
9.54
5.17
7.20
11.94
12.41
10.80
5.71
6.76
16.03
29.95
5.19
16.03
9.87
8.84
6.91
5.67
5.89
11.94
7.76
5.18
9.77
9.82
9.84
13.33
13.38
11.99
7.92
16.11
19.15
8.98
19.69
5.16
7.58
5.73
7.31
22.32
7.77
5.36
6.13
18.69
10.17
8.18
7.26
8.93
14.51
5.38
9.25
5.33
11.22
17.65
11.79
10.88
9.45
9.54
11.35
12.39
5.28
10.16
9.36
9.49
19.14
13.44
9.90
7.23
8.30
10.74
12.98
17.25
9.49
11.27
6.27
6.22
32.33
10.91
6.56
7.07
10.88
19.34
16.11
7.78
6.05
5.70
5.17
6.78
11.97
6.20
15.63
9.85
12.03
8.75
6.64
7.80
6.24
10.36
7.74
6.26
47.72
5.82
14.50
11.80
7.28
13.44
42.55
5.15
28.62
5.84
14.05
7.20
6.11
5.77
7.78
9.19
5.71
17.02
7.34
5.36
8.85
7.14
8.72
9.41
13.45
15.04
9.38
6.23
9.40
18.04
10.42
8.76
12.34
8.94
5.77
5.73
45.09
6.67
6.75
6.16
11.50
5.78
5.50
20.20
17.31
37.24
5.88
36.52
23.67
7.64
14.37
11.52
5.20
7.90
9.90
9.26
14.50
5.64
9.50
24.75
21.77
10.55
7.22
24.21
5.18
9.69
5.17
12.11
18.70
9.34
9.78
11.38
10.37
14.05
4.97
16.27
6.23
18.67
5.54
5.27
7.87
15.57
9.79
7.77
25.32
9.88
10.90
8.28
7.25
5.20
15.56
5.71
12.45
10.89
17.08
5.91
8.92
15.63
9.69
10.53
12.98
16.59
6.67
5.31
9.33
5.18
7.17
8.93
28.00
6.84
20.73
31.22
9.18
8.22
5.17
12.90
6.21
8.91
5.70
8.73
5.10
7.76
6.90
10.89
7.91
13.31
17.64
6.23
11.29
8.44
6.76
16.16
13.88
6.67
18.24
16.65
16.55
5.64
20.31
15.44
19.27
22.38
5.31
6.16
10.51
23.85
7.28
22.85
5.10
5.02
6.21
7.23
10.33
11.22
7.91
10.87
9.36
13.01
7.77
5.65
8.13
5.35
11.54
6.80
7.12
9.14
10.80
7.25
5.16
7.27
14.57
8.30
8.82
30.82
7.23
11.51
7.23
9.72
6.93
20.73
6.05
6.61
5.66
21.40
11.41
8.84
9.79
9.85
15.05
7.20
8.98
6.73
10.53
6.07
10.96
14.53
13.61
10.82
12.29
10.43
13.87
11.07
8.87
14.48
10.20
6.19
5.23
16.10
13.60
19.72
8.26
6.24
14.86
5.24
16.27
11.52
5.15
12.32
12.49
12.81
7.34
10.91
7.63
10.32
23.32
24.41
18.16
6.38
5.04
7.80
7.25
35.81
15.55
8.80
10.47
8.39
9.82
5.12
9.39
23.86
6.74
6.06
9.36
11.42
13.45
21.25
20.43
26.90
10.37
7.28
16.05
7.25
12.09
5.20
9.15
6.58
5.84
8.41
6.15
15.57
19.28
11.92
6.03
7.36
6.92
7.07
5.59
5.15
6.96
7.33
9.25
31.11
7.73
14.62
14.13
19.07
9.37
19.54
6.77
5.87
8.46
16.50
12.25
12.80
5.22
11.37
7.94
13.46
22.29
19.21
18.14
10.53
13.92
21.28
5.09
12.27
6.74
13.01
9.35
12.96
6.24
10.38
8.81
10.86
10.82
9.44
6.73
16.18
8.80
6.78
20.64
7.83
6.26
5.22
6.57
8.30
13.10
12.48
10.95
25.95
16.03
24.39
9.89
12.96
5.61
10.26
21.84
5.63
16.58
14.16
17.10
12.96
5.75
5.17
11.98
19.12
10.51
26.30
14.16
8.24
23.17
21.46
9.92
5.62
8.17
13.07
8.26
12.44
8.30
15.68
14.66
9.41
8.38
17.97
22.18
9.43
15.61
8.88
8.20
10.75
11.01
15.52
15.16
8.75
6.64
17.49
11.01
8.46
7.81
13.31
12.83
14.01
40.56
11.01
7.25
6.10
15.73
14.49
22.15
5.92
7.97
6.57
9.14
27.35
14.12
11.60
5.85
7.32
6.09
7.79
6.08
6.72
9.87
7.94
8.23
7.71
17.78
14.90
7.26
24.27
26.50
7.25
6.60
10.42
17.70
12.67
5.68
17.42
14.54
5.19
15.59
38.37
14.51
7.74
8.80
11.41
8.29
7.81
9.84
5.22
7.76
19.71
5.18
13.05
5.60
8.47
14.70
6.16
8.24
8.90
7.82
10.75
18.05
17.97
20.79
13.53
8.28
5.27
29.16
6.21
13.68
6.12
18.06
5.11
16.96
12.84
5.75
11.61
6.22
18.71
11.94
12.76
5.20
6.86
19.71
10.27
5.11
29.18
12.48
5.07
9.85
6.96
9.86
10.29
15.59
6.13
13.49
7.21
5.69
8.82
5.76
18.64
6.21
7.26
6.29
9.92
8.30
16.61
10.32
8.78
9.44
16.14
10.36
5.64
27.34
9.32
11.91
7.33
41.56
10.36
14.55
6.72
16.61
31.79
5.19
7.69
15.07
33.19
17.19
6.14
16.78
23.36
22.29
23.17
8.29
6.91
7.31
29.23
7.42
16.43
9.68
10.16
11.96
8.31
9.35
7.40
10.36
6.21
6.79
6.62
6.72
24.03
9.40
5.34
13.98
5.19
19.49
10.70
8.41
5.07
13.12
15.68
18.24
13.46
17.53
13.46
12.42
17.07
11.41
8.31
14.53
5.74
6.80
11.52
14.00
19.20
25.92
10.84
15.05
25.46
8.79
9.25
6.21
5.72
8.94
35.88
6.15
5.71
13.87
11.79
5.74
10.57
14.48
11.36
11.22
6.88
5.71
7.89
18.67
17.01
10.93
8.65
17.14
18.10
6.22
9.33
7.79
10.42
13.14
9.36
5.21
11.89
12.29
8.80
6.22
6.91
6.30
10.69
7.68
11.58
11.59
34.72
7.60
6.20
11.47
22.68
9.84
6.17
8.97
8.32
18.61
12.39
8.37
11.55
9.75
8.64
11.45
6.72
5.72
5.72
8.84
23.39
17.68
6.10
18.74
8.78
5.15
8.23
21.28
30.59
8.27
7.78
23.96
11.92
5.60
12.00
6.82
7.71
5.18
14.99
6.28
7.23
34.80
7.73
13.07
6.69
12.11
17.56
5.70
14.91
6.03
9.37
6.25
5.20
7.26
11.38
10.28
5.22
5.87
8.89
14.46
7.30
17.54
7.23
10.43
8.82
10.31
5.23
45.52
7.25
8.30
5.68
5.73
5.82
7.29
6.15
11.90
7.26
17.62
17.07
10.90
14.50
11.06
15.53
5.04
6.23
5.21
12.45
43.14
11.44
9.88
12.01
6.71
13.97
15.73
6.23
12.30
6.75
23.27
26.81
16.13
15.67
5.75
5.62
5.13
14.53
6.22
6.85
7.89
9.85
8.26
12.45
6.87
29.04
19.30
6.13
11.32
7.74
10.47
7.25
18.11
8.69
10.27
8.81
7.37
6.80
5.70
11.06
9.28
10.24
30.67
28.03
23.36
21.06
25.79
7.25
12.56
5.25
16.19
6.15
6.71
34.40
5.19
5.78
14.99
13.87
29.50
5.31
5.07
65.33
25.95
5.55
7.78
7.46
9.44
10.89
13.33
18.26
25.95
36.21
20.77
8.27
12.99
11.07
26.59
11.78
8.26
17.12
36.67
8.24
32.16
5.28
18.18
9.26
16.12
6.74
12.62
23.86
5.18
31.09
6.34
5.57
15.10
24.18
5.70
14.57
9.31
9.79
19.71
15.20
11.08
11.94
5.58
5.14
20.64
8.30
5.86
28.54
7.08
7.28
25.39
6.74
7.96
21.73
11.41
6.55
7.25
11.94
9.85
22.30
6.72
6.23
16.16
26.45
14.96
12.03
5.09
30.72
9.86
10.94
51.45
7.76
5.75
10.35
17.61
5.58
20.40
6.36
11.29
8.66
5.27
6.75
6.13
6.76
13.15
37.35
6.56
9.84
5.69
5.70
6.87
5.73
6.64
10.32
10.88
9.34
16.03
6.40
18.17
13.64
5.68
9.68
11.92
22.80
7.80
28.53
31.69
6.22
25.76
22.33
7.86
10.37
5.20
18.65
6.72
17.47
5.87
5.17
13.57
11.46
9.76
11.42
7.60
9.36
12.93
8.80
10.98
13.55
10.81
6.75
25.38
7.84
10.85
16.71
5.69
12.93
9.86
14.91
12.94
21.30
6.21
17.12
9.89
8.44
7.86
7.15
19.17
6.91
20.64
7.71
12.46
5.17
7.87
10.32
7.81
5.60
22.36
10.38
6.65
6.72
7.25
5.78
7.22
10.39
7.77
6.22
23.28
19.19
8.29
28.08
11.42
7.77
5.20
9.44
8.32
6.16
18.18
22.45
7.63
19.76
9.63
14.56
13.54
9.29
23.83
8.80
6.81
8.48
6.74
5.52
19.84
9.35
14.43
7.26
10.91
7.92
10.47
5.54
11.92
6.24
14.59
22.29
6.69
25.41
7.37
9.85
10.80
10.21
7.23
8.82
12.93
37.20
7.33
5.20
7.69
11.02
25.45
16.51
23.33
20.79
6.13
5.25
8.73
15.51
11.55
5.35
23.38
11.28
10.74
6.23
11.07
24.56
12.46
6.56
6.56
7.25
5.82
10.40
5.25
22.27
10.92
6.76
16.63
8.75
14.45
7.18
5.71
6.23
15.05
12.10
5.73
13.12
6.68
25.32
5.63
5.24
8.32
23.15
9.87
5.17
7.81
10.37
23.28
8.80
30.64
6.27
10.91
6.72
29.08
6.73
5.31
5.73
8.86
13.99
7.96
7.79
7.07
7.23
15.38
7.38
12.45
6.16
10.97
13.01
38.88
20.13
7.84
27.04
21.23
5.87
9.82
6.08
12.34
33.15
17.66
11.36
5.15
31.68
5.25
8.29
9.28
9.27
5.71
7.79
16.08
9.87
33.76
16.72
38.56
20.26
9.17
9.45
17.94
8.83
9.33
20.17
7.78
9.30
10.80
12.99
17.34
5.70
13.48
5.61
20.75
7.25
14.54
10.32
6.38
6.76
8.37
7.74
10.32
5.30
7.18
18.24
9.84
18.03
9.69
17.69
48.77
14.07
10.87
5.70
8.69
10.38
6.21
66.88
9.87
18.21
8.27
5.15
15.60
6.77
18.16
22.30
5.65
7.25
7.78
6.22
13.44
5.89
7.09
17.14
10.38
21.40
5.30
15.60
9.68
10.83
9.35
16.44
6.22
7.32
6.70
13.62
5.23
28.53
5.20
7.82
7.39
14.00
10.23
9.02
7.93
25.25
7.73
6.24
7.26
15.43
8.29
7.65
7.92
5.09
11.39
19.20
9.87
5.18
9.84
7.28
28.50
8.32
20.26
8.86
6.24
12.94
9.28
9.15
5.78
11.92
8.88
23.92
5.63
18.31
11.31
5.69
7.79
23.28
11.35
7.86
8.89
10.83
7.26
23.55
11.87
5.19
11.33
7.26
7.81
8.90
25.25
10.91
5.84
5.20
8.21
7.23
5.60
5.28
29.17
6.77
8.23
7.10
9.92
6.67
16.65
13.15
25.92
5.70
13.15
11.82
7.75
15.87
5.88
5.57
12.39
57.52
18.77
6.71
8.44
10.95
9.87
9.37
10.46
5.73
9.34
5.15
7.17
7.12
7.86
9.85
5.66
5.71
8.32
10.43
5.02
6.74
11.49
5.73
10.56
7.29
8.18
5.68
7.26
8.23
7.12
6.71
12.08
5.31
16.63
6.61
11.26
9.36
6.24
5.22
6.75
10.89
5.19
20.22
5.71
15.65
13.60
13.45
18.11
5.55
5.81
11.90
6.87
16.95
30.66
11.26
5.60
8.80
5.20
23.87
8.78
6.24
16.72
26.48
5.63
5.65
14.50
13.95
6.72
5.73
17.25
11.92
6.23
6.27
22.30
7.57
22.99
8.28
17.25
10.18
9.73
19.68
12.12
5.28
12.38
6.64
11.35
7.78
5.05
9.35
8.31
9.84
16.59
35.31
6.26
8.83
5.71
36.35
8.48
8.13
15.50
16.19
13.50
9.35
14.66
5.56
8.91
6.69
12.42
7.76
18.73
27.19
8.62
14.64
20.26
11.06
11.46
10.40
7.17
6.75
5.15
11.97
20.25
5.33
5.83
25.78
14.92
10.38
14.35
8.98
9.94
11.90
11.89
12.91
15.57
10.91
8.93
13.55
5.67
19.10
24.88
5.25
10.19
11.87
7.25
5.36
31.63
21.84
12.81
12.00
9.01
9.89
18.67
9.87
18.57
5.70
24.75
6.24
16.10
6.33
23.16
6.60
5.33
6.81
27.95
6.59
5.18
7.91
8.29
12.30
17.17
23.92
11.47
6.41
7.70
6.62
24.86
25.35
6.87
23.28
16.19
17.98
16.12
16.93
11.44
8.90
7.17
22.88
28.04
6.75
5.20
6.24
8.22
7.28
6.75
16.53
8.27
24.91
5.24
20.74
14.13
8.30
5.58
18.60
13.04
12.44
10.42
5.65
5.12
10.88
22.24
21.31
19.21
6.73
5.76
8.90
10.39
11.32
5.84
7.95
6.16
25.21
7.26
8.24
7.11
12.02
8.29
16.49
5.71
7.86
20.66
14.40
20.32
5.21
5.23
17.68
6.77
6.40
9.89
7.79
6.62
7.23
7.25
5.72
14.37
15.02
27.60
9.53
6.59
21.32
11.37
14.55
5.56
5.72
18.58
8.88
5.79
5.79
12.40
19.73
13.83
9.81
5.74
18.29
9.83
9.68
5.33
28.56
5.05
14.54
16.64
18.29
5.15
20.20
9.14
13.55
12.97
20.73
11.41
9.30
6.23
11.94
10.97
10.41
7.24
8.24
8.93
17.46
8.32
14.64
6.07
10.35
8.29
5.63
10.91
11.43
5.71
6.86
10.26
10.50
19.14
10.73
9.33
16.09
5.22
8.43
9.32
7.63
6.18
5.76
17.17
5.17
6.66
11.31
24.86
17.12
7.88
18.77
13.05
5.14
10.53
17.02
10.35
10.40
21.28
19.71
5.17
10.90
5.20
12.29
10.38
8.36
11.94
8.34
13.94
13.48
15.73
5.17
5.07
6.90
7.79
12.99
10.24
5.71
6.23
13.89
10.91
14.64
10.36
5.57
8.94
15.13
15.70
6.71
7.14
7.82
9.01
7.71
7.74
6.23
7.77
16.10
6.23
40.90
6.41
11.77
5.14
5.69
24.91
16.64
6.76
6.27
6.28
7.72
11.92
5.31
17.55
16.04
5.31
7.14
7.25
16.06
20.92
7.68
7.68
17.17
6.20
5.11
8.29
8.80
8.32
13.00
13.58
9.53
5.14
8.72
9.36
9.84
22.37
6.32
8.24
5.53
56.19
5.76
24.83
8.43
25.27
6.53
27.44
7.81
8.29
14.97
6.74
13.03
7.19
20.22
18.67
8.80
9.01
23.33
13.33
6.83
25.97
10.38
12.85
11.38
9.27
5.20
11.93
15.06
7.32
8.78
9.46
23.45
16.56
10.31
25.84
18.71
6.22
12.40
5.83
23.81
6.20
8.79
17.06
5.75
5.15
5.70
10.28
7.77
15.12
5.10
22.83
26.60
18.21
26.47
6.77
17.00
7.90
13.11
11.28
5.61
21.72
8.79
7.27
15.25
6.73
6.03
12.96
9.36
9.35
5.70
5.26
7.23
17.63
9.27
6.70
9.41
8.36
5.19
14.55
20.14
17.26
33.23
7.42
5.64
9.71
8.14
6.19
12.99
6.74
33.76
11.87
8.99
6.74
13.31
5.20
10.87
17.06
11.90
5.20
9.89
11.58
17.18
6.58
11.94
6.40
16.43
9.33
8.64
7.77
5.67
15.07
6.80
25.91
8.27
10.83
5.19
9.89
6.73
8.30
11.92
7.25
17.21
8.97
8.83
5.18
7.63
13.00
5.62
11.99
14.66
6.85
6.11
10.35
5.82
7.24
17.62
7.33
28.53
16.00
11.87
12.30
8.35
8.41
8.96
6.67
8.69
8.26
8.39
25.45
7.16
6.23
5.71
16.22
7.20
15.59
16.10
8.19
12.08
9.29
16.61
17.41
13.63
7.30
6.19
8.12
8.83
10.38
11.57
31.71
14.53
5.17
6.59
10.36
7.76
9.49
6.23
5.69
8.14
5.79
11.45
8.77
15.46
17.59
5.81
9.84
7.28
7.81
8.99
13.55
5.70
7.23
9.14
6.25
5.78
16.50
5.12
16.25
6.24
15.47
5.22
13.41
11.96
7.95
10.40
8.11
23.97
6.77
12.39
5.33
6.75
5.67
14.38
5.22
9.89
5.72
13.91
6.85
5.29
7.57
18.69
6.72
13.04
8.85
39.40
20.24
14.16
7.25
24.46
7.72
8.27
5.57
7.19
5.63
7.76
17.84
13.18
18.11
16.12
19.04
12.50
6.77
13.24
8.80
15.10
6.39
6.72
9.18
11.36
5.91
5.14
14.49
9.47
10.14
8.29
6.23
9.87
5.83
30.98
15.42
33.32
11.97
14.70
9.76
17.01
13.03
24.88
11.98
15.53
10.89
7.32
13.17
21.81
8.08
7.36
20.62
6.53
10.98
5.17
6.32
6.41
6.13
14.08
19.65
13.87
13.28
10.48
12.45
15.56
7.66
6.32
11.39
10.94
14.11
6.75
12.37
13.48
11.57
6.85
9.85
16.08
9.70
5.71
7.95
28.37
16.77
6.27
16.91
9.76
9.29
5.73
13.49
5.20
10.50
18.16
6.24
7.16
9.83
19.71
13.85
6.22
5.83
9.51
5.88
8.75
10.29
8.70
6.14
6.33
11.90
6.09
7.82
8.29
7.27
11.35
5.71
8.99
26.43
12.96
11.78
10.40
8.49
6.08
11.93
5.79
22.81
6.24
5.35
6.10
15.73
8.14
11.94
22.18
23.33
20.19
6.25
20.22
10.39
5.31
6.70
13.41
13.95
6.23
7.81
46.65
5.72
16.65
16.10
7.79
9.85
7.73
7.25
5.75
16.04
11.52
6.23
6.11
5.24
12.83
8.97
9.76
15.17
16.02
8.70
19.87
13.39
6.23
17.41
10.38
25.55
10.36
5.68
6.24
7.32
8.76
20.61
11.42
5.73
15.54
17.78
22.30
5.10
13.20
9.78
7.81
7.76
5.22
12.27
6.24
9.33
6.18
5.16
13.47
26.32
6.72
17.64
5.72
8.31
22.27
31.60
11.47
6.22
10.34
8.90
6.76
16.16
16.59
11.79
6.74
9.36
7.89
11.31
6.68
38.92
21.28
18.35
21.83
7.91
5.68
8.61
5.25
10.25
17.05
8.83
18.61
11.97
36.43
5.83
5.61
8.35
6.74
7.78
14.04
5.19
5.03
13.61
6.21
13.11
5.59
7.20
13.96
14.87
10.37
15.57
17.84
12.16
14.15
8.11
7.08
8.73
8.80
7.83
12.42
6.88
25.97
19.08
10.29
15.58
11.95
10.35
53.57
8.31
5.20
7.25
18.16
8.19
7.27
11.45
7.25
8.91
18.61
7.65
5.82
10.83
5.15
7.75
11.61
5.30
5.63
7.04
5.70
8.34
13.42
11.26
11.43
10.90
16.56
6.75
7.82
10.38
11.93
11.41
6.21
6.86
5.75
7.06
26.96
8.97
11.37
5.81
8.96
7.60
5.54
10.48
12.85
8.30
16.21
15.51
6.10
5.20
14.10
14.12
13.07
5.04
10.32
24.35
5.18
10.48
13.02
7.84
6.71
7.18
18.55
17.14
11.90
8.21
8.85
25.43
5.86
6.88
18.22
8.11
12.99
16.55
6.30
39.20
15.51
5.77
31.65
13.47
8.18
6.70
5.76
11.52
16.57
20.26
8.14
6.27
8.29
8.29
5.86
7.84
5.76
6.64
6.72
12.33
5.70
6.90
14.09
7.77
15.61
18.62
7.10
20.73
13.81
7.90
8.39
5.14
7.34
7.71
5.31
14.96
6.75
7.27
26.40
6.12
8.28
10.99
12.91
6.69
8.96
5.77
5.69
7.77
11.86
8.11
7.88
8.27
19.76
13.47
10.29
20.67
11.36
7.77
5.72
7.86
7.29
7.87
5.75
34.23
7.63
5.71
8.42
11.49
10.29
7.69
9.24
5.31
9.91
18.28
7.72
17.03
15.65
6.89
11.87
11.93
5.77
15.46
8.35
6.77
9.84
8.33
31.14
24.87
7.30
6.13
7.97
16.05
11.39
5.20
9.81
13.50
8.27
12.95
21.81
13.55
8.97
12.94
7.60
18.61
9.82
17.81
11.52
17.57
5.59
8.80
18.02
11.52
6.75
6.11
10.86
13.47
7.87
5.77
11.12
9.28
10.88
16.56
6.76
6.35
19.30
32.98
10.88
5.66
7.41
6.61
9.31
6.21
17.63
20.64
11.97
11.39
5.20
20.76
5.70
12.99
28.05
6.74
13.00
9.45
9.36
10.92
25.47
6.10
8.30
13.03
6.69
6.70
18.72
25.55
13.89
19.52
8.40
6.22
35.21
12.60
6.36
6.12
17.62
8.93
11.80
8.37
10.34
7.35
20.22
16.65
7.73
7.25
13.54
25.92
12.91
10.37
5.23
13.40
15.06
10.55
5.73
25.37
15.21
16.49
5.68
5.56
7.76
5.23
7.32
8.87
6.20
7.33
18.61
5.17
5.34
17.73
12.40
8.32
7.25
16.97
7.82
19.02
5.22
7.21
22.29
17.30
36.85
5.58
10.40
5.19
6.92
17.22
6.58
7.61
21.78
7.39
5.11
14.50
11.87
8.97
8.82
12.96
6.22
16.93
7.86
19.36
7.81
5.09
5.29
8.45
6.15
15.36
11.26
7.20
10.38
12.46
16.06
16.64
10.47
14.56
7.22
5.61
5.71
7.28
6.24
6.20
11.42
16.05
7.76
7.25
10.32
6.40
7.79
14.58
14.88
8.95
6.73
7.66
15.48
11.57
22.84
16.00
16.55
15.47
39.46
7.27
5.78
6.40
11.41
5.09
11.93
10.81
17.66
7.81
7.30
7.35
5.60
21.71
18.26
7.37
9.33
6.10
9.23
6.73
10.56
9.37
5.71
5.67
19.17
5.89
15.68
21.70
9.20
6.14
18.69
7.15
16.09
6.37
8.29
17.06
34.45
6.86
11.25
16.62
5.18
9.79
6.23
24.30
5.34
17.78
5.62
5.63
5.25
21.73
18.06
6.87
8.29
19.62
12.45
8.54
5.23
7.74
29.47
11.79
7.36
5.71
21.79
16.07
6.42
24.75
11.89
10.51
17.06
10.41
12.00
11.38
16.52
8.64
7.79
14.48
15.00
5.26
11.41
11.36
17.80
16.72
16.69
9.71
22.12
9.38
8.28
20.13
10.35
10.34
5.20
21.88
23.95
7.79
8.83
6.93
9.17
5.20
12.42
7.81
14.48
8.97
16.08
8.21
9.32
22.17
7.23
6.77
17.15
14.00
8.96
8.44
10.18
14.47
5.74
5.24
14.45
6.19
5.19
7.16
5.20
13.99
6.26
8.93
7.29
5.16
17.77
9.76
20.21
12.31
5.28
7.31
16.77
7.12
11.38
13.36
13.12
18.11
7.71
21.94
9.21
22.24
18.26
38.37
7.20
21.17
14.00
5.68
18.19
11.36
23.39
11.50
6.72
32.70
5.66
12.95
13.56
6.19
8.92
5.18
6.35
11.37
12.96
6.66
5.73
6.80
8.88
7.74
15.49
16.76
26.93
6.84
7.10
6.63
8.29
8.49
12.46
6.63
6.23
5.87
27.10
5.04
6.71
7.24
26.91
15.52
7.32
7.82
11.89
16.49
24.46
8.69
14.58
20.79
21.20
20.24
17.68
7.79
9.46
12.00
23.33
5.68
14.45
10.38
22.70
10.97
5.20
10.50
13.40
7.80
15.20
8.81
7.57
20.64
22.30
27.68
23.81
17.63
5.70
11.49
26.82
5.66
14.00
5.33
6.22
22.19
7.28
7.31
15.56
11.40
18.21
11.93
13.82
7.79
16.64
5.14
11.39
6.24
8.94
6.72
8.47
13.42
6.61
9.38
8.00
13.14
10.04
8.09
22.78
7.13
9.18
2.57
6.63
3.46
5.99
4.03
8.93
4.08
6.68
5.54
2.17
10.72
18.78
4.52
19.71
15.83
22.36
3.60
14.13
15.33
2.53
4.16
4.03
2.00
11.02
10.31
11.63
20.27
6.64
5.79
10.21
7.54
14.69
12.07
3.16
3.66
10.11
3.45
5.51
6.15
14.80
14.34
7.04
3.45
5.53
6.44
4.07
12.26
4.17
9.76
17.74
5.04
1.98
1.63
11.82
13.25
7.50
12.69
12.28
4.56
7.63
2.56
3.50
2.99
29.41
3.00
8.11
13.68
5.06
8.17
4.01
2.54
2.60
5.60
2.02
5.01
2.95
4.08
9.23
2.00
6.68
2.62
4.62
3.52
1.62
10.10
7.23
10.06
10.24
15.72
3.45
32.05
10.65
16.73
3.49
1.53
11.73
12.06
2.54
12.69
6.14
10.11
7.70
3.53
3.55
1.90
8.58
24.36
5.22
15.42
10.64
8.58
7.07
3.00
6.02
1.95
4.68
5.01
10.18
39.21
1.61
7.60
5.65
16.81
2.46
5.62
2.56
15.31
3.65
7.01
18.85
8.16
11.99
6.98
2.47
26.83
2.62
4.69
4.44
6.52
4.10
3.59
3.52
27.76
5.18
3.67
6.05
3.95
8.87
4.39
6.61
7.61
4.07
9.77
1.78
7.71
13.22
5.92
7.31
8.63
15.19
19.39
6.72
4.21
1.97
9.05
2.13
8.53
2.43
1.69
3.53
9.09
12.64
6.07
4.12
4.50
7.02
3.60
2.05
6.11
19.22
1.60
14.24
3.59
9.17
4.08
2.56
9.26
6.62
10.51
4.03
2.43
1.60
6.69
17.28
3.52
7.23
10.58
12.62
12.02
5.53
7.80
12.26
10.75
14.00
4.59
9.64
38.12
12.12
10.13
16.74
5.63
6.55
2.54
10.74
5.50
2.17
20.45
28.49
3.56
4.04
5.00
2.67
5.01
3.37
4.58
2.07
11.42
5.14
20.81
5.54
3.92
3.74
8.76
16.05
2.89
3.95
9.49
1.73
2.07
2.30
2.57
9.70
3.05
5.67
11.23
6.47
3.10
10.68
8.74
14.22
2.43
14.73
4.16
2.11
6.58
2.65
19.96
5.58
2.84
1.57
7.58
1.98
11.11
1.91
8.13
8.67
4.00
10.30
31.60
11.77
10.06
3.36
8.03
2.98
1.94
11.70
5.21
14.32
6.07
2.04
3.97
2.13
3.10
5.07
17.27
25.34
19.73
3.69
5.09
14.17
3.51
4.18
8.59
12.24
2.05
5.04
7.07
5.11
30.37
12.75
20.78
8.09
7.11
6.03
2.62
13.66
2.41
8.69
3.63
5.11
4.58
12.60
2.19
8.04
2.03
12.22
10.70
5.63
2.19
2.04
2.50
15.70
5.02
4.65
2.61
3.08
4.47
12.78
3.61
2.47
6.43
13.64
13.06
8.21
7.60
6.78
9.84
9.49
7.29
6.60
13.06
10.90
15.75
13.97
7.05
13.28
10.55
21.89
7.31
9.31
5.16
12.78
5.19
6.80
6.18
13.01
5.69
8.74
8.90
22.29
7.82
5.28
6.25
11.97
8.10
8.09
5.25
22.80
7.21
11.44
9.41
5.68
8.93
8.28
7.88
13.84
20.65
5.22
13.52
11.55
7.76
7.12
6.24
11.46
9.83
8.09
15.52
6.26
11.47
6.43
5.66
17.11
20.56
8.28
11.39
5.36
15.01
58.05
14.00
9.36
6.26
30.48
6.89
7.33
7.41
12.84
19.65
15.54
31.46
11.78
8.27
8.42
6.33
8.31
9.26
11.31
11.93
6.76
14.08
5.65
7.24
5.20
12.82
8.85
9.86
5.71
7.20
11.94
5.34
13.01
5.00
5.21
10.45
8.29
19.68
9.31
15.42
13.52
10.84
17.68
5.20
22.97
5.19
8.29
17.57
5.15
16.48
12.05
10.40
9.21
17.60
15.50
11.57
13.03
6.08
10.45
5.07
6.37
12.95
11.42
6.20
14.40
12.98
16.67
12.42
16.64
5.62
6.65
9.34
7.27
13.60
7.88
11.03
5.24
15.84
12.78
12.78
13.61
8.34
16.72
11.86
11.44
10.87
11.44
6.08
15.47
10.30
9.85
6.75
8.82
12.48
11.98
11.49
8.79
7.71
13.60
24.32
11.38
6.93
7.44
14.46
6.56
7.25
6.23
16.97
10.91
10.48
5.73
6.64
8.29
16.13
27.90
7.79
28.64
9.88
13.95
11.28
7.36
12.01
11.86
6.67
27.45
6.25
9.36
13.49
16.08
17.73
17.63
11.92
9.32
11.43
6.20
8.92
37.47
6.20
5.09
6.21
31.56
5.89
5.63
5.18
6.68
15.62
10.74
6.69
17.08
8.37
18.71
20.25
6.70
8.28
10.55
12.15
8.37
9.27
12.43
23.73
5.77
30.43
6.27
12.43
10.94
7.65
6.26
15.23
5.18
10.35
12.45
9.89
16.60
7.81
9.21
6.19
6.71
16.99
7.25
24.48
10.87
29.08
5.55
5.18
28.48
11.37
13.49
7.79
14.00
18.25
5.28
14.44
44.14
19.07
6.71
7.40
13.50
10.91
11.83
21.80
6.67
7.70
8.94
7.63
22.32
14.49
8.85
12.96
5.15
8.39
6.86
21.75
6.64
5.79
10.27
5.60
5.89
16.60
11.44
8.28
12.42
5.16
13.56
8.93
30.64
6.59
7.25
44.97
6.32
5.67
6.63
34.21
12.40
9.47
11.28
31.77
5.18
30.08
7.91
12.99
9.79
5.22
10.45
30.46
10.78
10.86
23.31
5.73
14.74
5.16
6.57
24.86
5.17
5.73
14.15
11.97
9.81
11.28
10.45
17.19
5.63
10.47
8.85
37.30
9.42
7.79
9.85
24.26
9.71
16.61
15.54
9.34
11.44
33.33
7.20
11.97
28.53
6.08
5.39
5.23
19.17
7.28
12.91
11.36
5.18
6.24
8.84
6.61
17.06
5.69
9.31
23.94
14.16
24.30
6.08
6.61
7.89
5.78
7.25
5.80
11.90
6.20
14.54
10.48
6.19
6.28
6.01
23.16
6.79
13.19
23.89
8.70
12.01
10.49
9.78
10.74
16.52
15.56
13.12
6.61
9.47
23.84
19.27
6.38
8.89
13.36
9.84
10.46
6.16
20.14
7.70
6.13
6.24
13.48
7.28
5.33
8.93
10.51
10.25
12.30
20.08
14.12
18.61
10.78
8.24
13.58
5.11
7.87
51.57
7.23
18.59
22.32
7.67
7.97
6.30
6.55
23.85
10.38
6.24
9.38
10.88
38.29
27.50
5.70
6.93
7.23
20.69
9.87
20.72
6.24
8.86
6.78
19.14
20.72
18.64
5.68
7.82
9.73
6.20
17.14
7.28
5.71
9.49
31.60
10.93
5.25
12.39
11.39
19.52
10.91
9.31
16.22
5.73
26.94
5.06
13.52
8.78
20.24
11.43
7.24
8.29
12.06
8.33
31.71
9.39
10.93
10.83
7.35
12.32
7.92
9.67
10.47
15.90
9.87
11.44
9.31
8.77
17.09
36.84
8.69
9.84
25.39
7.22
7.79
6.35
7.98
10.87
11.22
9.68
6.20
7.24
5.71
6.77
8.96
10.26
13.55
6.40
24.92
13.55
29.64
10.29
6.22
7.23
5.28
22.70
6.16
5.10
7.28
8.43
66.13
7.76
16.00
7.75
12.94
5.17
7.86
9.83
5.65
9.53
6.22
5.74
5.73
9.70
12.39
17.10
30.16
16.23
26.49
9.27
9.90
5.54
21.17
10.91
6.22
15.71
23.50
6.14
7.30
5.73
16.53
8.16
13.07
20.77
5.84
10.80
9.90
7.68
5.17
5.62
9.47
9.74
7.97
30.62
33.18
5.22
5.30
20.07
7.87
12.92
9.78
6.80
8.77
14.54
25.96
5.22
6.74
8.85
7.76
6.85
11.38
5.20
24.89
22.72
10.30
5.20
7.33
7.17
8.82
16.48
9.84
15.02
19.86
5.22
5.69
9.20
6.17
25.52
8.99
6.70
12.96
9.39
16.82
6.29
8.12
8.14
7.14
9.87
13.11
10.38
13.66
11.04
17.49
8.15
8.28
6.20
25.92
10.34
5.68
8.63
8.88
5.18
11.92
7.22
5.18
12.47
15.05
7.80
8.82
9.41
9.92
7.36
14.02
8.77
5.82
10.24
38.40
8.85
18.77
15.65
6.17
13.09
5.04
14.94
8.80
9.38
9.76
8.29
6.73
7.34
11.11
7.86
5.08
18.69
9.91
7.76
10.29
24.34
10.98
7.92
9.31
10.49
9.15
7.28
7.10
12.26
11.97
6.77
5.12
7.28
11.94
20.24
11.56
9.87
9.17
5.22
6.75
5.12
23.90
8.40
9.87
8.94
16.74
11.41
12.94
14.88
10.24
7.79
56.02
8.98
5.17
5.55
11.89
6.95
11.62
4.39
12.08
11.63
13.33
9.19
9.07
15.46
7.22
13.15
20.46
7.13
4.40
9.02
5.47
11.67
7.63
5.03
12.54
5.58
3.02
19.80
8.13
6.58
1.94
12.68
7.07
15.93
9.18
4.56
17.41
6.07
4.59
18.22
25.37
10.58
5.51
3.18
2.50
8.55
6.17
3.06
3.09
7.13
2.01
10.44
9.62
10.13
5.74
8.82
10.39
2.51
6.03
2.58
10.54
3.05
3.46
7.24
6.51
4.18
3.20
1.87
14.74
9.07
6.18
2.01
12.70
3.52
11.17
6.08
9.17
6.57
6.50
3.23
3.16
8.09
3.96
5.09
4.23
3.92
5.52
2.89
4.19
5.04
2.99
7.59
4.26
3.56
2.00
21.59
5.56
5.21
17.19
4.51
16.59
13.15
8.17
4.10
6.50
11.32
2.13
3.60
2.31
4.48
8.56
4.09
7.62
18.28
19.32
5.09
5.65
2.57
4.49
11.36
4.35
6.56
4.48
5.12
6.12
26.82
11.69
19.35
1.73
9.27
3.35
13.65
9.10
2.65
18.57
11.75
17.91
7.04
2.53
16.95
8.18
6.09
4.40
6.14
12.64
4.39
8.90
4.52
5.51
8.15
12.74
4.56
2.45
14.26
10.96
14.38
8.22
1.91
4.93
8.08
2.01
9.14
21.83
2.51
5.53
4.56
13.23
33.77
1.93
1.96
12.15
1.61
4.91
5.08
2.57
5.03
5.01
20.93
3.09
14.82
4.03
5.11
3.12
3.10
1.92
4.15
6.23
1.93
10.07
3.15
21.44
5.03
5.23
12.14
12.18
4.90
4.13
3.46
10.30
2.88
3.65
4.60
13.21
25.49
2.03
2.49
2.63
2.04
6.99
10.60
10.55
9.06
8.25
4.30
4.47
2.12
1.98
11.84
9.95
3.49
8.14
6.13
1.91
11.36
5.69
6.18
5.46
7.55
5.09
4.70
11.19
15.04
4.62
5.17
34.00
5.94
29.49
2.18
7.12
7.52
4.57
3.04
18.24
3.61
21.80
2.04
8.68
5.20
5.55
3.63
11.66
8.59
14.21
3.01
6.62
19.17
4.66
5.04
27.92
2.11
5.97
5.13
9.11
3.56
14.70
5.72
12.71
10.76
2.60
6.06
9.01
8.62
7.62
2.53
2.59
23.80
2.05
3.42
1.60
11.60
18.98
17.69
15.87
10.94
2.46
3.58
2.15
5.00
5.12
4.61
4.01
6.20
9.60
13.59
9.14
23.89
8.77
5.07
9.25
10.64
6.13
6.15
14.30
1.91
1.58
2.83
17.21
2.16
6.63
13.17
2.65
11.15
5.07
20.76
2.14
13.16
14.24
8.21
2.11
16.29
5.54
2.50
6.00
2.95
3.02
1.54
4.66
6.58
7.24
4.14
1.97
9.06
4.59
5.63
23.50
5.03
9.19
8.09
32.51
14.16
3.03
2.61
2.65
4.53
15.77
3.00
18.56
16.29
4.21
5.48
1.51
5.50
13.88
4.67
4.57
8.67
5.06
2.05
7.73
2.42
5.20
1.60
20.13
7.01
7.06
2.48
9.21
4.22
6.06
17.25
7.64
28.02
15.05
3.06
2.92
3.20
4.96
2.89
2.18
2.58
4.43
2.58
18.69
12.16
12.67
16.32
9.71
17.94
3.60
7.10
6.53
3.62
5.07
8.66
23.50
8.57
26.90
2.90
18.35
4.14
2.87
7.70
9.09
8.17
16.28
3.47
4.16
2.61
2.14
1.91
4.53
5.05
2.58
34.10
3.20
14.30
4.50
3.55
9.04
8.07
11.22
10.07
5.03
9.81
3.23
8.65
6.94
8.01
5.07
2.47
7.59
9.72
7.21
6.07
1.45
11.63
1.69
11.76
6.57
6.07
7.55
3.59
2.42
1.61
8.69
11.45
4.64
1.99
5.42
6.46
1.96
5.63
5.54
6.10
10.65
17.85
23.94
11.22
13.68
8.10
2.14
7.10
21.39
2.39
2.59
4.13
6.59
6.03
16.31
16.67
6.66
10.77
3.04
8.75
13.40
5.02
9.63
11.71
19.25
8.75
28.56
7.14
2.65
2.56
43.24
12.63
5.44
5.03
3.58
2.99
4.64
6.18
9.13
19.51
8.17
3.56
3.63
8.75
10.07
7.63
3.15
4.35
4.00
4.56
8.16
7.52
13.78
2.90
4.21
5.67
5.47
14.69
22.81
12.33
17.05
3.04
15.34
5.47
2.10
9.54
7.01
10.69
6.13
2.59
2.05
7.64
18.42
4.59
25.18
4.38
9.12
9.39
6.58
24.32
4.90
3.53
5.20
3.64
5.18
3.48
5.02
3.60
15.65
7.10
2.02
2.20
5.17
25.88
4.67
13.08
9.70
4.21
9.29
13.26
1.88
11.19
2.06
8.07
8.65
2.82
8.13
2.12
13.14
14.36
7.03
9.99
11.27
9.86
2.02
1.87
17.74
2.59
2.78
2.66
2.57
4.43
2.15
9.25
8.12
2.94
4.45
3.68
5.62
4.16
5.34
20.17
8.58
7.77
18.47
15.25
3.46
1.62
3.17
3.58
5.47
3.60
9.26
4.01
5.50
8.24
3.17
5.15
3.01
6.43
6.60
2.69
2.06
2.90
3.39
3.66
2.79
4.06
5.52
21.43
3.60
10.17
7.78
7.59
9.02
22.31
8.17
1.98
10.19
14.80
6.66
10.51
19.59
4.33
5.13
4.57
5.06
19.34
9.21
5.86
14.76
3.65
4.75
12.30
19.03
1.97
3.07
6.58
1.90
1.95
18.18
2.50
2.63
2.48
2.61
4.57
5.63
5.01
3.16
12.22
2.39
10.18
4.65
4.18
3.97
3.42
2.07
7.53
14.29
1.87
36.13
7.13
22.91
30.50
3.05
9.78
9.28
10.26
5.56
4.10
12.00
3.01
3.09
3.07
2.52
2.54
2.98
13.19
6.24
11.68
12.35
1.92
2.08
9.74
6.60
23.87
16.82
3.57
12.16
4.90
12.01
7.20
16.24
14.94
5.13
4.50
5.57
1.97
7.06
7.24
18.86
14.49
12.27
3.25
2.22
4.00
6.56
14.71
8.26
2.66
4.69
2.98
2.05
2.35
8.12
8.96
11.28
5.57
4.58
8.87
10.08
2.93
13.13
7.67
16.72
2.48
3.01
7.76
13.79
5.49
3.65
5.51
16.35
8.22
9.71
5.10
6.13
5.10
5.52
7.12
2.58
8.60
12.28
3.18
6.00
3.12
5.99
4.06
13.21
2.48
18.82
2.66
4.59
8.72
2.81
10.33
3.67
16.77
1.98
4.01
7.12
15.32
12.80
5.34
6.58
7.26
2.17
2.41
11.15
19.79
3.47
9.74
9.78
11.82
5.65
2.96
8.02
8.56
6.08
8.77
14.35
8.73
7.10
4.62
4.77
13.89
9.73
12.12
5.25
11.48
3.19
8.43
6.64
20.86
3.89
7.19
3.05
3.57
5.56
6.51
6.19
7.11
6.75
2.43
4.17
2.93
3.02
2.57
13.24
32.60
12.68
2.02
3.51
2.47
21.78
4.64
4.74
5.71
2.48
2.01
3.03
14.11
9.16
2.49
9.66
4.64
8.84
14.34
2.91
4.08
6.96
7.13
3.83
23.97
20.78
9.92
12.96
8.67
8.78
7.17
16.02
7.06
2.70
4.72
9.67
5.50
3.06
2.00
3.10
14.17
17.77
4.65
6.09
8.16
27.33
12.30
14.28
4.95
2.09
5.95
8.51
17.52
3.18
11.18
2.06
4.47
3.52
2.58
10.68
6.65
2.92
6.58
20.00
9.10
10.31
1.95
5.57
14.56
6.51
10.77
15.30
4.23
19.38
2.80
5.13
9.67
4.56
2.52
24.49
26.49
9.65
4.59
12.21
3.46
3.73
5.71
2.93
2.00
2.03
7.79
3.59
5.46
5.71
14.79
12.75
5.12
15.30
8.04
11.08
5.14
1.89
11.40
20.66
3.95
3.51
27.61
5.87
5.14
13.74
4.68
23.67
3.51
4.67
1.85
2.55
15.30
5.37
8.66
10.73
10.53
4.53
8.26
6.64
8.05
6.01
5.78
14.72
23.38
1.98
12.71
15.18
6.07
16.85
6.16
8.75
7.16
9.78
9.69
22.50
2.24
2.13
13.62
2.11
13.71
8.76
8.62
5.64
5.11
6.94
3.10
15.70
8.15
9.36
7.56
2.03
2.13
5.56
22.94
17.84
4.14
4.50
5.32
5.21
12.82
5.57
3.84
8.14
21.10
5.71
2.42
5.08
7.10
6.72
2.46
6.56
7.05
3.72
18.36
9.10
7.19
10.13
6.62
2.98
24.16
8.17
20.93
23.53
5.51
24.33
24.78
14.64
15.41
23.39
24.80
4.09
3.28
3.52
2.89
2.64
9.78
2.50
7.25
4.99
11.23
10.69
12.65
6.09
13.22
16.72
8.11
3.13
3.00
22.48
14.25
11.66
2.63
7.70
2.36
14.23
2.07
13.18
10.84
2.00
1.98
5.65
4.56
6.30
2.04
9.61
9.23
8.35
8.68
4.69
7.50
3.46
3.53
2.49
7.25
11.58
8.62
7.12
6.05
9.12
12.11
2.61
2.95
20.45
6.14
7.17
6.61
8.68
3.55
1.96
7.16
2.08
3.06
4.02
8.15
7.03
10.75
9.19
4.53
3.56
4.95
22.68
2.12
9.70
6.24
5.97
8.63
3.03
3.56
2.63
4.51
8.51
7.13
23.54
19.94
9.66
2.56
8.06
6.13
5.56
2.37
5.49
4.09
2.08
3.17
2.54
2.59
3.97
5.09
4.08
5.69
11.81
2.37
6.67
24.89
10.72
3.52
11.66
8.13
4.53
2.18
5.44
9.70
5.64
5.66
4.72
23.31
10.71
4.61
1.93
2.07
6.26
5.58
3.46
5.39
2.99
5.25
12.32
4.52
36.39
3.10
5.01
4.06
7.12
3.04
2.17
11.10
6.21
9.67
2.40
21.90
5.12
28.51
2.00
26.02
3.01
3.45
21.72
13.23
12.79
2.64
2.87
8.67
4.56
19.48
2.56
5.02
3.57
2.52
12.08
13.35
2.62
2.26
4.61
5.65
3.58
2.96
12.03
3.75
3.37
3.65
9.12
20.24
6.46
5.50
3.14
7.57
7.63
6.08
8.24
25.88
16.71
3.99
2.57
12.18
16.16
5.12
6.15
16.18
8.23
13.10
8.10
33.50
20.38
17.07
3.79
8.61
14.17
10.18
9.15
1.43
4.71
11.00
5.65
3.50
28.81
11.19
10.09
2.09
7.19
7.04
4.09
22.36
16.69
4.73
9.02
4.60
1.63
11.64
10.07
3.60
16.13
9.74
1.94
5.04
10.27
17.46
10.72
9.28
4.51
3.45
6.06
9.81
6.56
9.14
2.99
17.18
3.46
36.08
11.25
2.52
5.71
4.02
2.01
10.59
10.97
5.60
3.68
3.69
3.99
5.03
5.58
9.60
10.57
2.54
5.12
19.26
19.35
5.07
14.80
25.41
3.47
4.78
11.63
8.69
1.51
3.72
6.70
15.21
7.08
12.66
2.18
1.99
3.36
6.08
15.29
3.29
12.23
8.14
19.73
17.46
8.67
4.03
7.60
9.48
9.09
9.31
2.68
6.22
4.02
4.00
12.26
5.70
7.04
4.97
24.45
14.15
6.26
3.12
4.02
3.54
1.92
2.03
3.88
3.70
3.02
8.52
14.79
5.04
4.66
3.55
16.24
19.82
15.72
2.96
1.52
2.06
8.64
16.34
2.50
1.89
21.36
4.15
2.09
22.89
2.03
11.42
2.86
8.01
4.56
2.12
4.60
7.73
5.52
2.03
14.80
13.21
6.02
11.23
1.44
17.75
21.36
2.62
8.87
5.08
9.04
6.15
17.26
9.14
2.93
3.40
5.09
5.64
1.97
6.05
16.67
2.10
21.98
2.58
3.46
7.70
2.89
22.04
8.58
2.64
20.42
18.92
3.51
7.60
17.71
10.69
13.59
5.63
4.05
2.11
7.11
5.60
25.02
11.16
13.74
7.17
5.55
4.14
16.12
3.22
2.94
12.20
3.55
7.13
2.54
2.38
3.03
3.71
7.60
5.99
8.56
41.03
1.99
6.06
25.05
4.16
19.40
3.42
3.53
8.71
9.17
8.12
21.59
3.23
9.69
4.16
19.23
2.51
6.69
2.54
17.64
8.10
7.75
24.27
9.66
5.73
8.67
10.15
5.51
3.96
12.61
3.10
13.60
4.59
3.39
13.84
3.51
8.38
8.61
9.60
5.68
2.99
7.68
14.75
18.84
4.22
6.99
5.09
7.52
12.86
2.14
2.51
5.03
7.52
5.01
2.03
12.68
10.67
7.63
8.80
5.54
20.31
15.20
12.86
7.68
3.34
3.43
2.62
5.14
6.01
14.24
10.59
10.83
5.68
2.80
3.04
4.24
11.22
9.81
8.51
2.07
5.06
3.80
2.58
3.12
7.02
3.67
6.11
15.82
2.69
42.59
1.58
4.10
15.65
25.84
7.80
15.81
4.88
16.69
9.07
2.99
6.77
2.10
3.53
2.08
4.61
8.55
6.09
13.70
9.90
2.48
4.80
3.70
16.82
9.60
5.03
5.07
3.97
6.68
1.48
11.25
3.02
4.75
5.49
2.05
10.67
24.81
22.00
1.81
26.93
16.33
7.35
1.91
5.95
7.12
4.47
2.12
5.62
3.14
21.33
1.92
4.10
5.05
14.85
11.25
9.58
12.26
1.90
8.76
22.33
14.28
10.13
3.51
11.55
14.24
12.88
5.67
13.33
8.59
9.02
2.59
19.65
5.62
2.55
6.13
4.15
21.41
7.15
9.56
5.06
7.59
3.65
2.38
8.61
7.63
2.19
5.69
6.49
2.65
10.23
6.12
12.07
29.39
2.04
2.68
25.42
13.39
3.35
6.58
4.67
5.06
7.09
24.73
2.46
8.64
3.51
4.32
3.89
8.59
7.74
2.08
3.57
4.44
2.22
9.55
14.24
3.53
9.09
8.67
4.48
8.74
17.35
13.79
2.53
11.12
6.24
4.38
28.40
14.26
5.75
2.43
4.93
3.90
11.75
14.79
4.65
30.05
15.61
5.18
2.91
1.73
4.39
32.04
4.45
19.98
25.04
13.01
6.01
2.64
52.33
4.09
2.03
8.66
4.08
8.20
5.18
7.16
4.49
6.51
5.19
4.52
4.04
4.12
5.94
19.25
4.37
5.10
22.88
9.53
10.69
3.66
5.03
13.67
16.76
21.57
1.78
13.29
5.00
3.21
11.64
12.08
1.60
2.02
21.67
12.78
8.54
6.75
4.21
5.47
17.33
4.18
7.10
19.61
16.62
13.83
2.72
4.56
2.35
14.79
8.63
3.63
12.67
3.51
19.71
10.16
2.55
9.27
8.52
15.24
3.58
5.05
6.62
8.64
1.94
3.54
13.91
30.08
3.84
3.25
22.35
9.70
3.52
9.02
12.19
9.26
4.12
3.98
4.58
6.04
9.17
37.48
5.11
1.59
19.93
7.11
5.04
13.64
2.96
3.12
10.09
5.00
20.35
9.19
5.71
3.53
5.11
4.49
5.12
10.70
9.67
1.91
4.05
3.57
5.72
20.00
6.03
16.71
3.61
1.97
2.03
19.78
21.85
5.73
4.01
16.78
3.55
2.55
3.75
9.52
5.65
11.93
8.56
12.08
17.01
4.14
1.92
4.07
6.09
37.06
5.58
3.58
8.05
13.58
3.06
4.75
4.63
7.04
5.60
3.95
22.20
3.14
3.64
5.12
15.12
10.61
2.01
12.22
5.04
20.40
3.63
7.25
2.92
8.59
7.10
35.17
5.03
4.88
12.14
3.59
11.31
10.20
18.29
18.89
7.54
3.58
7.56
2.61
3.64
2.43
16.80
6.52
2.48
3.11
8.69
8.11
2.56
6.06
6.63
6.51
2.03
11.25
2.18
4.61
4.96
3.98
17.65
2.60
4.59
13.13
10.70
14.78
8.53
5.10
8.21
5.63
22.63
48.37
16.75
26.39
16.28
2.04
10.39
7.58
7.53
7.68
15.07
4.59
5.69
5.45
4.04
18.79
10.70
4.54
6.64
10.73
7.06
4.12
9.61
8.70
7.13
2.53
6.55
7.11
2.95
15.28
2.69
13.74
14.25
10.82
4.12
14.71
2.40
5.60
10.16
13.29
6.18
9.64
3.43
2.49
1.55
3.18
2.09
5.51
15.56
6.09
2.46
2.48
3.57
2.56
1.53
2.66
10.22
12.13
14.74
2.57
14.73
12.27
34.20
1.92
8.97
7.11
5.30
7.57
17.86
11.65
3.86
4.58
5.04
3.69
2.53
5.01
6.16
4.67
2.51
4.97
1.95
12.66
9.40
2.53
4.15
13.23
4.13
10.37
13.76
4.65
7.03
10.17
12.71
6.59
8.60
5.41
1.55
4.16
5.59
1.97
5.07
3.48
3.52
3.04
4.76
4.06
11.28
6.25
2.63
2.50
6.04
10.53
2.63
24.93
9.53
19.19
1.56
3.66
4.68
10.22
1.86
10.54
6.09
15.72
7.23
6.08
11.28
9.60
2.09
6.51
3.54
12.63
10.86
7.22
11.66
4.53
4.55
2.52
2.50
8.13
6.67
7.48
2.98
5.24
7.12
7.58
14.75
23.87
1.94
11.71
13.18
6.61
2.60
14.71
6.18
10.61
5.14
2.12
10.40
15.76
18.36
9.85
13.29
13.02
3.01
8.61
3.62
5.00
8.27
3.21
3.01
6.70
14.74
23.82
2.55
16.60
2.97
1.69
2.48
14.61
7.10
5.20
7.54
6.12
8.62
9.08
11.19
10.34
16.24
5.58
2.50
13.19
4.95
6.06
8.33
4.65
2.54
7.04
18.46
17.63
1.57
6.65
3.59
10.16
6.26
4.00
2.39
1.91
6.01
4.79
2.00
14.91
2.94
19.41
11.65
8.19
2.58
11.17
2.98
2.02
7.15
4.67
4.04
3.48
8.38
2.09
25.06
14.19
8.46
7.57
15.83
3.06
2.12
2.05
6.49
7.20
8.36
2.10
2.37
7.62
6.58
3.01
8.02
17.80
9.66
8.72
9.59
13.84
1.95
21.28
6.64
5.10
16.20
2.55
14.62
4.66
4.51
4.15
1.56
3.49
1.85
2.90
1.45
2.18
2.55
7.10
16.42
18.48
3.18
6.09
13.70
2.52
13.15
2.61
11.51
1.85
10.06
2.58
5.32
7.12
1.87
5.15
13.65
8.63
6.56
5.68
11.80
12.37
1.87
2.05
6.60
4.57
2.95
2.52
16.31
4.25
5.98
6.57
2.66
17.85
2.98
23.36
3.52
4.46
13.30
11.62
2.97
12.27
2.00
6.54
11.77
12.32
4.16
7.59
4.48
7.59
6.74
8.55
3.49
3.58
8.76
4.11
13.29
5.97
7.04
2.66
11.95
15.39
10.30
5.05
17.80
4.52
12.15
16.84
20.00
9.12
6.53
3.11
5.20
9.05
16.10
2.63
14.19
6.11
4.56
1.57
5.05
18.40
2.55
16.21
18.34
10.76
5.13
4.94
3.48
6.56
5.20
6.91
5.07
2.02
6.16
20.88
1.94
14.76
12.27
4.07
9.02
2.34
5.12
6.05
4.56
16.66
4.03
12.76
7.61
11.14
16.10
18.18
2.49
12.35
13.28
2.18
6.58
11.63
23.94
2.08
12.68
21.20
4.95
1.68
24.38
3.51
23.37
9.57
1.46
6.62
2.52
10.80
10.25
2.59
2.96
4.15
12.70
2.59
19.68
8.63
8.59
8.09
2.13
1.87
29.47
3.67
9.08
4.06
26.93
12.76
15.84
7.05
33.44
3.32
5.09
9.72
18.43
24.01
3.52
2.43
18.24
11.57
3.50
14.26
5.08
13.64
10.30
3.13
4.51
3.68
11.74
14.10
20.44
2.51
29.47
13.28
5.07
14.73
3.97
14.27
11.68
6.10
5.80
2.58
3.82
2.94
23.28
7.22
3.04
13.75
6.63
3.09
3.44
4.10
6.58
2.50
3.03
6.16
19.80
2.55
6.61
4.59
10.69
3.05
7.62
9.20
3.97
2.90
3.66
14.72
5.23
13.18
5.84
3.22
3.39
10.19
17.22
3.02
4.96
3.75
12.22
16.26
12.12
9.63
15.27
5.59
1.55
4.69
9.64
3.18
2.93
4.13
2.55
11.55
3.47
10.75
20.37
4.06
13.27
10.19
17.75
14.05
3.55
1.68
4.54
4.53
2.03
5.15
3.98
13.70
6.51
2.45
1.58
8.79
10.62
6.65
9.17
4.76
2.58
3.70
4.88
5.22
10.57
15.16
6.70
9.71
7.98
10.63
4.53
6.21
8.25
2.87
18.35
2.39
12.65
18.64
2.01
5.23
7.08
4.34
1.97
1.65
6.21
1.90
15.43
5.09
9.61
22.91
3.47
8.62
26.86
6.75
7.55
7.66
5.17
22.38
16.62
5.73
3.91
9.27
2.62
16.80
1.98
4.59
22.89
22.30
17.08
2.70
6.18
9.62
2.42
3.04
9.92
10.29
13.82
11.57
11.63
2.68
8.03
32.13
24.95
6.70
7.59
3.50
4.56
21.79
15.14
2.62
1.94
4.64
2.08
7.09
5.51
15.30
7.50
6.16
28.06
2.47
2.60
5.19
1.93
6.93
55.33
4.06
16.22
11.79
4.04
3.71
4.12
7.08
2.01
15.31
23.82
22.90
17.25
3.69
19.27
6.59
4.52
3.62
5.02
12.62
12.09
11.92
2.06
1.85
13.28
8.66
16.76
4.72
7.53
13.69
2.57
32.55
2.42
5.58
8.28
6.45
9.89
9.13
4.46
2.14
4.43
5.10
2.01
18.79
25.04
3.47
8.19
3.52
2.60
4.66
7.60
11.21
2.04
19.22
11.70
18.87
2.44
12.24
10.73
3.11
1.97
11.27
7.69
10.54
4.80
2.61
3.79
2.59
8.81
3.05
6.13
3.92
10.00
28.89
10.78
4.57
3.48
6.68
10.28
6.00
7.12
5.64
7.18
6.61
9.59
6.47
2.81
14.16
3.84
1.70
8.46
3.04
5.07
4.54
4.21
4.74
2.33
5.06
4.82
3.41
33.50
12.36
17.68
15.37
5.84
8.10
9.70
12.25
6.09
12.49
9.20
3.06
13.30
8.24
8.14
12.15
2.05
10.79
9.66
5.10
10.12
7.56
2.46
3.14
11.73
12.26
15.71
10.62
33.52
1.60
3.14
5.91
7.55
9.34
6.80
2.97
7.12
3.54
18.44
2.05
6.16
2.53
2.93
5.68
7.14
4.68
6.39
8.99
4.59
10.03
2.54
10.64
8.06
5.69
14.80
9.72
7.47
12.77
2.44
11.86
18.77
5.20
6.44
4.13
3.15
4.98
14.27
8.08
5.71
4.49
7.11
13.09
7.62
6.36
3.28
13.76
8.59
2.61
5.55
13.34
17.08
23.47
6.21
5.19
4.93
4.55
3.68
10.16
2.52
3.44
4.14
23.86
13.71
19.44
6.00
6.57
20.52
19.20
1.40
3.39
2.72
1.98
2.51
8.13
10.27
29.45
3.37
1.59
2.56
8.09
8.16
28.08
5.15
5.63
2.95
5.69
14.31
10.12
24.96
10.46
2.01
1.63
11.56
4.49
5.02
8.66
16.25
4.62
25.39
3.01
19.87
5.57
2.98
12.08
2.61
4.67
8.56
6.14
3.65
3.10
7.12
1.97
3.07
4.15
19.90
4.51
4.60
3.65
4.02
11.52
8.57
4.64
7.65
6.51
4.11
9.66
6.22
8.20
2.85
2.59
9.84
3.83
10.33
4.56
3.45
3.03
16.17
2.66
8.12
11.76
10.86
6.08
15.27
16.88
30.07
6.06
11.25
5.16
11.67
7.10
3.20
3.00
10.97
6.33
3.86
3.07
17.16
6.14
3.12
23.57
3.65
4.04
8.05
10.71
10.32
9.26
3.82
4.43
32.45
2.06
3.14
16.76
2.61
5.57
2.11
2.95
27.53
3.04
8.51
8.13
12.07
3.56
14.14
3.28
4.47
9.14
8.62
4.61
20.82
1.92
3.07
4.12
25.41
6.03
14.22
3.64
3.56
3.66
26.99
4.12
17.89
10.18
4.04
4.07
6.51
3.48
2.50
10.14
27.82
12.92
4.52
8.02
3.06
22.96
40.02
4.24
4.50
10.20
9.58
9.56
9.51
3.59
4.74
2.17
6.49
4.49
21.45
23.72
2.62
16.81
11.30
4.69
5.49
3.52
4.49
4.67
18.71
5.70
10.65
5.04
25.42
4.17
3.64
4.48
7.54
2.14
7.05
7.07
5.06
22.82
5.07
14.32
8.69
12.64
5.24
7.21
10.54
13.11
1.94
23.75
4.72
5.56
6.21
8.76
9.53
4.57
15.05
9.19
7.19
11.13
4.64
3.56
2.46
16.73
7.89
6.68
15.23
3.12
2.94
12.67
3.63
9.53
2.46
3.50
2.60
4.20
2.99
8.61
11.76
6.06
4.09
6.63
9.26
15.22
2.45
7.53
4.01
15.25
2.14
6.19
8.02
5.93
19.76
9.16
7.66
10.50
13.72
22.36
12.85
7.23
7.64
10.21
13.78
7.51
20.90
8.67
14.02
6.42
2.57
10.49
7.70
2.31
1.86
7.49
8.72
5.18
2.49
4.04
5.01
5.63
2.00
8.11
16.74
8.63
1.90
11.29
1.63
15.25
43.60
5.80
4.33
11.66
11.33
10.69
12.78
2.50
14.26
8.47
9.69
7.24
12.69
2.52
8.07
4.58
9.06
2.11
11.67
12.09
6.18
7.06
1.55
18.25
5.64
2.93
6.11
12.27
11.07
6.60
26.48
1.58
21.82
7.68
10.22
2.59
2.58
3.98
17.76
9.46
17.89
3.52
24.41
10.16
5.08
2.11
3.14
6.47
8.56
36.68
1.59
4.16
5.03
7.07
3.42
4.59
3.09
8.65
4.39
2.11
4.13
4.67
30.08
13.78
3.83
13.05
11.73
4.17
13.28
3.55
5.02
3.66
7.65
26.80
21.83
16.35
3.01
4.69
7.07
9.50
16.25
15.83
14.80
18.67
14.20
8.01
18.43
3.63
7.03
4.44
10.14
4.48
19.78
16.80
1.47
4.67
5.72
14.30
2.07
6.05
2.45
9.51
1.66
6.14
11.18
2.83
3.28
4.55
8.71
2.89
6.53
5.69
2.48
16.33
2.95
15.78
6.18
14.26
13.81
4.63
8.12
9.14
8.18
2.01
11.13
3.95
3.07
4.02
6.08
5.66
2.60
6.48
2.08
17.34
27.97
8.70
4.90
2.08
4.61
4.13
2.88
8.63
6.29
9.00
6.50
14.14
2.55
4.54
8.19
2.74
4.22
4.60
4.42
6.45
5.58
5.01
9.07
2.67
4.96
10.19
4.61
2.51
11.16
2.52
24.49
4.02
7.20
15.25
2.99
2.57
27.46
3.02
9.17
2.94
7.15
2.54
7.16
4.10
7.55
10.31
28.78
3.58
12.52
6.57
8.62
23.41
2.96
5.04
11.69
1.62
5.21
3.42
6.44
4.67
2.45
19.42
12.82
2.43
5.49
2.57
11.23
10.89
2.36
12.70
10.68
7.22
9.59
17.67
6.61
5.24
3.40
33.59
6.00
6.14
2.13
27.60
6.53
3.68
1.92
13.25
4.05
7.17
3.18
3.52
21.83
9.03
6.70
3.07
2.48
3.98
7.55
3.20
12.72
2.99
2.10
5.96
20.42
1.97
6.65
2.92
10.17
5.09
6.06
3.09
2.67
4.70
2.52
2.48
2.45
3.12
2.51
13.15
4.49
12.29
2.53
11.79
11.61
19.78
4.98
7.02
11.16
1.60
3.69
2.08
6.56
5.08
16.16
16.17
6.70
3.52
6.01
8.16
2.08
4.99
13.22
11.61
4.10
2.06
15.27
3.05
19.89
6.44
18.22
5.22
8.10
7.16
12.14
17.68
4.20
4.68
5.47
4.12
8.62
3.50
24.28
2.63
8.18
5.63
3.53
11.76
12.02
3.46
2.20
9.23
7.56
1.97
15.74
7.06
7.62
4.45
6.16
8.71
21.86
1.56
22.37
3.58
9.79
12.69
12.23
12.58
7.58
17.36
10.15
4.76
9.19
2.90
10.01
3.54
11.36
7.62
12.82
1.92
3.15
15.93
7.27
13.82
2.46
6.48
8.59
10.00
3.88
3.40
13.30
2.06
7.02
13.74
3.43
2.39
2.55
4.09
5.68
15.23
2.94
9.25
14.24
9.21
22.93
3.42
11.30
2.51
9.15
12.19
7.50
12.13
16.30
2.04
4.08
15.27
10.20
12.21
17.31
1.49
5.16
1.63
18.67
10.24
12.29
8.59
2.02
3.97
15.33
8.65
24.10
7.61
3.38
4.99
1.99
7.09
2.53
2.08
4.42
18.33
21.47
9.59
10.57
5.28
4.74
2.50
5.44
7.01
4.20
6.71
4.91
50.08
5.52
15.15
12.26
6.05
1.69
10.19
2.30
16.93
12.12
10.68
15.77
8.18
3.73
5.89
13.03
2.60
12.15
7.12
3.17
8.09
10.64
5.99
9.16
7.13
5.15
2.87
1.67
19.89
13.98
9.70
11.06
17.73
10.57
16.70
17.89
9.75
5.95
14.18
3.63
2.99
27.41
8.71
9.56
2.62
6.68
3.50
10.69
9.01
5.07
4.04
2.50
2.53
1.92
2.17
2.48
11.73
3.03
1.96
2.67
2.10
3.37
3.64
4.06
33.05
9.70
2.51
23.35
5.70
2.58
4.46
8.51
10.64
4.29
18.43
2.97
23.92
26.29
17.73
3.55
1.98
7.66
1.55
7.11
2.58
3.96
1.97
4.74
3.72
29.95
6.08
4.96
2.59
13.79
3.73
12.63
1.84
3.08
3.61
1.56
3.46
6.70
9.22
4.37
6.70
8.77
3.01
37.81
18.22
10.36
19.18
8.56
11.96
10.74
13.25
7.02
4.59
13.86
4.03
2.55
5.44
14.80
10.71
3.50
11.30
6.21
12.64
4.46
2.56
7.20
3.57
8.66
10.59
17.47
8.13
3.07
14.57
7.65
2.03
2.32
2.26
9.23
39.48
1.68
7.15
2.52
5.12
6.65
17.13
5.56
3.17
5.71
1.85
8.04
5.04
4.01
7.57
10.38
16.25
1.92
3.02
5.10
15.28
4.66
2.28
4.02
1.65
7.11
4.05
3.93
3.59
5.20
3.09
12.61
3.75
2.42
3.11
5.51
2.49
18.74
2.65
2.53
3.53
3.54
29.25
4.54
4.64
6.55
9.81
8.11
4.59
8.72
11.31
5.18
2.02
2.54
5.03
3.11
9.66
9.62
27.14
20.25
6.60
7.21
12.19
4.05
24.40
7.07
7.11
2.61
31.64
4.98
10.16
2.08
4.45
1.61
2.57
9.71
9.60
2.59
4.95
2.64
4.97
5.52
38.63
5.43
14.75
14.20
14.14
2.19
32.64
9.10
10.88
3.51
2.37
6.60
4.08
2.88
12.19
18.28
8.20
7.57
3.08
2.46
4.21
2.54
7.13
8.66
7.70
10.68
14.23
14.73
37.42
2.65
12.23
5.61
8.60
9.66
6.10
18.29
3.84
3.19
2.57
13.78
2.97
12.66
20.52
2.51
8.60
3.24
6.65
5.49
5.91
6.08
5.97
3.09
16.40
2.96
1.95
14.21
5.20
4.14
5.71
4.94
4.59
2.67
1.95
10.25
2.39
9.49
6.70
14.85
16.24
1.95
12.53
5.20
13.75
2.54
32.51
2.13
1.99
3.12
19.25
2.62
12.03
2.08
9.15
9.28
4.88
8.23
10.27
17.17
9.59
3.58
3.64
8.06
8.07
5.15
8.17
2.95
6.00
3.20
17.32
2.58
8.72
4.57
11.13
8.45
5.00
6.17
5.02
9.31
11.57
14.39
12.21
5.52
9.76
5.53
2.54
4.95
5.53
4.98
4.97
13.26
11.26
5.09
21.44
14.26
5.98
4.07
3.71
12.72
4.18
5.17
8.15
6.56
1.95
2.10
9.07
11.00
8.10
5.17
2.06
7.14
2.47
2.17
5.08
9.73
1.91
6.59
4.08
3.47
19.11
9.74
2.42
2.64
19.25
6.20
2.99
2.46
4.26
18.77
4.16
1.99
8.18
33.77
5.64
9.48
7.10
8.06
7.45
8.11
10.60
1.59
9.24
19.41
11.61
11.27
4.08
9.97
7.09
6.11
20.35
8.53
6.00
19.34
5.78
6.31
8.60
1.97
10.62
10.53
4.06
14.36
2.48
15.76
21.43
2.03
8.66
3.09
11.76
2.91
7.67
22.38
29.40
1.99
12.35
7.61
12.58
5.44
1.73
4.61
2.03
1.93
4.85
7.98
4.75
4.16
2.01
2.47
4.05
2.15
2.43
14.31
3.44
10.24
12.74
1.95
10.32
5.59
6.05
1.96
3.67
8.46
9.66
4.00
8.29
11.67
5.62
4.99
3.60
12.32
21.80
2.84
13.09
9.24
14.85
7.63
4.04
1.97
6.07
3.09
16.44
3.39
6.16
4.81
5.54
2.10
15.17
5.92
3.04
5.61
4.15
6.65
4.99
4.55
15.23
8.17
3.52
10.72
1.83
7.59
4.65
7.08
52.36
9.36
5.51
12.78
2.36
4.49
4.66
15.26
4.23
1.86
6.08
3.14
3.06
8.56
2.40
2.01
4.14
5.03
7.23
1.99
2.06
8.33
9.24
5.51
9.19
13.58
9.67
7.52
4.08
6.78
1.82
6.20
16.67
16.38
5.45
6.23
5.68
11.67
10.55
7.02
1.60
6.55
2.65
2.65
2.05
7.01
3.04
2.66
4.13
6.47
6.04
6.43
10.06
2.11
3.14
2.32
10.18
12.85
8.17
2.52
2.46
3.08
3.67
13.19
19.38
14.60
9.65
4.44
4.62
12.75
13.29
3.42
2.63
15.82
9.99
12.16
12.08
4.58
14.30
2.10
3.10
5.96
15.82
1.60
5.09
9.08
6.11
20.82
6.22
2.39
15.72
2.77
4.16
16.84
2.01
3.36
5.59
7.70
5.82
3.81
8.05
4.06
10.51
1.67
12.82
8.73
2.97
3.92
3.04
23.07
4.42
11.57
9.14
5.55
10.27
4.50
17.81
2.01
2.03
5.54
1.60
6.13
5.62
27.51
7.65
6.52
6.67
29.85
5.70
2.59
10.14
17.38
2.39
6.04
8.17
5.10
6.75
8.09
11.13
1.70
13.14
13.16
3.62
9.04
2.44
7.12
8.10
3.45
1.52
2.64
5.09
3.49
20.83
2.14
2.90
7.61
3.67
14.36
6.19
3.04
5.13
7.15
5.54
8.70
5.09
7.19
2.28
10.67
18.34
8.32
8.47
1.56
21.36
11.70
2.84
2.51
6.22
28.38
3.09
10.29
6.07
3.94
4.16
2.56
10.07
9.19
25.95
11.65
6.65
2.51
1.93
23.39
9.25
11.18
1.55
16.15
11.11
11.71
3.15
3.04
12.36
6.61
11.21
10.53
17.25
21.47
2.54
21.67
30.51
12.69
5.03
7.25
3.81
4.98
4.53
6.51
12.20
6.07
16.78
7.10
8.52
5.15
3.10
8.16
32.00
7.58
2.14
8.17
4.38
14.24
4.59
3.09
5.44
17.74
8.56
2.82
6.97
15.21
5.95
4.20
7.15
1.97
15.81
15.83
21.73
3.62
6.14
8.55
4.67
2.46
8.59
4.18
5.28
2.90
4.85
3.69
2.96
34.44
10.13
2.61
23.45
12.69
6.64
14.19
2.45
3.06
5.69
11.81
2.56
11.79
8.47
2.31
2.61
17.58
8.75
27.00
3.58
2.07
18.28
8.18
4.87
46.89
6.25
6.16
12.30
1.97
2.08
15.67
19.20
3.63
2.02
12.17
3.00
4.56
3.07
3.07
7.62
1.53
9.63
46.16
5.67
11.75
5.05
11.92
8.60
6.12
12.45
18.28
12.71
8.44
18.46
12.13
9.33
2.15
7.55
11.54
3.20
13.64
21.72
2.22
10.23
9.60
5.46
4.17
34.40
9.09
17.76
4.03
11.81
5.64
3.90
12.52
3.66
5.41
14.72
11.81
5.58
17.93
21.79
8.55
3.56
21.26
6.48
17.83
2.04
12.84
24.43
16.80
12.30
21.39
2.03
10.06
3.31
17.75
4.08
9.59
3.59
12.98
8.92
10.20
15.23
6.65
2.27
2.96
7.58
23.75
11.80
6.01
3.52
3.54
7.21
5.24
4.86
17.87
22.85
2.03
10.35
6.53
16.38
8.11
6.74
4.92
3.99
10.16
9.08
1.98
4.68
2.62
5.56
8.07
4.15
6.49
2.58
19.66
3.01
15.81
6.16
4.72
2.82
5.08
10.69
9.13
13.12
15.79
5.09
3.53
13.78
3.59
4.59
16.32
14.80
18.25
5.12
10.61
3.09
21.61
31.45
6.26
5.22
3.52
14.76
2.03
4.15
2.96
8.09
23.70
2.19
13.38
2.30
24.78
2.74
18.78
1.92
3.65
14.67
27.49
10.14
5.29
6.66
9.41
11.12
24.43
8.62
4.48
8.11
4.12
7.86
4.58
2.06
6.06
10.03
6.08
2.60
4.59
6.56
18.91
6.56
5.11
7.62
14.86
14.11
5.52
2.66
7.25
4.99
22.96
7.61
3.48
6.56
8.73
7.05
5.88
9.18
4.66
2.92
12.75
6.11
3.06
3.16
2.47
2.43
18.88
7.09
20.26
8.63
4.04
3.57
2.10
8.64
2.08
2.97
18.85
8.07
5.57
3.60
3.49
4.58
3.20
8.60
9.71
9.61
17.70
17.20
3.45
1.63
9.56
11.78
3.49
14.66
2.69
2.51
2.59
3.07
2.88
3.68
20.81
4.52
37.27
6.13
1.86
6.04
3.56
18.24
5.11
2.52
9.70
22.03
7.03
2.61
4.91
3.18
2.32
5.54
17.24
2.58
1.99
13.38
1.96
20.08
4.42
15.93
7.62
18.82
4.54
16.78
3.11
11.79
3.00
8.94
10.19
2.46
2.64
4.13
7.15
2.69
20.91
6.64
3.42
1.48
9.95
10.45
7.75
4.72
7.06
9.20
4.44
18.37
5.65
3.60
2.05
3.53
7.01
9.63
10.20
6.60
2.05
2.23
2.45
2.86
1.65
2.53
1.89
16.37
5.07
8.60
3.64
9.54
6.69
3.47
8.15
12.19
9.87
10.65
10.65
4.48
5.13
5.08
38.18
44.89
2.84
7.23
4.12
2.88
1.58
12.35
4.93
1.71
6.15
2.06
7.47
15.80
3.56
3.16
2.51
11.87
5.60
7.94
1.52
9.39
3.19
5.78
29.52
1.96
5.58
10.10
1.99
8.55
5.56
7.12
8.38
7.68
15.27
20.05
17.64
4.48
7.08
10.61
10.70
1.94
12.66
9.17
17.89
1.98
3.12
6.23
11.13
2.36
3.43
3.01
2.57
7.15
5.17
5.06
4.57
12.16
12.74
9.76
2.53
2.89
3.56
14.88
10.26
10.19
4.90
3.18
7.59
2.03
16.22
4.71
2.56
4.42
6.08
2.45
6.55
3.07
3.11
3.12
2.88
29.37
7.64
2.73
6.51
8.03
3.27
12.31
2.06
3.47
12.62
9.79
10.64
3.04
4.56
4.92
3.03
3.61
1.58
2.06
10.72
3.45
12.14
22.33
14.33
6.71
5.13
8.97
1.59
7.64
4.56
4.47
13.19
1.97
4.64
6.16
6.05
7.76
16.41
12.69
14.12
8.50
6.57
3.48
2.05
2.66
5.14
5.02
6.51
1.75
18.85
3.47
2.04
21.68
6.11
4.01
5.19
9.29
10.27
8.12
1.91
19.34
6.49
20.52
8.14
6.44
12.07
5.19
25.07
3.39
16.36
8.98
5.10
2.58
8.62
3.63
13.79
10.61
10.69
5.12
1.92
10.18
5.18
14.33
1.93
4.54
4.53
7.17
13.75
14.62
4.54
1.73
3.71
17.30
14.15
3.60
12.72
19.89
5.21
6.52
2.45
10.49
5.53
1.99
6.53
2.65
2.07
10.71
22.45
6.08
2.37
6.49
2.05
3.13
8.66
6.31
3.35
6.07
1.61
6.64
7.35
2.87
13.07
2.93
22.81
7.12
8.12
4.58
6.70
3.03
2.01
4.09
5.21
14.74
2.02
7.06
12.25
3.52
23.84
15.77
5.12
6.11
4.10
30.10
13.23
3.19
2.87
24.89
2.49
18.73
4.61
3.39
16.86
22.41
10.84
5.70
9.10
1.83
2.05
16.77
1.58
17.77
22.92
3.72
1.83
4.71
2.43
2.09
5.07
7.70
3.55
10.04
1.97
2.59
4.12
1.96
4.07
11.81
1.72
11.63
3.48
7.59
6.06
3.42
2.01
9.01
3.15
4.17
2.61
6.70
4.99
2.52
2.11
13.19
8.78
8.66
5.94
10.28
3.10
8.48
1.94
4.00
10.06
6.67
4.61
16.29
9.69
3.43
2.08
2.59
6.03
2.60
5.53
9.21
1.56
3.02
3.99
5.65
14.70
24.38
4.11
2.44
3.60
4.15
9.21
8.05
5.06
9.81
25.21
6.07
8.09
7.58
7.64
1.67
8.09
15.31
19.23
22.21
4.11
3.66
2.53
15.80
2.48
5.12
3.22
6.10
1.91
5.38
4.19
6.09
1.59
11.30
9.09
3.89
6.10
2.13
9.58
6.51
10.16
5.20
2.40
7.17
2.00
2.12
14.83
6.73
1.99
2.56
6.17
2.95
7.49
3.40
4.58
15.26
6.23
3.55
2.58
2.53
8.62
14.72
2.53
10.18
6.09
22.27
4.12
12.81
16.22
4.15
7.40
4.54
1.73
3.71
4.43
2.16
7.99
2.50
38.12
3.51
7.29
4.09
4.34
5.08
11.31
11.63
2.54
5.97
30.51
5.65
8.69
4.71
8.05
7.55
19.37
3.51
12.69
15.32
5.93
11.34
2.97
15.26
1.95
9.26
5.12
7.54
17.68
12.39
5.17
2.48
23.89
38.05
21.95
2.44
5.07
4.91
1.68
13.74
13.83
2.63
4.58
5.53
5.04
9.67
9.74
6.03
4.05
23.75
5.17
14.26
5.08
6.94
7.03
23.48
17.27
3.51
16.86
2.49
13.15
4.47
5.16
6.11
5.67
4.00
6.69
12.12
6.13
1.90
3.05
7.11
5.21
4.06
3.48
2.16
6.75
4.38
13.14
7.96
7.11
4.61
10.35
2.15
2.61
1.95
2.58
2.03
10.06
9.10
12.02
2.04
7.06
6.67
7.07
2.13
5.66
4.77
4.99
5.18
9.66
2.10
2.32
6.45
13.65
2.58
10.78
16.35
4.53
2.58
4.12
2.53
4.48
13.70
2.71
2.00
2.99
8.52
30.99
3.59
3.53
10.15
12.53
9.77
1.78
3.98
13.68
6.48
1.98
5.59
3.71
15.12
9.53
3.18
2.00
25.97
10.17
5.52
4.02
22.92
12.22
10.08
1.51
8.19
5.22
4.76
6.63
11.82
1.93
2.50
7.11
5.50
13.27
9.01
31.25
7.25
3.15
11.23
2.02
2.97
6.08
10.73
8.21
2.56
18.43
9.11
11.09
2.61
13.49
6.14
2.67
10.16
9.26
6.11
5.41
2.46
4.77
3.69
18.18
6.09
6.51
12.67
2.03
24.30
12.74
2.59
13.73
9.19
1.94
5.61
13.11
5.58
9.68
7.67
6.57
30.94
10.12
1.57
5.20
14.74
2.47
3.08
3.95
10.73
25.88
4.08
3.53
2.91
26.53
3.15
6.45
12.86
5.71
2.96
12.69
4.62
5.11
3.53
8.26
13.06
11.64
4.42
2.69
9.47
11.66
15.36
3.04
3.49
2.60
7.11
5.08
9.25
10.65
3.65
7.53
5.59
15.78
2.52
2.12
3.48
2.06
13.61
4.50
20.96
6.59
2.03
11.29
10.56
3.00
4.01
7.23
16.34
13.92
4.07
5.54
4.98
9.06
5.52
9.72
2.99
4.54
18.33
11.67
17.42
7.48
9.71
24.37
1.66
2.05
5.57
5.50
11.71
3.42
13.80
1.82
3.24
18.92
2.57
9.51
24.53
5.13
21.36
2.91
3.11
4.48
9.79
28.07
33.52
2.99
1.63
4.13
24.35
2.99
17.91
15.79
9.00
1.54
10.12
2.46
9.30
14.61
4.45
8.64
5.08
13.70
16.40
5.48
12.14
28.51
11.78
13.87
4.65
3.89
2.98
3.33
10.12
9.31
4.57
3.45
12.50
5.45
2.65
3.63
3.49
3.98
6.72
2.56
8.69
3.65
7.10
2.00
4.97
2.95
8.69
32.90
13.27
3.57
11.74
8.71
16.88
6.98
12.82
3.45
4.59
6.27
3.43
19.73
8.65
17.21
2.58
3.60
9.26
3.85
12.73
4.50
11.86
4.07
20.27
15.23
3.73
2.15
2.54
12.97
7.47
5.25
3.71
15.24
5.79
3.59
4.39
8.63
8.81
8.66
4.46
4.51
2.03
23.73
6.13
4.48
10.53
10.24
7.73
7.23
13.61
7.14
15.30
2.55
7.67
15.72
6.18
3.91
15.17
29.45
4.13
6.09
5.02
9.71
7.06
15.82
4.96
22.35
1.55
2.05
13.89
6.59
10.51
2.83
12.14
6.27
11.17
17.07
9.20
6.63
2.59
7.57
5.02
23.76
4.02
5.04
7.15
4.43
8.72
12.27
9.12
10.67
17.78
2.56
12.06
2.17
10.20
18.37
4.49
2.07
10.06
8.64
19.25
9.18
4.53
13.74
16.26
2.00
18.19
11.70
4.08
8.06
10.64
12.29
3.50
14.21
4.57
6.53
4.19
6.61
5.97
13.25
1.58
12.05
10.08
16.27
12.36
11.69
5.62
3.62
3.38
2.10
15.35
3.29
13.74
8.47
8.96
2.41
10.11
10.04
9.81
14.65
10.82
4.64
13.15
2.08
7.68
4.08
9.66
4.64
1.98
4.65
13.28
9.01
8.58
2.42
5.70
3.74
8.12
9.04
24.28
7.99
7.20
3.60
4.44
6.23
8.19
2.08
3.94
5.90
14.78
10.77
11.36
6.70
8.29
9.18
1.84
1.93
4.02
3.63
8.16
14.75
4.63
5.63
6.59
8.17
9.60
11.54
42.22
1.92
2.59
3.84
10.14
20.85
14.79
7.17
15.81
2.65
3.49
2.07
2.04
12.00
8.03
2.37
3.46
14.84
11.79
2.09
1.93
17.21
2.66
3.07
2.92
3.13
26.35
16.32
6.63
13.04
4.49
7.02
5.42
4.37
6.26
4.88
2.48
17.97
2.01
7.60
6.18
13.63
11.66
13.75
1.95
3.16
11.69
8.02
3.70
8.67
6.52
6.09
23.48
25.93
10.03
7.14
22.87
8.12
3.12
7.61
2.63
9.18
16.71
12.35
17.67
19.30
6.71
3.19
2.49
3.97
1.60
19.15
9.60
12.65
3.12
16.27
6.48
2.18
18.31
3.10
4.05
5.20
15.21
6.57
2.03
6.08
24.42
1.99
7.52
4.01
4.15
4.04
17.92
1.95
1.59
3.49
1.99
5.49
7.12
9.72
2.70
35.15
31.11
5.02
4.49
4.50
5.21
32.32
1.95
4.03
9.09
19.35
4.59
2.10
3.08
11.70
3.16
6.68
7.58
9.07
12.65
4.15
8.15
6.61
7.59
12.64
1.97
6.53
24.96
2.51
10.22
7.01
12.28
6.33
4.52
11.08
4.39
4.01
4.58
2.00
3.98
2.70
3.63
2.36
10.67
4.96
6.64
2.96
27.48
3.60
11.35
2.62
9.19
3.98
16.89
3.54
2.59
4.13
2.58
9.52
7.55
4.66
1.93
25.90
5.62
12.72
8.18
7.59
16.35
10.09
11.69
2.05
26.51
8.10
2.93
3.05
9.56
31.04
11.16
2.56
6.11
4.09
9.86
4.09
4.42
5.66
2.02
1.98
3.45
1.64
7.21
6.97
9.66
7.30
12.67
3.11
10.75
5.56
2.86
30.33
16.38
1.56
30.50
3.03
7.70
8.19
2.58
6.59
3.99
9.62
2.79
7.63
15.67
6.61
4.62
1.92
19.52
2.88
13.66
6.15
4.15
2.16
13.10
17.68
15.17
7.21
7.53
5.55
3.63
9.04
14.67
37.14
4.05
5.59
5.60
3.54
4.20
20.50
3.95
10.82
2.07
5.55
18.24
12.61
8.14
3.95
3.54
13.64
3.66
4.50
22.82
15.30
2.64
2.95
16.70
7.61
3.61
12.73
7.62
9.65
1.97
2.99
2.04
3.63
2.57
2.94
3.04
2.00
17.28
5.61
17.36
9.48
4.95
28.68
4.17
9.26
3.36
2.02
2.07
7.63
7.59
18.68
5.19
15.76
6.19
3.70
8.56
12.13
5.45
6.90
5.73
5.06
5.96
12.14
2.07
5.15
2.91
15.81
9.73
4.59
5.55
8.72
2.05
9.19
7.70
4.96
6.69
8.54
6.27
4.40
19.23
16.26
7.66
10.50
4.23
6.14
2.94
5.03
10.86
16.14
12.79
4.77
2.97
2.59
23.48
8.12
8.18
12.68
3.96
9.09
4.43
16.90
4.55
31.40
15.73
4.61
9.08
7.15
6.60
5.58
2.91
3.53
5.70
21.39
8.75
13.26
3.97
13.80
11.68
11.17
3.93
5.06
8.11
2.56
3.03
3.69
5.09
3.83
24.85
7.81
9.17
2.06
4.96
12.69
12.65
7.17
4.59
2.94
8.16
3.98
2.20
31.48
2.54
19.76
6.51
4.13
9.05
10.04
2.12
17.94
11.76
1.90
4.52
1.95
9.68
4.23
9.83
17.69
3.61
4.15
3.92
8.78
3.78
4.21
12.06
12.17
3.08
9.74
13.68
2.11
5.23
12.19
22.72
2.96
17.25
4.69
6.66
7.07
5.61
4.51
13.45
63.88
5.83
1.59
7.06
4.75
9.68
3.91
10.09
3.74
4.36
5.25
2.10
4.37
5.65
2.21
14.16
8.16
3.11
3.04
4.46
19.26
8.75
15.15
11.12
11.62
6.64
16.87
7.58
11.29
3.98
5.97
4.09
4.03
12.28
6.63
1.96
2.60
9.30
2.98
6.62
5.07
3.12
2.03
4.07
2.52
26.94
13.71
5.47
3.04
6.67
3.60
22.88
6.66
25.37
8.10
2.49
2.01
2.70
2.02
6.23
3.43
10.38
7.45
14.21
13.60
2.68
3.39
16.33
3.59
2.02
13.27
14.20
10.05
3.56
9.18
22.43
2.46
14.85
7.68
8.20
1.93
2.18
12.22
11.53
1.92
9.09
5.05
13.35
21.70
5.48
3.01
4.58
3.16
2.01
8.70
7.42
7.63
5.22
4.02
8.67
1.92
8.73
3.43
25.36
10.38
13.19
12.24
8.57
4.55
3.07
15.31
3.36
2.63
27.76
14.87
3.70
9.81
4.46
9.59
9.51
9.75
9.65
17.32
4.20
5.69
16.78
23.26
15.07
5.03
13.72
2.19
12.68
1.57
5.02
10.03
6.50
9.14
21.44
6.70
2.42
4.47
2.14
23.99
7.76
5.52
5.12
7.43
9.76
4.01
6.07
8.66
4.55
4.59
6.53
22.23
5.07
9.16
2.01
30.39
3.65
4.53
8.37
3.44
4.12
3.46
21.90
10.67
22.90
6.04
1.52
9.79
18.26
5.39
3.46
8.74
2.51
5.18
16.14
2.55
22.71
3.66
37.19
11.08
3.18
11.71
8.48
29.58
8.10
2.58
2.90
14.78
12.86
11.52
2.64
22.00
5.15
8.78
11.53
3.32
2.06
13.10
3.49
5.54
3.58
10.69
2.47
2.48
5.14
2.60
1.97
8.17
6.66
3.49
8.09
1.97
4.15
6.57
2.80
6.64
46.21
8.27
3.63
9.34
14.97
10.60
6.67
11.57
14.56
5.57
4.13
4.61
6.17
11.15
3.43
6.11
2.20
2.56
1.96
3.55
8.06
19.21
6.14
16.74
6.14
13.18
6.64
4.00
5.15
3.15
6.13
15.31
13.84
10.70
5.15
4.42
3.94
3.70
7.09
2.41
4.65
4.58
15.22
4.04
5.50
4.14
6.52
15.89
4.63
6.58
13.15
28.52
7.57
2.67
4.91
23.36
16.70
12.75
9.65
8.65
5.19
3.65
2.00
3.06
9.72
3.54
8.53
1.97
12.18
14.70
18.61
22.95
8.12
2.63
4.71
1.87
1.98
10.00
4.10
6.72
16.30
5.63
2.61
7.62
14.24
4.97
5.13
10.74
28.52
11.07
10.01
4.15
8.21
7.55
5.03
28.34
1.62
5.98
8.20
5.14
2.52
8.63
4.53
3.64
2.53
5.68
19.76
5.49
12.70
4.59
7.55
9.68
9.75
11.31
3.60
8.69
2.08
4.38
1.88
2.71
6.14
17.27
10.68
3.46
8.02
17.82
3.56
14.27
4.09
15.81
4.47
12.66
4.58
3.98
2.77
5.71
4.96
6.12
28.41
4.17
11.75
18.21
9.01
7.13
18.28
2.48
9.17
2.51
6.21
7.49
5.12
3.50
3.97
2.95
3.68
3.12
6.19
5.44
16.13
4.53
29.54
2.62
8.23
13.32
6.27
2.01
14.64
17.85
6.96
13.71
2.51
2.09
7.78
24.16
5.01
2.63
8.49
21.74
13.64
10.65
24.06
4.16
13.14
3.94
40.25
3.55
3.43
39.32
6.21
2.56
4.97
13.18
3.45
2.52
4.71
5.65
2.00
6.59
4.16
4.56
4.86
12.70
2.95
9.16
7.72
2.16
5.92
9.06
4.61
15.60
10.34
2.63
7.17
8.20
5.04
8.64
10.09
19.71
7.00
10.38
18.15
6.04
2.85
7.63
28.99
2.85
3.95
2.55
9.77
17.79
10.13
2.04
2.58
16.19
2.03
10.57
5.60
9.77
2.99
15.20
27.98
25.45
7.22
3.47
8.10
8.09
6.08
4.13
2.19
1.90
5.52
14.32
9.06
6.66
5.61
8.11
4.09
2.45
3.01
6.57
4.67
5.09
5.75
4.89
5.90
6.29
11.63
4.01
4.86
9.97
2.87
4.16
12.80
4.59
5.09
4.59
2.51
9.56
2.50
2.41
8.20
4.24
2.31
3.48
4.34
7.74
3.79
1.52
3.18
13.15
25.59
14.18
18.29
45.62
6.16
9.59
4.13
18.69
2.05
2.57
13.44
9.12
12.84
7.95
4.01
2.59
4.05
8.28
7.54
9.80
3.77
2.51
2.79
3.27
46.20
9.61
14.20
2.45
2.18
17.75
4.19
4.08
23.88
20.87
9.08
3.01
5.11
2.59
5.09
5.02
3.93
8.58
7.23
2.52
17.34
12.83
3.62
1.95
11.65
7.49
5.14
3.96
10.22
2.86
8.25
3.45
2.11
28.54
3.48
3.64
2.47
2.27
15.17
9.02
44.27
3.56
11.29
3.45
10.18
9.13
5.58
2.96
9.77
19.34
1.90
8.01
14.01
3.30
2.17
9.14
4.69
11.20
19.16
11.63
39.99
15.14
1.58
6.82
5.11
14.69
5.97
6.62
2.90
4.78
4.35
14.69
4.11
18.61
9.22
22.93
16.36
16.61
9.23
10.79
6.16
4.45
5.98
6.73
7.58
2.51
13.25
8.69
5.44
16.67
14.14
7.71
16.41
15.26
3.71
8.70
1.86
4.03
2.04
2.05
8.13
17.68
3.54
2.53
2.21
2.40
6.66
3.63
4.50
4.62
2.12
4.40
4.91
18.88
11.77
2.87
6.69
13.11
20.92
35.74
5.14
7.18
4.93
4.67
25.52
17.77
6.73
6.05
7.55
7.64
3.03
4.49
4.00
7.68
2.01
4.64
2.02
12.30
8.21
6.03
6.77
11.42
9.59
7.66
6.60
7.68
1.99
1.52
5.62
4.64
1.93
7.12
5.62
7.11
4.03
17.20
2.55
6.78
14.29
3.62
3.51
8.72
14.68
7.71
5.60
5.37
4.12
18.72
17.79
9.65
8.58
4.13
9.17
10.23
5.68
3.95
13.66
15.11
1.62
8.80
10.32
2.80
1.96
5.55
2.64
5.13
9.60
5.92
9.63
6.07
7.65
2.60
3.10
2.57
3.57
2.11
6.16
2.61
6.15
7.97
7.49
4.30
3.58
7.54
23.27
12.85
2.42
14.77
8.16
7.09
10.64
15.22
14.84
13.75
13.17
21.16
15.33
2.61
1.93
7.60
18.90
28.91
9.76
4.63
3.07
11.58
5.04
8.16
11.29
6.16
18.08
2.11
5.51
6.13
6.08
10.61
2.06
4.56
3.03
13.16
3.95
2.04
3.32
19.89
8.21
3.28
3.01
5.60
9.69
10.77
6.65
11.64
7.40
7.07
6.76
9.73
1.62
5.62
3.50
4.19
12.64
2.10
15.69
8.05
23.81
2.45
12.31
25.45
6.62
3.93
6.44
3.72
8.21
8.74
5.02
11.74
3.01
10.69
12.84
5.49
15.29
18.18
7.13
15.82
3.63
7.66
16.77
2.00
2.51
2.66
6.59
3.67
5.99
6.94
2.63
10.45
2.00
4.99
8.73
5.58
5.66
3.10
19.50
15.12
2.12
22.23
3.30
4.53
15.76
21.82
8.13
12.68
3.58
17.67
12.19
5.09
4.09
7.05
6.14
5.52
3.02
6.68
6.10
7.07
6.65
4.13
6.55
11.75
6.52
15.78
8.76
2.08
5.59
2.95
5.97
1.52
3.10
6.13
6.49
2.53
1.99
1.94
3.63
2.25
1.90
6.07
2.06
3.14
17.33
20.47
14.80
2.85
17.78
12.55
7.18
6.53
1.64
21.89
3.09
9.69
5.02
2.01
7.58
5.48
2.64
12.20
8.98
3.71
9.64
7.66
3.16
23.92
5.44
7.49
6.67
8.69
7.16
4.01
9.49
1.54
4.50
6.62
8.56
17.23
3.17
12.24
10.80
3.02
5.00
8.67
3.68
2.93
15.60
2.15
6.14
18.32
5.07
5.98
5.49
9.13
4.70
2.45
6.72
3.53
13.71
6.63
4.07
2.35
3.01
1.68
6.14
22.33
12.69
13.88
22.84
8.39
10.22
6.47
2.20
6.59
2.83
2.46
4.15
7.14
4.42
18.46
2.48
3.21
2.02
3.87
10.09
9.19
2.51
3.08
7.67
5.63
6.62
5.08
10.12
4.07
6.18
12.17
8.13
7.12
6.49
3.92
23.85
16.50
14.31
6.02
5.12
11.07
12.67
33.12
3.52
11.81
2.45
14.36
7.61
4.68
5.04
9.55
2.45
14.70
6.19
16.76
2.99
1.87
2.65
8.14
3.43
6.09
9.27
4.20
2.03
3.94
6.67
13.22
14.71
12.23
10.03
3.58
6.03
3.63
14.39
5.04
32.48
4.26
8.61
16.81
7.14
7.64
13.26
10.05
27.31
8.07
4.07
9.15
7.71
10.48
2.37
8.68
5.77
4.62
2.85
11.35
4.24
11.21
2.05
2.95
3.56
14.82
15.19
2.56
5.93
6.56
2.04
10.67
7.53
6.10
3.14
4.55
12.33
14.71
6.09
22.22
1.54
10.64
21.37
1.95
1.87
5.64
11.79
7.69
1.90
1.95
5.02
4.21
1.77
4.17
5.40
8.52
11.59
2.00
5.02
14.89
4.40
26.57
7.03
12.10
23.01
1.88
5.72
7.65
3.70
1.99
5.47
2.16
7.58
11.62
3.14
7.00
2.59
5.03
4.61
14.21
6.06
25.47
12.76
24.46
12.20
7.62
7.49
12.20
9.02
2.50
15.22
10.85
9.20
2.50
21.23
2.18
6.11
8.08
1.95
1.58
5.28
9.61
4.72
2.93
7.17
7.06
4.08
3.49
2.12
15.14
6.13
10.54
8.15
3.13
10.64
10.65
14.79
3.38
2.72
12.18
6.18
20.93
12.03
6.47
3.78
3.56
2.79
2.51
3.21
2.06
17.21
10.15
10.04
19.76
24.72
4.11
12.82
10.72
1.95
3.06
16.16
7.10
2.62
36.69
7.03
2.64
3.89
12.69
4.21
4.12
4.20
3.45
10.60
9.92
4.19
9.65
3.96
4.16
3.45
8.71
3.73
20.51
5.38
3.67
13.73
11.04
6.62
2.46
7.60
7.62
28.44
17.28
5.69
8.21
6.49
6.16
2.07
1.88
3.06
46.33
2.00
3.72
17.77
2.05
4.52
3.50
4.14
10.64
5.61
7.14
5.57
12.15
1.78
1.66
9.10
5.12
5.13
5.68
8.05
1.98
8.54
6.24
2.55
4.68
53.42
4.32
2.43
5.12
2.43
10.33
4.54
24.88
2.16
14.82
5.68
14.82
4.08
4.02
19.14
4.14
18.28
17.35
10.51
3.71
9.28
1.77
9.67
5.61
3.65
2.70
3.03
4.58
2.36
5.68
4.04
5.45
5.60
13.28
2.55
3.34
3.56
2.02
11.66
2.01
7.71
4.11
3.50
13.20
4.51
8.73
10.60
2.04
11.59
9.13
3.45
24.97
6.72
12.70
3.47
5.46
6.07
6.24
6.15
4.09
3.59
4.51
10.53
9.65
5.16
3.96
11.22
15.27
6.72
9.07
19.85
12.25
3.04
6.60
7.65
3.06
10.18
21.25
8.01
3.58
4.61
2.13
13.81
1.83
5.16
8.21
9.70
22.34
2.96
23.35
7.63
3.68
3.18
22.38
3.00
6.57
5.40
6.73
2.53
10.20
6.23
2.45
4.51
3.96
1.91
3.56
2.26
7.63
4.61
7.03
5.14
13.25
15.15
2.14
3.09
9.64
28.89
2.45
3.86
2.11
8.68
9.79
2.49
17.06
3.41
17.74
4.06
21.89
17.84
5.57
11.10
4.15
18.64
9.30
16.11
33.39
7.61
4.35
2.60
14.96
3.30
6.55
19.91
5.77
8.16
3.05
2.46
2.10
6.10
5.41
9.69
1.67
2.07
6.66
8.63
6.15
2.43
8.50
13.13
12.44
4.38
19.85
14.69
2.19
4.61
15.28
15.75
5.09
3.95
20.94
24.35
24.43
11.48
13.22
20.43
5.68
6.60
2.43
18.92
2.46
3.48
2.67
10.63
4.65
1.87
6.60
27.37
6.81
2.16
31.33
5.12
8.45
4.61
4.96
5.54
2.66
2.64
10.53
2.42
7.71
4.96
13.25
5.19
8.13
27.41
18.32
15.33
12.67
3.61
5.96
4.04
27.30
21.30
5.56
9.20
25.52
7.57
4.57
2.48
3.19
12.11
3.99
10.64
2.77
3.85
2.05
14.10
2.59
20.80
6.29
27.53
12.98
21.42
3.07
6.57
2.95
6.81
6.95
10.86
15.76
3.09
4.48
5.08
6.62
6.09
19.81
4.04
1.60
9.63
7.72
2.16
27.86
1.47
8.55
3.19
2.96
3.95
13.73
6.19
5.73
5.42
3.95
4.25
9.65
4.46
2.59
3.60
4.46
5.13
1.93
3.07
2.13
7.66
10.68
1.97
2.57
4.17
3.09
2.88
4.50
3.54
4.97
1.74
6.18
6.46
1.71
61.44
12.61
3.48
16.68
2.04
3.01
16.84
5.04
24.42
8.10
14.27
19.38
17.89
3.96
2.13
7.56
14.63
12.17
19.79
20.80
7.09
4.61
2.61
5.11
2.59
1.97
9.59
6.69
6.05
2.06
5.25
6.14
15.37
2.30
3.03
2.45
4.55
19.42
3.58
2.95
2.96
1.61
8.78
3.06
5.71
10.21
14.57
3.85
9.55
2.05
11.73
16.90
2.05
12.76
14.73
7.18
11.10
6.74
8.03
11.57
4.09
6.17
3.90
20.90
14.38
9.63
5.15
8.50
17.82
8.23
6.13
3.98
8.23
12.67
4.56
4.65
26.43
6.60
2.82
4.67
11.62
2.55
8.15
27.47
8.09
2.45
7.76
27.91
2.44
4.13
18.28
9.18
5.60
12.59
6.10
7.15
8.09
12.69
2.11
4.21
4.43
13.16
8.08
15.25
3.17
2.06
3.69
2.02
3.38
3.55
1.66
2.05
3.96
1.53
1.63
12.68
2.45
2.70
9.11
25.29
2.01
7.00
13.23
17.78
13.73
2.03
6.10
3.58
7.71
6.08
3.06
7.68
5.56
8.67
8.47
1.94
4.07
1.72
10.05
3.11
10.17
2.06
5.07
4.54
11.62
7.68
8.00
2.56
12.37
2.52
9.76
9.57
6.57
4.48
3.18
13.20
12.77
7.14
4.66
1.96
3.37
4.09
12.85
10.77
2.45
2.92
15.62
18.65
6.79
5.60
3.55
3.47
9.66
17.37
7.09
2.54
2.06
17.42
3.99
3.09
10.68
3.14
6.62
10.02
3.55
17.23
2.12
9.12
1.91
2.60
16.87
3.54
8.19
18.90
9.36
7.63
19.25
12.99
8.61
7.57
9.17
6.66
3.93
6.06
3.22
8.78
2.97
3.11
7.88
3.76
32.45
7.03
5.12
12.70
5.90
6.04
2.16
1.98
12.08
4.04
5.01
2.60
12.32
14.77
11.66
28.65
20.09
7.46
7.71
3.43
2.69
22.35
6.10
3.49
5.07
9.47
2.28
30.08
1.96
13.84
11.17
7.98
3.08
3.18
8.53
7.11
3.95
6.51
5.49
5.64
2.95
7.71
18.46
7.04
2.50
3.93
16.32
4.54
3.14
7.60
15.29
12.11
6.15
7.57
4.94
3.03
10.88
7.70
12.30
15.34
5.01
2.60
8.60
2.52
9.08
2.02
4.51
19.84
7.58
7.58
4.69
4.58
1.64
13.17
2.67
10.10
2.90
6.04
3.43
2.93
8.10
5.86
6.62
3.50
3.46
6.14
10.25
14.27
9.67
6.54
8.56
8.81
14.81
16.38
7.57
3.82
17.91
14.83
15.26
8.99
3.33
14.70
10.11
3.07
11.34
3.68
13.58
7.67
2.23
6.96
12.18
7.64
4.49
5.04
1.63
2.11
11.74
7.65
2.41
9.04
4.69
5.05
13.16
2.05
10.56
4.02
3.23
2.58
6.05
6.61
15.36
3.37
13.14
8.53
5.66
7.53
23.20
6.63
3.60
13.67
8.11
17.97
9.29
3.07
2.52
4.60
3.03
1.95
1.98
2.02
14.66
4.99
5.66
15.76
2.04
6.28
27.29
8.46
12.67
19.02
11.14
9.18
35.46
3.50
3.20
8.18
10.69
8.59
3.69
25.33
4.27
7.05
16.24
4.34
8.65
6.13
7.55
2.03
6.09
5.10
7.74
3.53
3.91
5.04
7.14
6.20
2.57
11.68
11.04
8.08
3.53
6.09
2.45
13.31
14.52
7.95
2.05
3.82
2.55
2.11
2.59
24.06
9.19
4.13
11.62
3.08
7.61
2.09
5.93
9.55
4.22
3.56
24.67
3.02
5.78
15.80
2.54
5.59
14.20
6.08
5.61
4.53
4.51
9.75
7.57
5.09
10.83
2.61
1.90
4.10
3.14
2.14
3.87
4.90
16.10
6.78
3.01
7.83
5.50
12.87
6.69
15.65
29.32
4.15
28.48
2.66
11.17
9.12
20.23
13.14
7.10
3.05
2.07
15.67
1.61
8.07
4.12
5.60
3.95
4.61
4.57
2.55
4.72
16.85
5.93
51.05
13.55
9.26
3.13
3.93
3.74
14.17
1.94
3.94
15.24
6.10
2.47
10.57
6.73
4.43
9.35
3.27
15.25
1.48
6.46
3.51
10.40
3.53
7.79
8.26
5.13
26.01
7.08
9.72
5.98
5.47
6.07
6.64
16.71
7.51
6.65
1.98
13.66
23.38
7.12
10.30
2.27
3.50
2.60
3.95
2.17
7.07
7.93
13.67
3.98
4.71
12.12
26.98
34.11
2.89
4.09
10.84
2.83
5.95
2.10
10.65
2.54
3.07
12.25
7.80
2.44
7.99
2.16
4.26
12.66
3.07
20.98
9.58
9.59
23.31
4.56
6.04
8.22
2.41
3.13
16.15
2.09
2.44
9.25
18.81
4.63
3.82
1.66
10.34
18.40
3.57
1.94
6.53
2.54
7.07
9.68
2.92
12.69
11.21
7.58
9.77
5.15
13.38
5.51
11.69
5.68
4.04
4.11
3.66
2.06
3.41
2.43
19.77
4.69
5.19
7.07
9.60
12.64
2.47
3.04
15.78
8.25
9.60
26.45
3.17
3.03
19.79
27.72
3.11
4.49
9.10
9.67
7.62
10.24
7.02
4.46
4.19
7.20
4.02
28.40
2.03
4.01
11.13
4.15
16.80
5.15
2.04
6.44
3.60
8.04
12.22
6.06
10.07
19.33
2.64
4.00
12.61
2.62
11.76
3.90
9.65
5.55
2.65
4.15
12.19
4.13
18.96
2.96
20.21
5.59
2.68
1.94
6.03
3.99
3.73
3.02
10.52
22.04
5.62
29.59
3.37
3.69
1.97
14.58
24.46
2.67
9.60
8.13
12.71
21.22
10.70
12.61
6.21
7.68
4.60
1.92
7.07
10.67
5.18
3.03
1.87
13.26
8.84
6.96
11.70
3.65
23.82
6.12
13.74
3.94
6.10
13.71
9.16
3.13
11.25
8.99
18.74
3.53
7.59
2.14
2.56
2.00
12.29
10.33
12.66
10.35
11.32
17.14
6.71
4.91
14.19
19.36
6.16
11.09
12.77
2.51
6.62
14.16
8.26
4.58
1.92
2.14
5.71
12.72
16.32
2.55
4.53
16.24
8.62
5.44
6.15
8.76
6.20
18.90
4.43
8.12
6.61
10.52
3.99
10.64
1.95
5.12
10.02
3.66
2.56
8.70
9.87
8.67
5.97
8.63
3.96
2.99
5.05
9.77
10.21
4.64
4.14
24.47
3.49
9.08
2.49
7.55
6.16
5.57
9.34
2.04
3.92
3.78
24.93
12.12
6.46
6.16
2.57
4.52
5.95
5.11
1.99
3.06
2.67
6.73
1.92
4.09
2.10
7.62
6.19
3.06
2.52
9.08
7.07
6.73
1.94
4.06
4.89
23.34
7.14
2.12
9.09
2.13
3.60
5.53
7.13
11.11
2.94
8.20
5.72
6.23
6.47
7.04
2.03
4.14
2.65
4.99
6.60
15.65
2.05
2.54
1.96
5.16
14.15
3.23
8.04
6.64
3.47
24.74
6.59
19.15
4.67
10.72
3.03
6.63
3.61
5.03
6.11
7.60
3.46
2.99
23.87
8.12
6.22
9.76
5.43
19.86
5.03
7.63
10.57
4.05
2.18
6.57
4.00
4.16
22.96
1.89
31.04
3.79
1.90
20.74
24.39
25.95
9.03
2.43
38.70
2.09
5.02
2.03
9.59
3.10
4.50
11.19
3.74
3.42
8.02
3.47
33.16
15.32
4.02
5.58
9.68
19.23
30.99
6.00
14.38
23.33
8.22
4.06
6.17
11.97
6.71
1.94
10.00
4.00
3.11
3.16
13.30
2.55
3.46
2.06
7.13
5.01
10.38
10.15
2.94
2.53
8.07
4.00
17.24
30.96
16.66
8.64
18.36
1.99
6.16
1.99
7.65
5.17
1.99
16.87
3.10
10.14
8.08
14.19
6.18
2.69
23.42
16.30
4.87
2.02
4.19
2.27
11.32
22.22
3.52
4.49
2.48
13.83
8.17
22.43
14.27
7.58
1.88
3.21
6.87
3.93
14.22
6.92
3.92
8.27
4.66
4.68
9.13
14.12
9.09
2.56
1.69
2.52
3.35
3.70
6.66
17.33
12.69
46.16
3.12
6.45
9.90
3.62
8.14
3.01
7.80
3.10
2.48
6.05
2.17
17.34
2.48
16.22
6.56
3.60
8.67
6.07
2.63
10.56
8.06
13.12
3.52
11.19
2.03
15.67
7.36
18.94
11.75
2.53
4.92
7.55
1.80
7.15
7.18
2.57
10.16
4.06
3.92
10.90
8.97
5.40
9.61
6.67
11.97
10.84
5.14
2.44
3.00
6.57
12.14
14.24
19.83
4.70
13.16
17.18
12.13
3.58
4.22
2.45
12.15
2.08
7.65
1.63
12.77
5.20
2.05
5.97
7.61
16.77
10.30
11.07
7.09
8.68
2.01
3.32
2.44
1.58
3.65
4.89
10.76
2.07
14.29
32.10
3.75
17.11
12.69
2.04
10.35
15.19
4.66
4.50
3.33
10.66
10.51
4.54
8.97
5.65
6.08
14.36
9.13
10.70
4.49
5.94
2.66
17.72
12.31
15.81
24.35
2.58
9.66
23.39
4.20
3.85
22.32
13.20
3.98
4.39
2.09
5.15
6.59
20.41
5.25
3.37
9.55
2.14
3.00
12.60
8.24
2.37
2.69
18.96
14.15
2.09
7.21
12.58
4.40
9.64
10.19
4.12
21.38
3.70
10.61
19.27
11.15
6.66
4.52
2.22
6.71
5.43
17.73
3.52
3.60
13.79
23.82
9.55
3.24
5.48
28.46
25.76
9.82
2.92
13.75
2.10
6.08
13.34
6.61
9.71
7.52
8.67
14.37
3.90
8.20
5.17
11.25
2.50
8.13
4.18
4.47
7.56
9.51
4.84
2.38
2.89
3.69
14.71
2.61
9.47
10.52
5.33
4.78
12.56
2.04
10.15
2.70
7.75
2.99
1.91
10.14
11.83
12.22
3.13
4.45
12.30
13.26
8.63
13.22
10.62
3.83
6.67
10.17
3.57
3.57
3.06
11.04
16.69
6.77
8.10
2.98
15.63
1.53
2.14
7.63
8.69
8.23
2.54
11.73
8.00
5.12
9.67
4.98
11.56
8.69
2.47
18.88
4.49
19.03
15.25
6.59
6.53
4.93
9.08
2.14
13.34
4.65
2.45
11.18
16.74
4.60
23.83
5.08
12.31
1.87
5.69
8.10
3.11
3.71
5.41
5.10
9.47
12.84
6.21
3.04
4.75
3.42
2.15
4.89
7.70
2.02
2.22
2.92
2.33
3.56
2.08
5.10
3.54
2.99
10.65
3.14
7.73
4.48
9.29
4.15
11.53
4.46
4.60
1.90
2.63
17.25
8.19
21.00
4.36
11.71
2.67
2.02
9.10
16.27
13.12
3.00
4.08
6.61
12.16
5.11
3.23
3.98
2.56
10.78
11.44
9.11
12.88
6.62
3.62
4.15
11.04
13.71
5.61
2.01
2.47
2.52
6.11
2.62
3.09
4.05
9.57
14.79
7.65
3.48
11.23
1.54
1.97
6.59
25.43
22.94
6.13
2.47
27.71
2.90
3.00
3.14
9.23
3.35
1.57
5.07
16.68
16.86
3.04
2.03
5.47
15.31
15.92
11.40
13.26
7.10
13.11
9.12
20.67
3.58
7.52
2.70
4.50
13.30
12.62
27.35
12.02
2.09
2.01
5.95
10.59
9.64
2.72
2.58
6.67
1.97
6.16
2.16
4.34
3.58
16.35
8.14
9.63
2.54
8.58
5.67
2.97
7.62
4.43
2.61
4.05
7.57
5.60
9.06
4.02
7.71
7.66
7.21
6.66
2.64
4.09
1.96
14.56
12.08
5.20
13.33
16.25
7.52
2.99
7.04
2.14
3.23
11.87
4.43
6.47
1.68
6.98
3.59
2.56
3.52
1.85
7.12
9.23
14.62
7.67
4.66
26.89
6.65
2.47
6.12
18.79
4.59
3.05
11.68
15.76
7.06
10.19
4.66
3.80
12.31
2.90
6.19
35.50
4.55
2.61
4.06
10.20
5.10
6.63
3.49
39.35
3.64
14.58
2.88
13.86
4.52
2.09
19.94
2.62
20.79
10.12
4.37
12.68
10.81
15.38
3.61
2.41
2.15
9.28
7.55
5.06
15.27
8.62
13.07
6.11
20.90
9.66
16.21
18.40
1.96
6.05
1.70
10.14
5.14
10.65
3.38
19.29
2.94
3.22
4.59
7.08
10.31
10.72
4.58
16.13
1.63
8.63
18.27
3.95
4.72
4.18
7.13
2.96
2.99
5.47
10.11
6.26
24.80
5.92
3.63
27.90
3.54
1.60
11.39
10.11
2.32
5.01
5.21
7.07
7.05
3.11
7.05
4.21
1.92
7.82
6.72
4.26
3.73
7.14
4.08
19.18
11.68
15.33
8.66
25.80
11.70
7.17
9.69
3.10
5.18
6.51
14.15
2.00
12.50
4.22
3.63
2.13
5.04
2.59
8.09
27.16
2.05
1.84
3.08
1.68
10.67
11.62
15.72
13.81
4.86
7.89
9.46
12.09
2.62
3.60
3.10
7.73
8.60
6.72
2.96
4.06
4.39
10.05
4.54
16.27
16.94
10.69
4.96
9.10
3.91
4.13
2.51
4.74
1.95
4.04
10.77
6.59
5.03
5.94
5.12
13.34
14.33
2.30
16.83
7.14
14.26
2.43
3.95
3.12
7.12
2.45
26.55
13.90
12.08
30.58
18.75
16.21
4.13
3.65
8.99
2.45
1.50
4.16
8.70
2.99
9.75
10.19
7.60
2.10
2.60
10.62
5.57
3.99
7.15
2.56
19.26
19.74
6.27
6.47
21.35
4.13
15.31
2.64
6.54
4.09
3.90
2.02
4.61
5.21
3.93
1.61
7.51
13.23
4.99
3.62
3.24
1.95
1.54
13.18
2.01
7.66
10.92
3.41
3.91
2.77
8.33
11.56
8.53
11.09
4.62
22.78
23.72
2.52
6.02
15.22
10.76
5.02
4.61
8.64
8.70
3.98
18.82
5.54
22.25
2.66
7.66
5.75
2.60
4.06
3.87
5.38
5.12
7.64
13.78
6.07
10.08
11.31
5.05
26.34
2.05
5.50
13.25
2.01
2.59
6.16
6.17
10.26
3.06
3.57
2.44
4.99
4.00
2.93
9.27
14.78
16.30
12.17
7.06
2.95
8.66
10.63
9.07
4.11
13.21
4.68
2.50
4.71
3.70
9.66
6.02
5.74
5.01
9.16
16.83
3.06
9.22
9.20
3.52
3.11
14.69
5.06
4.92
4.57
12.19
20.79
9.66
5.12
2.16
13.23
11.61
9.61
9.03
4.22
27.45
2.45
4.07
8.10
14.84
5.01
6.07
3.16
11.63
3.06
3.50
6.63
4.54
14.74
10.16
9.26
5.02
26.39
7.69
25.38
10.42
4.59
7.00
4.94
2.59
2.18
8.68
10.37
2.88
3.65
3.44
19.71
5.66
3.44
6.61
3.11
27.06
6.05
6.39
7.57
10.22
19.76
2.73
4.93
7.05
20.19
19.35
21.38
14.75
3.65
12.16
15.41
4.53
2.97
10.00
3.11
2.52
14.24
1.95
6.64
18.23
4.22
2.93
2.18
11.62
11.71
6.93
3.94
10.56
4.17
7.00
11.15
8.18
4.11
3.57
35.30
9.46
15.31
6.17
17.90
12.01
9.62
9.24
17.38
3.10
1.93
11.61
1.99
1.49
11.67
3.75
3.08
3.32
11.33
4.28
8.13
5.46
5.16
5.57
5.47
8.18
14.82
15.28
20.98
8.55
2.17
4.59
4.99
4.93
12.50
2.50
3.61
5.14
6.75
3.60
3.10
2.51
11.15
11.13
4.58
6.45
11.10
8.27
7.23
2.66
6.07
6.63
14.64
8.22
24.17
28.41
12.02
4.77
9.24
7.65
6.06
3.49
19.41
3.11
2.41
7.69
6.13
13.64
14.62
12.71
12.69
4.03
3.60
2.04
11.41
4.48
5.47
3.10
21.38
17.48
15.87
1.95
14.31
7.04
2.46
2.14
3.97
15.70
1.57
9.48
7.13
2.71
11.79
13.77
4.19
18.31
3.42
13.53
1.99
3.28
4.56
10.61
2.97
4.90
2.29
2.53
5.55
2.07
12.77
5.00
7.61
18.17
6.04
7.60
15.74
5.11
9.26
9.65
7.04
2.55
6.13
22.31
2.62
4.56
9.56
20.91
3.13
6.61
3.53
2.02
2.71
16.65
10.54
4.48
4.61
18.93
19.49
4.01
5.15
9.69
5.53
4.51
32.10
3.33
4.58
17.11
13.03
12.81
13.71
8.11
15.98
5.79
12.61
3.02
3.15
2.55
23.01
1.86
3.97
5.20
4.61
5.52
3.05
13.63
11.69
4.54
2.08
10.69
15.19
2.13
2.92
9.08
13.50
2.66
20.38
4.18
4.09
6.66
2.49
9.57
14.10
2.67
7.51
2.96
11.74
6.76
4.53
12.67
8.13
6.64
3.07
5.04
6.09
8.72
3.44
8.72
5.68
6.05
15.36
4.53
23.24
13.07
8.20
26.94
9.60
6.10
8.14
1.91
3.07
6.07
13.87
4.67
7.62
4.46
4.23
13.73
4.34
10.74
5.02
4.12
5.76
8.10
2.33
12.70
2.52
4.16
5.66
8.65
8.09
9.46
7.58
19.76
10.70
8.74
5.01
17.70
9.27
1.87
2.00
7.31
15.76
6.44
16.25
6.51
4.58
2.56
3.59
2.11
1.92
27.84
23.39
12.24
7.71
11.59
2.45
4.00
2.16
3.06
9.73
22.25
8.61
3.08
2.73
9.24
18.20
7.63
9.50
8.69
2.03
9.66
6.10
5.11
8.15
5.48
2.76
15.87
2.57
4.90
40.01
1.70
2.03
11.61
23.79
7.69
11.04
4.61
3.84
4.41
5.40
4.12
7.17
5.14
20.84
1.84
6.56
2.00
1.99
1.61
5.74
5.72
5.19
4.03
10.95
13.14
4.06
10.19
10.23
3.15
8.14
5.70
15.74
3.97
2.42
2.21
6.05
9.64
34.91
21.82
1.63
2.12
16.10
8.56
11.62
3.00
3.06
11.44
5.57
4.91
2.26
1.87
7.18
2.51
2.05
3.49
2.58
2.66
21.04
1.86
6.59
16.75
19.82
17.27
3.06
11.23
1.91
7.99
12.68
4.28
4.14
12.49
2.81
4.99
6.62
4.56
5.16
6.12
4.05
7.00
10.62
22.71
2.61
3.04
13.84
8.83
3.90
11.67
3.50
2.56
19.26
5.06
5.61
2.60
18.43
7.52
16.74
12.35
20.85
5.59
9.54
8.61
2.54
5.56
20.57
15.30
2.34
29.91
6.12
3.60
6.72
2.96
3.34
9.38
14.70
5.38
20.94
9.08
3.66
6.59
15.29
5.46
11.11
8.67
11.70
7.66
5.72
8.62
15.78
4.24
19.27
11.03
16.48
9.54
9.61
6.93
6.64
7.67
13.20
16.78
14.70
31.52
2.05
24.47
3.54
8.56
5.11
34.24
2.64
2.56
7.10
8.07
3.43
15.12
9.68
16.17
5.16
11.30
8.62
8.17
3.41
12.80
23.00
2.35
3.40
4.13
17.92
8.16
14.90
9.30
2.98
24.62
27.13
4.64
