25.63
1.00
2.03
3.55
4.30
3.51
6.54
15.68
15.17
5.79
9.09
7.61
1.01
11.67
6.08
10.08
18.67
5.59
0.97
17.68
3.01
11.63
4.03
1.03
6.57
12.10
19.72
2.54
3.55
4.55
9.86
4.02
5.09
6.06
2.49
2.51
7.07
4.04
2.55
5.59
12.63
22.70
1.98
5.04
17.68
4.05
4.06
12.16
10.07
11.10
1.00
6.10
1.48
3.52
4.06
5.53
8.07
8.59
30.89
3.57
7.07
8.12
5.05
13.16
6.58
9.06
15.11
2.56
2.56
1.01
0.98
4.07
8.12
2.03
5.01
0.99
5.57
14.11
2.01
13.63
3.55
0.99
5.54
4.07
6.57
2.51
3.58
21.23
4.06
2.99
2.02
6.55
16.13
2.01
1.53
6.06
2.54
5.06
1.04
9.57
23.72
7.06
9.09
27.80
8.58
6.57
2.53
7.07
7.06
7.56
21.18
8.59
13.12
31.86
16.64
9.57
11.59
9.09
2.55
2.05
11.13
2.52
5.54
17.68
2.01
5.56
21.64
4.53
8.58
3.54
5.08
1.49
1.51
6.55
16.17
1.03
2.52
2.01
2.50
4.04
4.02
11.12
1.02
11.10
2.53
23.25
15.66
13.12
4.52
1.02
12.60
7.10
11.10
3.51
9.09
5.05
14.63
9.60
1.04
2.50
8.08
1.97
4.55
17.66
2.55
4.52
3.54
1.49
8.07
8.06
4.53
2.53
9.58
5.57
10.11
1.02
2.52
20.67
11.60
9.06
6.04
1.53
7.07
5.10
8.10
2.53
12.11
12.64
9.55
7.56
3.04
5.04
0.99
0.99
3.58
9.06
7.07
2.53
4.52
7.08
9.10
6.56
12.14
2.02
10.61
2.00
5.06
3.51
6.05
7.10
1.54
4.06
1.99
8.10
2.00
11.60
10.60
8.58
26.27
2.56
1.49
11.61
1.55
12.64
2.48
4.01
1.04
0.98
8.60
4.54
10.64
7.08
1.48
8.08
1.02
4.05
15.65
2.51
1.54
9.60
20.72
8.08
4.06
4.52
12.64
5.10
18.64
10.08
20.22
10.61
9.61
2.04
4.04
17.15
22.74
3.03
17.20
8.07
13.16
4.01
3.53
3.51
6.57
8.60
10.08
1.52
7.07
4.54
4.06
3.51
7.55
7.10
4.04
4.05
8.58
2.52
1.01
1.03
4.06
1.49
5.07
6.59
26.74
4.54
8.58
7.59
0.99
4.02
14.14
6.61
2.01
3.03
2.49
7.05
3.04
11.14
24.76
13.15
0.99
2.99
2.02
1.01
9.10
15.63
8.61
18.70
14.63
2.52
9.07
6.06
2.52
4.53
8.58
2.04
9.08
1.01
5.55
5.03
25.23
34.39
4.01
22.20
7.08
11.10
2.00
1.53
12.10
7.08
3.52
3.58
3.55
4.49
10.09
1.54
1.48
4.57
1.01
10.10
5.58
3.57
2.03
1.02
7.08
18.22
17.64
1.00
1.57
12.10
10.56
3.54
5.03
6.56
32.78
4.09
3.50
5.55
11.10
6.56
3.00
4.03
7.61
2.54
15.13
24.77
4.51
4.53
6.05
13.64
18.77
8.09
3.57
1.00
1.00
9.07
17.68
2.52
2.53
2.53
4.04
13.10
1.52
12.13
3.04
23.32
2.01
2.52
2.02
6.53
1.54
23.28
2.54
10.14
13.61
7.53
3.56
5.52
16.12
1.51
4.55
6.06
23.77
6.56
1.52
3.55
18.73
13.12
2.01
9.58
1.00
1.02
3.51
16.65
5.55
9.10
18.20
4.04
1.98
10.59
12.64
13.13
3.04
22.70
7.10
7.10
11.62
8.57
5.01
5.57
1.98
11.56
3.03
10.10
4.56
4.03
2.04
11.15
1.49
6.56
10.10
11.65
12.61
2.00
8.58
17.67
6.06
5.55
6.61
0.99
2.04
12.13
27.79
5.03
8.05
5.06
1.00
6.09
2.02
3.56
19.67
5.04
5.03
1.02
3.55
24.25
9.66
37.89
26.25
2.98
1.03
1.05
5.01
3.02
9.56
10.07
2.56
6.12
6.55
7.03
11.14
11.64
15.15
2.03
11.64
14.67
12.13
3.50
2.50
1.01
2.01
13.12
14.61
5.55
1.52
19.25
2.05
5.58
2.00
2.03
6.57
5.54
3.53
3.52
3.55
23.26
9.09
16.19
4.06
10.60
4.53
14.64
9.64
1.01
1.01
3.51
15.16
6.57
0.99
6.08
6.04
5.55
1.56
12.63
15.16
1.02
8.04
8.09
2.52
2.01
4.53
2.56
10.58
2.49
10.61
4.54
9.65
8.61
8.56
5.04
3.54
9.63
6.56
1.03
2.01
7.57
2.54
8.05
2.01
1.01
5.01
4.03
7.08
4.03
16.12
5.07
16.67
4.02
2.03
15.63
1.00
3.54
3.01
15.16
9.60
26.24
8.10
11.56
1.06
1.47
26.79
1.01
11.10
10.11
1.56
8.59
6.06
4.03
6.58
3.53
5.08
7.55
2.55
15.66
7.53
5.53
1.02
4.59
5.56
16.14
4.03
5.56
15.14
10.10
2.02
5.06
15.64
29.33
1.02
3.00
4.54
6.59
16.68
3.52
4.05
1.53
16.15
3.06
3.55
2.51
11.05
25.24
14.17
2.99
8.55
7.58
13.19
1.54
5.53
5.06
3.56
3.03
19.73
8.11
1.06
5.05
7.11
1.49
8.07
23.67
31.80
6.57
5.07
2.51
6.06
5.57
10.59
10.13
8.07
9.11
7.10
7.59
21.23
4.05
8.62
10.14
4.05
2.99
3.52
2.05
5.56
1.00
4.03
3.01
14.13
3.02
2.00
6.59
1.53
4.09
7.01
7.60
3.54
8.58
5.05
4.03
3.52
1.03
3.04
9.57
5.55
10.08
1.00
5.05
14.66
2.03
18.69
1.52
8.59
3.01
4.03
1.51
5.04
6.06
5.57
2.00
7.57
5.04
5.57
12.12
6.55
13.66
2.02
3.50
2.54
3.56
10.13
14.13
5.55
8.04
17.66
17.16
2.01
16.68
9.59
37.93
21.76
4.56
8.07
2.03
7.05
14.76
0.95
13.66
15.66
24.76
2.04
15.14
11.14
1.00
30.82
11.12
11.62
9.59
11.12
1.52
4.04
28.77
2.03
2.01
3.03
16.18
2.53
10.10
5.55
9.63
16.68
4.58
8.07
1.51
1.52
8.07
3.03
1.00
2.52
4.06
5.07
4.57
11.12
4.52
3.55
3.53
2.52
1.00
11.16
26.25
3.00
4.07
12.59
10.62
3.02
18.70
1.01
1.02
3.04
7.07
23.23
7.56
8.07
9.62
19.23
21.21
20.17
4.53
20.74
4.54
16.66
3.52
3.51
10.10
1.01
5.04
3.54
13.65
5.54
4.05
4.55
2.01
5.58
1.01
4.57
6.04
2.98
1.99
5.04
32.85
1.00
4.51
5.59
12.13
1.52
4.02
8.61
2.03
12.63
1.52
10.10
2.51
4.05
13.10
1.53
6.64
4.08
0.99
34.32
1.97
12.16
5.13
6.13
1.45
6.54
7.98
3.03
5.08
12.68
3.53
5.08
1.01
20.74
11.10
3.52
4.50
15.15
1.01
5.06
2.01
10.11
2.00
6.58
3.55
27.26
3.07
16.67
17.68
2.51
7.55
5.56
2.04
12.13
1.50
6.56
10.06
2.50
1.01
6.06
8.58
10.08
3.03
12.11
4.08
2.00
1.51
3.54
12.69
15.16
7.59
8.56
2.01
14.69
4.51
5.53
0.99
1.54
12.59
3.55
7.51
2.53
3.06
1.00
15.15
9.64
6.59
1.97
5.05
6.54
7.09
4.55
3.02
8.12
22.26
8.12
10.59
2.52
14.61
1.01
22.78
19.21
18.24
14.12
14.19
5.60
3.57
1.97
2.01
0.98
2.01
3.54
11.59
3.56
4.03
6.09
5.03
7.07
9.07
1.03
9.59
6.55
4.04
5.04
3.55
8.05
30.25
26.80
5.04
41.32
14.15
12.14
9.08
5.54
19.24
16.17
16.16
14.73
11.11
2.50
2.44
1.51
2.51
1.00
7.63
5.09
3.54
4.54
9.08
2.08
2.03
12.70
0.97
34.95
1.98
7.62
1.68
4.23
19.26
4.42
6.00
9.16
2.91
13.07
3.12
16.11
2.53
18.72
1.52
1.05
16.05
1.48
11.66
2.54
1.99
5.53
2.05
18.21
4.00
19.16
5.56
28.83
3.03
1.49
13.11
6.05
19.24
15.16
6.00
6.03
2.61
30.77
5.03
11.49
1.02
17.18
2.05
2.46
13.63
24.28
7.03
19.24
16.68
9.62
2.10
7.60
8.57
1.03
9.00
4.57
7.57
4.59
1.01
8.57
15.18
4.52
3.04
2.53
9.56
6.01
9.60
1.49
10.65
9.64
4.04
1.02
2.00
7.03
4.02
2.56
2.02
3.53
2.52
3.05
1.50
10.61
1.02
3.02
5.12
1.53
1.47
5.05
19.24
7.56
15.67
11.08
4.57
9.62
6.57
5.07
1.00
1.00
3.52
31.81
27.89
4.03
6.58
2.63
18.74
8.51
4.08
6.04
16.67
5.01
28.75
2.56
4.05
12.09
11.13
10.58
5.53
3.53
16.30
33.29
1.02
25.28
3.52
1.51
1.02
3.55
10.95
1.05
5.06
6.63
3.53
4.01
1.00
12.61
8.03
5.59
1.50
13.15
4.06
14.66
4.02
2.56
2.56
2.03
4.07
6.10
9.65
3.98
4.04
11.04
4.08
14.17
4.56
4.55
2.00
4.58
3.02
15.62
8.66
15.63
4.07
2.97
28.32
5.09
4.03
19.13
2.13
9.09
4.53
7.08
6.45
6.54
7.08
2.54
8.08
16.21
5.02
6.05
5.14
5.06
0.99
1.52
2.55
22.20
4.08
0.99
18.59
6.08
3.53
0.99
8.12
19.68
2.52
8.10
5.61
2.02
21.22
15.65
1.50
0.94
21.72
2.01
4.04
0.98
7.09
4.12
7.57
4.54
9.53
3.03
24.73
3.02
10.07
15.16
7.07
7.57
1.01
4.57
14.64
10.65
10.62
1.55
2.00
2.00
1.53
1.51
3.56
2.54
2.02
12.09
2.57
9.07
11.64
8.54
6.59
6.07
4.55
10.07
2.56
7.58
6.56
12.68
4.55
1.49
7.07
5.04
8.07
9.06
1.02
6.60
7.09
7.04
17.71
1.04
13.15
2.56
7.10
0.96
14.64
1.02
9.07
3.03
4.04
5.53
6.09
9.60
20.18
5.58
6.59
11.63
3.47
3.58
6.56
4.51
22.20
2.56
6.06
2.51
7.08
1.52
5.59
5.53
3.55
2.57
9.07
10.07
24.22
1.57
16.21
2.51
9.03
2.00
38.87
21.72
1.03
0.97
2.02
5.09
8.13
4.05
2.01
42.38
4.57
8.56
1.52
3.01
10.06
5.55
1.54
1.99
7.08
2.03
1.01
5.56
2.57
3.54
20.69
2.54
17.22
17.64
18.72
3.06
8.59
20.80
9.59
4.99
11.13
3.52
3.03
7.05
1.51
8.06
8.07
1.01
2.02
1.01
7.07
1.55
5.06
20.20
13.64
1.51
5.02
9.20
1.41
16.18
1.04
16.69
12.11
15.14
1.00
1.03
2.03
17.12
5.04
3.54
4.04
3.09
15.16
3.45
3.02
6.59
2.51
6.09
2.06
1.01
1.53
8.56
1.01
0.95
3.52
12.15
2.55
7.06
11.66
1.96
8.07
17.68
12.09
3.50
3.02
1.03
3.04
5.19
4.10
2.91
9.56
15.68
12.64
9.05
5.57
8.55
7.58
2.55
17.67
17.10
3.54
9.07
2.51
8.63
3.58
6.57
7.05
13.13
5.02
1.52
5.04
3.04
10.60
10.11
2.99
15.17
11.10
5.04
3.04
4.02
12.12
4.54
2.06
11.65
12.10
16.70
12.71
5.00
8.97
5.03
4.08
19.72
1.47
3.53
1.52
12.63
2.01
2.03
11.06
1.52
1.50
5.08
1.99
9.63
11.65
0.98
3.03
6.54
1.02
5.54
1.51
12.62
22.76
10.63
20.21
8.15
13.69
3.50
4.55
5.57
1.02
5.04
2.55
25.72
6.57
6.58
3.02
12.11
6.57
2.55
12.62
9.10
5.56
5.54
4.55
14.63
6.59
3.51
2.00
8.03
13.15
7.59
10.60
8.03
2.53
5.57
13.63
12.57
9.13
18.18
11.17
1.04
1.97
7.61
19.13
16.62
3.51
7.03
9.58
12.60
2.55
9.12
3.57
4.06
11.11
7.52
8.04
4.54
4.52
3.63
0.93
13.19
7.58
13.14
6.56
0.97
2.56
7.59
8.60
2.50
5.08
1.01
1.01
13.62
5.52
3.55
2.54
1.53
3.04
5.03
1.48
6.58
2.01
2.01
4.55
11.59
15.16
3.05
8.16
5.55
6.51
5.06
5.55
5.56
4.54
1.51
1.53
20.69
4.53
2.54
9.64
10.10
5.02
5.07
2.55
2.52
19.22
2.04
6.55
2.02
3.03
13.06
12.13
8.12
5.50
2.55
7.57
16.66
4.52
9.58
4.53
12.64
6.02
1.49
5.56
2.50
3.57
23.74
8.08
1.55
20.80
2.50
7.11
8.08
16.56
13.14
9.12
2.55
5.04
10.65
11.59
16.20
1.54
6.54
3.00
7.05
7.04
3.02
4.55
1.03
2.01
1.03
3.55
11.62
6.06
4.05
0.97
4.07
3.01
9.10
2.51
36.39
7.56
4.06
9.08
7.10
22.69
10.63
7.08
5.04
3.53
3.53
1.51
3.54
1.04
8.57
26.72
8.56
0.98
3.55
2.59
4.05
2.02
7.58
9.08
14.10
4.04
13.62
4.03
4.06
5.07
4.58
1.97
16.19
17.69
1.50
3.56
20.20
24.25
4.55
4.06
23.69
7.59
4.56
8.15
11.64
2.03
22.68
8.52
3.04
7.62
16.11
1.03
4.10
1.97
4.08
1.00
29.20
6.03
5.09
1.01
2.96
34.79
1.03
3.52
9.16
7.56
7.04
1.47
6.55
1.53
2.05
33.41
7.52
10.04
2.54
8.59
25.25
3.03
6.60
0.98
5.60
10.60
1.00
6.53
5.09
1.01
1.47
4.54
3.54
26.29
8.61
2.03
2.08
1.50
3.55
8.10
1.48
11.07
0.96
7.19
3.14
7.50
20.65
3.01
13.01
3.03
4.01
1.57
5.53
6.54
1.01
8.64
6.07
20.23
1.04
7.56
4.52
17.73
9.11
11.62
4.56
8.05
8.59
6.55
2.51
15.65
2.03
13.13
1.06
14.17
0.98
2.02
5.03
3.53
7.01
6.57
5.05
1.02
4.07
3.53
20.73
2.51
9.60
16.28
10.58
14.73
2.03
1.49
2.02
4.56
6.09
1.52
22.68
6.50
2.03
2.54
6.52
2.57
13.63
2.56
6.49
3.53
4.05
3.01
17.16
9.64
2.55
1.54
1.53
3.52
4.59
11.64
10.57
8.54
7.59
3.54
2.96
1.01
14.66
7.08
7.07
7.08
7.04
6.03
25.28
11.62
1.98
7.10
21.81
3.57
1.51
2.49
5.49
11.07
4.60
2.02
21.70
16.61
28.25
15.64
3.53
8.59
6.03
12.69
7.08
3.03
5.03
3.03
6.57
9.62
4.04
2.46
3.02
2.51
3.53
3.03
7.10
2.06
2.99
2.05
23.19
3.50
6.63
1.52
0.95
7.67
2.10
19.73
2.46
1.06
5.03
7.04
3.51
4.06
10.61
14.64
1.98
15.64
9.17
11.11
1.47
4.54
4.54
4.54
2.02
3.51
10.54
5.06
6.53
4.05
8.63
17.68
3.10
2.44
13.12
2.02
12.54
2.02
2.53
1.53
11.12
1.02
12.15
7.06
9.10
3.02
9.57
3.59
12.16
1.50
9.61
16.69
2.57
11.65
3.51
3.49
2.53
8.59
3.53
11.60
23.72
3.54
8.52
11.61
9.10
1.47
1.05
9.12
8.59
1.46
4.57
7.06
6.18
0.92
7.58
8.08
1.00
20.74
14.61
6.59
5.08
3.51
7.53
2.55
7.06
10.09
25.72
11.66
5.00
11.68
5.01
4.55
6.06
20.76
6.55
3.06
5.56
1.05
15.22
2.49
25.27
6.51
1.01
5.04
6.05
9.09
1.05
2.51
10.13
3.53
13.15
1.53
8.56
5.56
10.66
5.56
0.99
20.28
1.49
4.53
9.60
9.07
3.53
10.11
4.55
3.09
9.06
3.47
10.11
8.56
4.55
27.30
2.04
10.60
4.56
7.08
7.09
7.56
9.63
9.13
2.51
2.52
15.66
14.65
4.05
6.10
4.49
5.57
10.56
2.03
3.11
8.01
5.58
3.52
24.24
28.30
2.58
6.12
3.49
3.98
1.53
2.50
25.26
10.08
7.56
17.67
12.62
3.54
2.52
4.06
9.11
19.18
5.07
5.04
10.62
3.55
1.54
11.63
1.00
4.03
10.11
6.05
1.51
5.57
2.04
0.99
4.05
14.64
5.03
3.58
2.07
1.50
8.09
13.13
9.62
7.06
15.20
1.50
2.07
5.57
4.05
14.66
1.09
12.16
13.11
0.93
2.45
1.04
6.05
1.04
2.03
1.49
10.10
13.67
1.51
7.13
3.57
5.04
1.00
1.47
1.98
1.49
2.51
1.52
4.52
0.99
6.08
3.03
8.61
11.59
7.55
9.06
20.19
5.55
9.58
10.20
2.62
17.71
2.03
5.94
1.08
1.50
7.51
1.46
3.55
7.14
8.06
2.50
9.10
5.03
7.04
10.66
1.07
10.64
3.01
2.55
9.57
3.01
4.02
17.13
0.99
6.57
1.55
10.11
4.04
2.53
23.21
6.56
1.00
22.74
11.63
9.07
9.16
7.08
20.68
1.03
1.04
8.56
13.09
4.03
1.01
13.07
1.04
7.60
19.70
4.01
4.03
20.20
5.56
3.55
12.10
11.63
10.11
0.98
6.56
1.00
4.06
21.25
1.47
17.20
10.09
5.57
4.00
2.05
10.13
1.02
6.55
10.59
3.53
8.56
9.09
5.06
3.07
8.63
4.99
19.72
1.52
3.01
13.63
7.11
6.59
12.16
16.70
3.99
3.06
13.65
20.17
29.80
3.10
13.63
6.56
2.02
1.02
4.53
5.56
15.16
4.02
12.13
3.08
4.52
8.08
2.49
1.03
10.08
2.01
12.59
2.56
2.54
2.01
3.02
3.03
2.53
2.03
12.64
7.57
10.09
5.06
12.63
6.59
15.21
7.08
21.22
7.57
4.06
5.52
16.13
9.58
1.99
1.99
1.53
10.09
7.04
5.05
11.63
3.54
7.10
12.16
12.13
10.56
6.60
10.66
6.08
6.08
1.00
5.59
7.99
2.04
0.98
1.00
3.53
10.07
2.02
1.02
14.21
12.13
4.54
22.26
7.05
3.55
3.05
7.61
13.60
4.56
2.02
1.96
4.50
6.06
1.46
6.61
8.62
11.67
10.06
2.51
12.06
8.08
3.02
9.62
17.66
2.50
11.15
1.54
2.03
11.67
6.02
18.20
5.50
2.06
4.06
2.59
0.99
2.54
9.06
12.64
4.04
18.73
5.12
0.99
3.55
0.99
2.02
11.03
11.62
10.13
2.54
2.01
4.10
2.56
5.02
7.58
2.50
16.09
4.06
3.57
2.04
1.99
32.32
10.56
5.07
12.11
21.76
23.77
31.33
1.50
4.54
1.01
5.06
8.05
2.99
12.13
3.52
9.65
4.07
3.00
14.67
6.52
1.55
1.04
5.61
3.52
5.50
1.00
5.54
7.10
10.12
19.15
6.61
3.51
5.04
2.53
5.03
1.01
9.62
18.24
4.01
5.05
13.12
11.07
3.54
0.99
4.58
5.56
5.07
1.01
0.98
1.57
1.52
2.55
5.48
6.59
4.01
3.58
3.05
5.52
1.52
5.03
5.60
11.59
17.66
2.00
2.02
8.61
2.51
15.66
32.38
4.08
1.96
11.10
15.16
17.63
3.52
1.05
11.67
3.00
4.03
2.01
12.18
5.57
2.54
7.59
4.52
6.57
17.13
6.07
2.03
2.56
14.11
2.01
3.54
2.03
9.62
3.58
1.94
8.08
8.07
29.28
2.05
3.55
3.54
13.14
3.05
6.55
1.54
6.01
1.99
1.53
7.09
4.04
9.08
15.69
1.99
6.57
6.07
5.56
12.13
24.27
3.02
7.04
5.59
4.01
17.21
3.00
17.68
17.65
7.58
3.08
11.68
2.48
4.54
3.53
5.59
5.57
4.51
2.03
2.04
0.99
13.10
8.55
2.53
25.77
1.01
1.57
7.57
0.96
13.23
10.11
10.64
1.00
5.52
7.07
4.08
8.08
17.72
10.55
1.02
3.10
9.61
1.47
1.99
1.50
2.00
5.07
3.55
2.09
19.23
10.64
2.47
3.49
3.53
7.01
3.57
2.03
3.54
6.64
12.09
8.06
3.06
2.98
4.08
15.15
2.43
3.04
10.61
9.08
30.33
16.24
4.55
11.10
9.08
21.73
9.15
9.59
18.22
13.60
6.54
1.05
4.50
2.02
12.13
4.05
13.58
2.54
8.64
1.98
1.01
3.04
8.63
5.57
14.11
2.49
6.57
6.03
3.05
3.04
3.52
2.53
13.15
21.77
6.54
9.58
4.48
22.70
2.04
9.63
4.05
5.60
4.00
1.52
1.04
3.57
2.50
1.47
4.05
9.07
3.54
5.08
13.70
2.97
3.52
15.67
6.03
3.57
11.09
7.58
7.10
20.16
3.50
9.62
6.10
6.57
2.55
2.52
2.01
2.51
3.02
10.62
1.51
5.53
4.04
3.55
6.09
9.64
1.52
11.10
1.04
4.50
3.02
6.99
2.04
5.53
6.54
10.61
1.52
3.53
10.64
0.99
2.53
1.00
4.03
2.52
11.17
10.59
6.00
19.75
8.09
3.49
5.60
3.48
13.70
2.04
3.56
6.05
4.03
3.05
0.98
3.03
21.73
8.57
10.13
10.13
8.13
6.99
10.09
17.71
26.24
2.02
20.16
6.61
5.54
4.56
4.58
6.56
11.15
8.53
9.57
2.02
8.07
2.07
9.63
6.03
11.10
18.23
6.57
2.53
3.51
1.03
3.49
8.07
3.52
3.04
1.03
10.08
7.58
7.09
2.01
5.04
4.53
1.02
5.07
5.52
8.58
10.12
2.04
5.56
6.03
9.11
4.11
7.08
9.59
6.03
9.10
2.51
3.58
5.05
4.55
2.51
2.03
4.57
3.53
7.59
13.66
5.59
8.59
12.65
10.56
3.52
10.05
2.58
13.65
8.03
15.71
5.05
11.07
6.51
4.62
9.11
6.08
7.01
3.55
6.56
1.52
9.09
2.00
2.58
1.52
2.46
3.01
4.53
5.04
1.50
12.15
3.04
5.02
9.12
3.51
3.51
3.05
8.03
9.05
16.67
10.61
0.99
25.29
9.08
5.53
37.42
5.57
7.59
1.06
6.04
1.02
9.08
8.61
3.53
3.04
4.55
11.07
3.54
0.99
4.56
34.39
2.51
2.05
9.05
10.61
17.18
7.58
8.10
2.03
2.03
2.98
8.10
0.97
14.13
3.53
2.53
5.57
4.04
2.56
10.09
20.76
16.67
0.95
2.54
7.08
3.49
3.00
6.58
15.16
14.62
11.59
2.60
7.58
8.62
4.54
4.01
1.01
20.64
17.17
4.61
3.04
2.45
5.08
8.07
8.63
33.88
4.01
2.49
1.03
16.22
1.01
0.93
1.03
2.00
7.57
11.62
15.15
6.62
15.66
8.08
8.05
5.09
2.07
7.05
17.66
3.03
1.56
3.55
14.11
4.02
2.49
1.51
4.02
3.53
2.53
1.04
3.03
2.03
5.02
5.56
7.07
5.59
8.11
8.11
10.60
6.56
7.57
8.60
9.14
3.97
7.07
1.50
3.04
13.66
2.55
7.62
4.04
2.02
16.71
5.06
5.59
15.06
7.60
7.53
8.07
16.15
1.01
16.65
1.01
21.19
8.61
5.08
1.47
18.68
1.55
5.51
2.55
12.08
2.54
6.04
9.60
20.19
4.07
2.00
4.55
3.53
15.66
5.52
13.67
12.12
15.67
7.07
24.23
5.56
4.55
4.00
6.59
5.06
8.64
8.62
2.50
5.01
3.05
7.07
6.04
19.76
2.51
5.60
3.54
11.12
20.17
8.03
6.06
27.28
6.10
4.03
13.10
6.57
6.09
12.64
1.50
24.81
16.70
2.49
1.07
0.93
9.10
1.02
9.11
2.99
11.66
4.07
11.08
1.02
6.55
11.11
2.01
2.03
2.02
8.63
3.60
5.55
7.10
15.67
21.75
5.50
11.09
18.16
12.11
2.50
3.55
5.07
26.75
1.02
1.04
9.11
3.00
4.50
2.02
5.05
8.07
12.61
13.12
3.56
14.13
30.79
14.09
7.58
13.68
14.15
1.99
4.53
21.69
5.55
1.03
8.07
6.59
19.69
13.69
10.59
1.51
1.01
8.13
0.99
2.01
2.49
2.02
4.05
6.02
5.04
6.05
7.07
6.06
4.06
5.03
17.18
2.52
2.00
13.15
9.11
4.60
3.03
10.59
5.04
6.60
12.54
1.05
22.22
17.16
2.52
26.27
5.04
2.54
2.49
5.55
10.62
3.57
1.48
6.05
8.63
2.47
9.58
6.59
6.55
5.08
2.55
18.18
6.06
5.03
5.60
1.50
8.54
1.00
3.02
3.52
2.06
5.05
25.72
2.00
10.07
8.57
12.14
4.07
17.21
18.70
0.97
2.51
11.10
8.05
5.05
1.02
4.05
9.13
5.56
5.51
26.77
4.56
11.12
1.52
10.59
7.08
2.48
14.68
1.04
2.03
3.52
14.58
19.16
20.77
10.09
2.02
5.51
16.66
3.02
10.11
3.54
24.77
31.86
5.54
5.56
3.06
1.00
0.99
23.22
5.05
2.99
11.61
7.60
6.04
17.15
21.84
1.50
15.64
9.01
1.01
9.64
19.74
20.20
1.00
2.05
9.60
5.54
7.07
18.17
4.09
0.96
12.07
8.55
3.07
6.07
3.55
3.51
3.50
2.54
1.02
7.06
19.21
19.18
1.48
6.55
7.12
11.70
1.00
5.98
9.11
8.03
11.12
14.14
3.60
3.03
19.20
9.09
10.58
9.08
0.99
3.01
2.58
3.55
9.51
12.62
6.08
14.66
7.57
4.54
2.02
6.07
2.05
3.05
5.02
5.03
7.09
6.05
3.02
5.54
19.16
31.92
10.13
3.02
3.98
1.00
7.06
5.06
4.05
1.57
16.21
27.37
9.98
18.74
30.31
8.63
4.00
4.99
3.54
5.58
7.11
2.03
1.47
6.11
4.54
1.03
6.56
11.07
3.03
16.76
3.08
2.99
6.49
18.71
8.58
3.04
7.10
1.44
3.03
7.08
18.68
4.53
3.56
2.02
2.99
11.68
1.07
1.46
2.98
3.02
11.12
6.57
8.64
2.52
13.17
0.95
6.06
4.06
3.02
16.69
6.06
4.54
10.13
1.52
16.19
2.53
0.97
7.53
6.06
11.04
5.08
1.99
2.55
12.66
5.53
1.51
5.03
1.50
2.53
2.53
11.12
3.03
37.46
1.98
7.07
10.62
2.56
14.14
1.99
6.05
8.53
12.12
11.14
2.02
20.19
8.06
3.52
6.59
2.51
1.05
4.51
2.58
8.06
4.01
2.52
8.15
25.79
7.59
2.50
2.54
0.97
2.52
8.55
1.02
1.49
7.57
4.55
14.18
2.02
1.46
9.09
2.54
3.56
3.00
10.61
22.74
8.09
1.03
2.49
14.72
5.56
1.58
0.93
23.22
7.59
5.04
5.61
20.71
3.48
18.15
15.67
6.59
1.98
2.04
23.72
8.61
15.63
2.08
4.52
5.00
15.65
27.82
15.63
8.70
4.60
6.04
2.02
3.50
3.07
2.48
2.54
19.12
15.64
8.58
4.54
6.07
6.09
2.53
2.53
9.57
2.01
9.63
2.53
11.14
9.04
2.03
4.58
13.15
1.51
4.52
3.50
7.07
10.65
2.48
1.02
14.17
2.51
1.48
1.52
1.53
5.02
2.05
14.13
6.04
10.64
6.56
1.04
10.55
3.52
31.27
9.61
2.02
4.51
4.56
3.52
3.54
1.50
9.13
7.55
3.53
1.51
16.16
2.51
9.65
1.98
7.04
2.56
7.05
3.55
1.03
2.97
28.31
1.02
3.06
4.11
25.25
2.01
3.97
4.55
11.16
11.64
3.48
10.66
2.58
11.09
7.05
2.04
4.06
10.59
5.04
4.06
8.09
5.53
5.03
4.10
8.06
6.53
5.52
2.04
3.53
6.60
7.65
6.03
9.03
26.80
1.02
1.02
6.14
1.44
18.17
6.06
5.07
9.09
4.04
9.62
5.55
29.78
7.07
1.52
3.52
3.04
6.56
5.10
4.53
7.17
22.74
2.96
3.03
2.53
7.07
8.59
17.65
7.09
6.57
11.61
1.01
4.06
14.63
15.13
1.05
15.20
1.02
2.50
1.99
2.49
5.05
4.56
3.57
5.04
23.76
3.60
3.96
5.04
4.54
23.73
6.56
24.26
5.53
4.03
2.03
2.04
5.57
5.04
4.09
4.53
3.50
10.62
1.53
35.34
12.62
1.49
2.03
3.09
2.53
2.48
7.58
4.52
14.10
17.67
1.53
9.06
15.18
2.08
3.02
3.49
4.66
3.04
19.23
0.99
6.98
17.21
22.75
29.27
7.50
3.03
2.06
24.25
0.97
17.76
7.05
9.06
4.99
1.99
6.07
6.61
5.55
11.14
2.01
3.60
12.09
2.54
9.58
2.06
3.98
5.07
17.13
18.18
7.56
4.04
16.64
11.67
4.11
2.95
5.56
18.20
11.58
1.58
13.18
22.70
1.51
7.02
9.10
7.61
24.25
18.20
6.52
2.00
18.22
2.58
3.04
1.52
2.99
6.03
12.18
4.54
8.13
6.06
12.13
2.48
3.54
1.51
1.00
1.03
9.57
1.00
11.60
4.59
0.99
1.01
4.63
8.61
8.58
8.01
3.52
7.03
4.57
2.02
2.51
11.59
8.58
1.01
1.01
2.04
1.00
2.01
5.57
6.63
4.53
2.52
13.63
4.55
2.51
4.10
2.46
5.57
19.18
1.02
2.56
15.69
18.19
8.05
5.52
4.05
1.51
2.04
10.09
2.03
7.03
6.57
15.16
2.50
2.54
1.50
8.08
14.15
1.53
10.08
2.04
3.54
15.15
8.65
12.10
11.57
7.66
4.06
22.66
2.51
1.03
1.52
3.04
8.04
6.08
4.59
0.98
9.64
3.49
7.59
3.02
9.60
0.95
6.04
6.07
3.05
10.61
2.59
4.06
2.98
3.54
6.09
2.03
1.53
7.06
3.02
9.09
32.33
4.55
3.56
12.16
3.02
7.08
6.58
10.13
8.03
6.04
7.07
9.13
27.22
1.01
1.52
5.57
7.07
15.72
5.55
5.04
4.00
6.02
3.49
2.56
22.86
1.48
3.02
2.02
1.03
17.73
13.14
10.65
9.14
9.04
11.06
1.04
5.10
1.49
16.14
2.00
2.06
12.60
2.48
8.57
3.55
2.57
9.04
6.55
4.05
17.17
22.17
17.67
4.49
5.05
5.19
7.97
19.25
6.57
17.66
1.52
4.99
5.05
2.05
1.02
1.01
8.03
10.06
13.62
10.61
2.03
3.54
4.57
1.99
3.57
4.56
3.02
4.57
1.50
7.07
15.64
5.58
1.52
6.09
9.57
2.10
0.96
3.56
7.07
1.02
9.08
5.57
21.20
2.54
15.65
7.09
2.51
11.68
6.56
0.96
1.05
6.06
8.04
11.62
3.02
4.53
18.26
1.50
12.13
4.04
1.07
16.65
5.57
14.64
2.54
13.56
3.10
3.55
2.05
11.11
10.04
7.59
1.50
1.00
7.54
1.03
5.01
6.54
7.56
6.54
14.63
8.07
1.02
8.62
2.01
9.08
20.74
1.50
10.60
2.52
2.01
15.14
29.81
2.52
17.74
11.64
3.51
4.54
11.66
4.57
7.07
2.50
5.01
4.54
1.64
1.08
2.91
4.01
6.07
7.09
19.24
4.51
20.74
2.02
1.50
10.10
1.51
4.52
6.08
10.62
4.03
16.12
19.69
6.08
4.03
2.05
4.58
3.48
12.64
2.02
1.53
5.05
3.54
18.17
10.67
13.09
10.57
4.11
6.06
5.58
8.02
2.01
5.05
8.06
3.00
1.51
31.80
0.97
8.07
13.10
6.14
11.12
14.65
8.11
5.54
17.25
4.03
2.51
10.56
43.89
7.02
1.55
4.07
2.48
24.77
10.66
1.07
2.49
4.51
3.06
2.03
1.46
14.14
1.02
17.15
12.14
5.60
1.50
4.53
2.05
21.17
5.00
1.05
8.64
0.99
4.03
2.59
3.03
8.05
2.01
2.05
6.08
9.05
4.03
1.00
2.07
2.49
7.60
9.09
1.99
12.10
2.52
5.07
6.64
11.62
5.05
10.13
2.56
1.00
11.02
8.09
8.10
6.05
1.00
1.03
20.22
8.07
1.50
1.96
1.12
3.95
6.59
9.58
5.55
5.55
3.57
8.08
13.64
4.53
7.08
6.54
6.58
1.99
4.62
6.06
6.06
1.52
3.05
13.12
14.69
7.54
0.97
14.61
1.04
16.13
0.98
4.53
9.13
0.97
5.05
5.54
5.05
10.13
8.59
2.00
2.06
13.13
2.02
4.02
3.57
16.13
27.21
4.61
13.17
5.00
23.70
3.03
14.67
0.96
4.04
1.51
4.56
2.02
12.20
3.52
7.09
1.51
7.12
2.53
5.04
2.04
18.18
12.64
9.64
5.55
15.16
5.56
8.03
1.52
1.49
2.04
1.06
5.09
1.47
7.00
17.19
0.99
10.64
9.58
5.58
27.32
15.18
4.03
4.57
1.59
4.07
12.60
5.02
15.58
16.67
1.48
4.02
1.01
1.55
25.24
19.70
1.09
10.13
14.12
3.53
2.52
13.05
8.59
4.06
4.52
9.11
3.00
8.60
6.11
8.07
23.18
6.03
4.03
4.07
3.02
2.55
3.56
3.04
1.02
2.11
2.02
5.06
9.06
12.08
7.07
6.56
24.15
10.60
2.02
4.07
1.03
7.04
4.49
9.06
5.55
1.02
2.04
13.12
6.02
5.54
11.12
2.01
2.53
2.54
4.10
4.05
6.58
1.01
1.01
2.50
3.50
2.57
6.05
7.58
11.63
5.03
2.50
3.02
9.62
6.08
2.00
3.03
6.55
8.60
3.51
1.51
14.64
10.63
5.07
9.59
4.51
10.08
4.58
2.02
7.09
0.98
2.03
1.04
5.06
0.99
2.04
12.07
12.12
9.08
5.56
6.07
3.03
20.19
11.18
10.08
16.22
3.62
0.97
2.51
1.54
2.01
10.16
1.03
1.50
8.05
7.03
8.58
6.06
13.13
3.00
1.01
4.54
11.62
8.60
1.02
1.51
4.05
1.48
1.03
3.54
4.50
1.51
7.07
0.98
15.66
7.60
8.60
6.55
7.57
3.02
4.03
12.62
10.64
11.57
8.06
6.59
3.05
12.61
4.02
9.68
8.61
4.47
1.03
5.53
4.55
13.65
4.54
8.06
7.56
13.64
7.09
4.51
4.54
18.71
11.65
2.52
23.21
3.12
5.59
14.67
1.99
5.55
9.48
7.58
10.63
16.15
16.13
4.57
11.12
2.49
10.10
4.58
5.05
3.04
18.79
3.53
5.01
9.11
4.52
2.51
8.55
4.05
2.51
7.57
2.02
16.71
12.59
2.04
1.00
2.03
31.36
4.08
22.23
12.11
22.87
3.04
1.04
1.94
2.47
3.48
11.11
7.10
6.56
8.12
1.49
3.06
3.04
4.04
4.06
11.05
2.50
15.15
4.06
0.97
7.09
7.07
9.11
21.22
11.09
3.08
3.06
13.62
1.48
1.52
2.56
10.55
5.51
1.03
12.14
1.50
0.99
2.01
9.16
12.10
3.98
6.59
12.60
2.53
2.48
10.58
3.57
0.98
3.51
3.60
3.59
13.60
2.98
3.54
2.00
1.03
1.54
9.55
12.10
17.71
5.54
2.06
4.53
18.19
2.00
9.60
2.52
5.55
7.07
2.53
27.34
29.74
1.53
5.05
4.07
3.52
2.52
5.55
4.04
14.15
1.51
5.09
9.04
7.62
3.47
15.67
1.02
13.15
4.04
5.56
10.65
8.58
11.63
4.06
3.01
0.98
1.02
8.59
9.57
3.04
8.10
4.50
9.61
3.55
7.55
11.65
6.55
3.01
16.69
4.55
1.99
4.53
1.07
12.59
6.55
2.52
6.02
6.07
1.52
1.62
9.64
4.52
6.99
18.71
3.49
8.08
3.54
6.11
2.54
16.12
8.09
3.54
5.15
4.53
3.43
1.52
9.06
7.13
22.27
38.85
8.03
3.07
1.51
1.00
12.59
1.00
3.03
2.01
14.63
5.53
11.71
2.55
13.09
23.72
0.98
6.55
7.10
1.04
8.07
2.50
4.57
2.51
39.40
2.99
3.55
25.73
1.02
3.53
9.61
5.55
8.13
6.49
14.66
1.03
7.56
6.62
22.14
15.65
2.54
2.52
7.11
1.55
2.01
11.62
4.04
2.00
7.06
5.55
14.16
10.61
10.11
3.59
3.01
0.98
11.12
2.01
3.58
2.49
5.09
2.00
15.74
7.03
12.69
7.58
4.51
2.50
64.70
4.03
8.08
5.57
5.04
9.06
15.19
7.55
16.66
1.04
23.76
4.04
16.70
12.13
3.01
2.55
10.12
6.55
8.58
6.57
4.06
18.21
12.61
11.67
3.02
13.66
2.04
11.13
13.23
1.92
5.00
17.64
2.06
4.05
5.51
10.64
8.10
1.54
1.52
18.75
2.54
0.96
6.05
1.06
14.64
5.01
5.04
13.14
16.21
6.04
30.32
27.79
5.11
2.03
3.03
5.50
7.09
3.53
14.23
14.64
8.59
5.06
0.99
12.08
1.53
1.05
10.13
0.98
9.07
4.57
18.24
15.62
1.99
2.51
2.54
3.56
3.03
6.06
9.62
3.04
7.60
14.73
2.00
7.13
8.56
1.51
20.67
2.95
2.00
1.01
4.03
5.08
2.03
3.04
2.52
3.04
11.10
13.64
16.69
4.02
4.06
7.53
6.08
5.54
9.57
12.62
1.07
7.10
6.52
4.03
11.03
19.15
3.51
4.11
0.96
2.53
2.08
4.03
6.57
2.01
5.59
10.10
7.53
4.05
5.06
11.13
1.53
32.78
1.03
5.57
20.72
8.17
3.03
4.58
2.05
9.00
6.55
4.54
25.24
4.04
2.00
2.52
17.64
4.05
1.01
2.07
4.06
2.59
3.01
17.17
19.23
9.08
9.63
1.47
8.55
34.28
2.52
7.56
2.02
15.73
11.12
2.04
18.74
2.51
3.03
7.58
3.53
16.14
3.04
4.03
11.07
6.10
8.09
1.56
4.06
0.98
9.58
3.05
4.04
15.19
3.02
4.57
2.53
2.99
3.04
1.01
11.11
2.01
3.55
2.02
2.54
6.60
5.56
6.62
6.04
6.53
16.17
4.96
14.68
2.04
1.02
12.12
3.99
6.52
8.06
6.03
0.99
6.08
11.61
2.03
17.69
15.65
5.05
20.75
4.53
4.08
9.60
3.07
3.02
7.05
10.63
1.99
10.64
2.48
22.20
3.09
2.01
1.52
4.54
20.70
10.04
1.03
9.14
12.63
6.56
2.05
1.00
15.64
3.52
2.57
6.61
3.62
5.47
9.02
7.52
1.51
7.08
9.16
2.47
9.60
2.51
6.60
1.53
7.04
2.55
2.07
2.50
8.61
1.50
4.50
4.55
4.05
12.64
3.56
13.62
5.64
1.04
0.92
3.03
2.02
4.08
14.16
2.50
1.98
2.03
5.53
7.59
21.71
5.02
5.04
3.05
1.54
3.56
1.99
6.04
17.73
4.55
9.62
4.62
3.58
7.06
0.97
1.47
1.49
4.57
1.53
7.61
10.07
5.04
3.02
6.56
2.52
8.61
1.00
16.65
1.01
7.06
9.61
12.70
14.15
7.54
2.51
3.09
8.02
1.50
2.49
7.59
6.60
4.60
16.17
9.03
3.03
3.02
28.26
5.09
18.15
11.09
1.48
3.04
3.07
5.55
8.11
6.57
0.96
1.98
3.08
9.16
12.11
9.55
6.56
4.04
7.06
1.99
2.05
1.48
1.07
6.07
7.09
1.52
11.05
17.74
1.48
1.07
9.07
9.59
1.56
1.57
7.56
6.00
1.04
9.07
14.62
2.49
3.54
6.03
1.54
9.68
20.22
10.13
7.53
1.51
9.09
2.53
1.05
6.58
6.56
8.08
7.08
1.56
13.59
4.03
2.58
10.14
6.56
2.98
1.02
9.49
7.61
1.53
8.58
1.49
14.16
21.18
4.57
11.62
4.46
12.64
8.65
14.68
19.78
1.98
1.02
6.05
31.82
2.48
7.06
2.53
30.85
1.99
4.52
11.15
4.57
7.59
2.06
4.48
8.10
1.50
3.59
6.04
12.10
25.70
10.13
19.19
1.00
3.05
1.52
25.24
3.52
2.01
8.57
5.05
4.54
15.67
17.23
13.69
14.14
13.09
2.51
4.53
2.05
12.57
3.51
8.59
5.61
9.13
5.05
10.57
11.15
23.80
6.08
4.47
0.99
5.56
2.53
2.98
3.56
9.09
14.68
3.00
7.56
20.20
6.09
0.97
11.66
6.53
5.59
2.54
9.08
6.05
2.02
4.04
1.51
7.09
7.62
1.49
7.04
3.07
11.68
5.52
1.50
3.52
14.61
12.57
6.63
7.58
2.51
8.11
4.50
4.56
10.64
5.07
5.14
20.71
3.49
3.51
2.56
7.04
1.97
7.63
7.59
2.51
14.64
18.18
6.12
10.05
2.98
13.61
9.10
5.57
13.13
4.55
2.07
14.19
13.13
3.52
4.05
0.98
7.08
18.17
7.58
9.09
8.54
4.08
10.06
10.64
7.08
1.00
4.54
5.55
8.53
11.15
8.63
2.02
3.52
7.58
12.03
18.20
2.62
0.93
1.99
9.66
6.06
0.99
18.76
1.47
11.63
29.81
8.07
6.08
13.09
9.06
1.56
2.99
1.99
2.03
6.54
2.00
5.57
24.74
1.00
1.01
1.54
6.07
12.14
42.95
2.54
3.08
3.48
12.58
3.54
5.58
1.02
12.15
8.11
7.07
1.52
0.99
1.49
17.68
1.03
10.13
3.02
11.62
4.51
1.03
31.81
8.54
21.20
7.55
2.04
15.17
1.99
12.65
4.50
3.52
8.07
4.57
3.02
8.59
19.71
7.59
2.99
7.60
11.12
3.53
6.09
2.01
1.10
4.47
10.08
9.60
2.01
4.01
5.01
1.01
7.57
2.58
5.06
10.08
3.04
10.08
1.05
1.49
11.10
4.54
6.57
0.98
8.13
19.24
1.98
13.64
10.60
3.03
16.24
1.94
1.02
5.05
1.04
1.51
2.00
1.02
33.86
16.71
4.57
15.17
9.59
3.10
8.03
2.02
2.03
12.61
0.99
2.03
9.50
2.01
2.56
2.52
5.62
3.05
2.46
6.53
9.12
1.01
3.02
14.19
1.00
10.61
11.61
6.04
1.03
1.01
8.08
5.54
8.10
22.74
9.59
2.63
11.58
7.57
2.54
8.51
4.04
13.62
1.47
3.07
6.09
14.68
4.02
8.59
9.56
6.58
1.50
6.58
15.68
9.12
1.01
4.00
1.01
8.09
5.06
3.51
6.11
4.16
4.98
5.98
35.78
9.61
9.20
4.62
1.46
2.55
4.44
5.51
3.55
3.55
10.12
11.13
2.03
0.98
11.59
10.66
9.64
23.28
7.01
6.55
8.53
4.04
13.09
2.53
11.11
11.59
9.63
2.46
8.09
7.58
9.12
8.09
4.57
8.07
3.05
5.58
23.77
3.01
2.04
8.08
15.61
4.03
1.00
20.21
12.65
0.99
5.08
12.68
8.06
10.11
11.10
1.50
32.93
1.51
1.03
1.52
13.64
10.13
4.04
17.67
3.52
2.00
2.53
18.71
6.11
1.45
1.49
1.52
1.01
2.05
17.66
3.53
12.64
8.11
4.55
12.15
1.01
5.07
9.60
10.57
4.53
8.56
7.59
8.56
5.05
13.13
8.66
14.61
2.53
4.52
2.51
8.55
2.58
1.58
7.64
6.52
8.54
1.99
14.14
7.14
1.52
0.99
11.12
6.08
9.05
3.54
5.07
1.00
4.58
1.52
2.57
2.01
11.61
6.08
11.64
25.24
1.02
13.61
3.51
8.07
6.06
12.62
8.05
10.19
1.43
14.11
13.15
6.06
5.54
1.05
0.96
6.02
3.56
1.01
15.19
6.08
0.97
2.00
5.06
0.99
6.55
11.67
4.55
8.09
3.98
1.03
7.08
1.01
1.00
4.13
14.64
1.98
14.10
5.60
1.96
8.10
9.68
7.05
6.52
5.09
4.57
2.50
18.68
2.51
6.52
3.03
6.64
30.34
8.09
9.61
31.85
3.56
4.54
16.18
3.50
7.09
9.58
2.52
2.53
4.56
16.70
2.54
7.57
6.05
3.01
2.52
3.08
9.08
5.00
14.14
2.04
15.64
20.75
9.11
8.56
9.58
7.09
11.14
4.07
15.16
3.01
3.05
50.01
8.00
6.57
4.55
6.10
10.61
13.14
1.47
1.04
12.12
2.51
10.09
17.70
4.01
4.60
6.64
17.19
3.94
5.58
6.10
10.55
11.60
6.61
18.20
0.99
3.51
1.50
2.08
7.54
20.68
19.68
7.56
11.15
8.06
16.18
12.58
13.14
6.60
22.22
3.60
5.02
3.98
3.02
9.56
6.57
3.54
1.57
6.56
4.52
2.02
7.59
10.59
10.57
14.63
2.08
11.12
4.50
11.58
4.54
3.12
10.64
5.04
6.58
11.59
2.03
11.12
19.18
8.54
2.01
5.56
7.09
5.04
10.63
19.68
5.55
5.54
5.61
2.51
12.10
7.56
5.08
8.61
4.10
4.10
13.64
4.44
1.49
11.55
8.61
3.55
19.28
1.50
20.77
8.59
1.49
2.58
12.16
1.48
2.01
12.62
9.61
0.98
10.14
1.02
10.62
1.51
2.49
4.56
3.52
1.03
9.13
2.02
8.06
2.02
1.54
4.54
11.57
7.05
2.56
1.56
10.12
5.98
16.67
10.11
4.54
17.18
15.76
0.96
6.59
5.10
5.54
21.74
6.11
10.11
7.11
5.56
10.13
1.50
2.51
3.02
4.02
10.63
4.99
9.60
2.56
5.58
2.00
18.72
4.61
5.57
2.46
9.55
5.58
5.08
8.59
2.52
2.54
2.55
4.01
10.08
2.02
3.02
2.06
12.71
4.00
4.50
2.04
9.57
4.53
7.55
3.03
13.62
6.05
5.08
6.57
6.08
12.11
14.15
20.77
7.07
33.35
3.52
11.61
8.08
19.71
8.05
3.01
7.08
1.55
20.66
3.00
2.02
6.57
6.56
0.98
1.03
8.10
27.78
2.01
13.64
3.06
8.55
5.08
2.56
2.01
6.61
3.50
1.51
1.02
5.04
9.07
2.58
2.54
3.53
9.11
1.48
5.06
1.51
0.99
3.57
2.58
0.99
6.07
3.57
3.00
3.58
13.11
3.47
4.55
15.09
3.05
2.04
5.05
9.05
3.10
1.05
12.06
12.69
19.27
0.93
2.58
5.97
4.57
1.01
1.98
13.14
2.57
18.15
6.07
6.01
2.51
1.07
5.58
8.57
5.54
4.54
7.10
5.01
4.07
13.68
2.51
2.59
1.93
2.05
13.15
28.25
8.59
10.09
8.60
25.82
5.50
5.01
6.56
4.03
6.05
6.55
6.56
7.60
2.52
1.02
8.60
1.04
3.52
4.55
1.01
3.01
5.09
2.02
2.07
2.46
4.58
14.61
2.58
1.01
3.07
7.12
10.14
1.98
15.67
2.03
24.79
8.61
1.97
1.55
7.07
14.68
2.98
2.50
8.48
8.61
6.07
6.60
4.59
17.16
31.31
0.99
13.60
9.12
1.99
8.12
2.52
9.60
7.57
4.56
2.54
7.58
9.63
2.48
14.64
1.52
12.64
6.60
6.52
8.01
0.99
2.03
14.08
3.58
2.08
2.58
4.04
3.48
1.01
5.51
5.56
12.15
8.60
2.52
6.55
3.05
8.10
3.54
7.07
3.57
1.49
4.60
7.07
1.01
11.12
3.51
3.01
5.08
7.09
1.00
5.07
1.06
12.16
5.52
4.53
18.68
10.14
19.70
7.07
8.03
14.66
3.59
5.06
22.19
13.62
12.10
1.03
3.01
4.07
14.64
10.58
24.73
5.56
4.08
13.64
13.68
4.05
11.09
5.07
5.05
4.55
13.13
26.30
3.53
5.13
4.98
4.46
3.08
3.09
8.65
0.94
1.47
2.04
1.00
5.07
11.08
12.11
7.06
13.65
3.60
1.97
3.52
1.55
3.53
1.48
1.04
15.15
1.48
6.09
19.71
7.07
17.59
2.02
4.02
1.00
2.57
5.12
3.05
3.51
5.51
4.55
4.51
4.52
3.02
2.02
8.11
4.56
9.11
1.95
8.50
4.55
1.51
1.07
12.66
8.53
3.99
26.76
6.57
12.60
4.55
16.71
2.02
1.05
2.00
5.04
15.13
2.05
1.04
21.22
4.51
12.12
6.04
3.55
7.54
2.01
11.12
3.04
15.17
3.52
5.56
2.00
14.18
8.12
3.04
2.50
2.04
4.05
8.02
10.58
3.01
9.60
1.53
3.02
2.57
26.77
3.03
10.61
8.60
14.09
12.09
3.54
2.54
9.15
4.50
1.51
2.56
10.11
1.01
3.02
1.02
14.61
8.59
9.07
2.55
2.04
15.64
2.49
1.61
2.43
4.03
15.19
3.05
8.21
2.95
2.97
28.29
4.08
4.08
5.04
7.60
4.51
10.07
5.02
2.02
2.01
4.54
5.04
9.58
8.70
7.08
5.55
2.02
3.54
6.48
3.03
11.16
14.12
1.50
9.10
18.67
5.06
9.09
5.56
3.05
24.73
2.52
3.05
12.15
1.52
0.97
7.06
0.96
15.69
6.10
5.04
2.52
4.07
3.57
22.77
2.07
11.59
12.04
1.05
11.58
18.21
3.43
6.59
4.56
3.54
18.70
7.63
7.58
16.70
1.47
10.11
12.59
1.03
3.00
2.53
11.11
2.01
1.01
3.53
42.86
11.10
5.07
33.40
2.02
25.75
6.07
7.57
5.07
16.17
0.97
1.01
1.02
3.56
3.56
15.68
1.53
2.58
7.55
8.02
2.03
18.13
1.53
12.16
3.02
5.56
3.51
13.16
2.51
10.18
5.61
5.07
17.18
2.48
4.05
6.05
4.53
18.62
3.54
5.06
5.53
4.06
3.55
16.66
6.05
11.12
1.01
0.98
12.63
5.08
2.48
3.60
1.06
0.96
4.48
4.02
1.00
1.04
4.03
2.53
19.68
6.57
6.54
1.02
1.51
1.05
9.65
6.58
3.57
13.62
12.13
1.98
7.56
2.56
11.59
7.04
3.53
5.04
9.69
20.19
3.54
6.56
2.04
4.00
3.01
12.11
2.06
4.59
7.10
2.48
4.98
6.66
8.62
8.09
7.04
12.04
10.65
1.96
2.02
2.51
13.16
14.64
5.57
8.59
13.12
4.54
8.11
25.76
1.03
7.08
6.55
8.10
2.02
1.53
5.02
7.59
4.54
5.56
3.02
25.79
0.99
4.10
15.15
4.51
4.04
7.03
2.52
6.54
2.01
9.14
9.59
3.58
2.03
22.23
19.19
5.04
5.06
16.66
7.05
12.58
2.03
3.03
3.03
2.57
12.12
1.99
13.19
6.51
2.10
5.54
15.17
5.99
1.52
5.05
19.23
1.50
1.05
6.60
12.63
10.07
1.49
5.07
5.08
11.61
5.03
12.18
5.03
10.64
1.53
1.50
1.00
21.68
4.53
3.52
13.12
4.05
6.56
5.12
3.06
15.13
18.69
2.56
22.68
5.58
20.74
17.61
12.09
5.01
5.56
1.05
0.99
2.54
2.57
6.50
17.19
15.62
5.56
17.70
2.12
10.21
2.94
2.99
14.68
3.44
9.58
2.55
5.03
2.05
1.54
11.63
2.49
22.29
2.03
5.06
3.04
2.52
7.52
1.54
6.54
2.52
3.55
11.58
14.63
5.54
7.58
6.61
14.68
15.66
6.08
5.08
1.52
3.52
2.02
2.54
14.06
1.03
8.22
6.54
9.06
12.01
1.03
12.11
2.01
2.04
0.99
1.05
1.54
12.59
4.49
25.73
1.60
3.03
1.48
1.48
8.09
1.03
4.54
4.06
4.56
4.54
2.54
2.54
4.06
2.03
2.56
16.72
9.58
1.51
5.61
2.95
17.14
8.60
1.07
3.53
2.95
5.51
4.04
8.12
5.05
4.48
6.10
5.57
5.04
5.14
19.17
5.02
3.07
3.02
1.00
1.50
10.49
2.09
2.54
2.47
4.04
3.54
21.75
3.01
16.22
6.05
16.13
5.54
9.09
2.53
12.13
0.99
8.59
2.02
2.06
9.11
3.07
2.01
27.29
2.03
4.53
3.02
4.07
2.53
18.69
2.61
4.06
1.01
1.47
5.98
3.55
10.13
4.55
2.45
2.54
19.71
15.17
1.51
2.03
20.70
5.55
4.02
3.04
3.54
8.04
4.56
2.01
3.50
2.00
4.54
3.09
19.18
7.08
5.01
1.02
8.62
2.98
14.13
11.12
2.00
4.04
7.61
5.55
0.98
7.58
13.61
5.02
2.03
30.82
13.09
6.56
23.76
9.11
3.01
0.99
9.64
1.00
3.08
3.56
1.50
4.51
6.08
1.01
8.63
0.97
2.02
9.08
2.53
12.58
3.03
2.05
12.10
9.60
7.59
3.49
1.48
1.53
10.60
9.14
4.48
10.14
0.99
2.54
8.14
9.56
4.47
3.53
33.31
1.55
11.13
4.55
3.52
6.05
6.07
1.51
3.03
7.55
8.58
1.54
5.62
3.49
3.55
4.05
5.53
1.52
1.03
23.23
8.58
6.04
8.60
11.66
7.07
1.52
1.00
5.52
25.25
6.61
1.48
6.61
6.08
12.11
15.69
6.53
11.15
0.96
4.57
43.94
3.53
2.51
16.80
0.93
10.09
3.55
2.54
2.51
4.03
4.56
6.05
8.08
8.03
14.23
11.65
23.23
0.99
11.53
5.58
13.15
8.61
6.02
2.05
2.55
12.11
4.06
6.08
6.05
10.55
21.26
1.51
1.51
1.01
0.99
3.57
2.55
4.54
7.09
6.56
3.00
3.58
3.53
9.08
2.02
6.05
6.57
20.19
13.15
1.49
4.55
18.72
2.02
1.52
3.55
8.58
1.02
6.05
1.49
16.20
9.12
5.03
1.52
11.18
8.12
9.64
1.46
9.49
1.07
3.01
1.98
7.57
12.65
2.56
2.99
4.12
2.99
28.27
18.16
5.57
1.55
4.00
19.18
15.61
7.07
1.49
3.04
15.66
8.63
4.05
1.47
6.04
4.55
13.61
11.05
4.05
1.07
6.53
7.08
5.10
1.00
24.77
8.52
2.02
5.52
2.56
6.05
11.09
11.13
2.00
3.04
6.56
2.55
9.62
3.52
1.55
3.05
3.01
2.00
7.50
1.52
11.66
7.64
7.68
2.55
1.94
1.92
2.05
16.12
11.14
6.58
2.98
6.12
19.16
8.05
2.03
4.00
7.05
1.51
2.51
13.64
2.55
19.86
8.57
7.48
1.00
2.01
3.53
18.66
4.58
18.73
7.04
8.59
5.54
2.58
2.47
6.57
3.04
8.62
3.03
0.99
1.02
5.52
10.58
10.13
13.68
6.60
24.22
1.09
4.57
12.69
0.93
5.95
7.65
1.57
3.52
4.43
1.54
16.19
5.54
2.01
7.02
1.56
8.56
14.65
12.56
5.08
1.52
20.22
8.18
15.15
0.98
5.08
9.55
4.54
2.52
1.51
37.35
11.07
7.09
5.04
3.05
1.02
2.53
2.01
6.05
19.69
1.51
9.58
3.04
6.04
9.60
1.00
4.03
4.58
9.10
2.54
2.03
6.55
6.53
9.58
9.08
10.58
4.56
6.61
11.63
1.57
5.55
12.17
7.47
7.06
3.00
4.04
3.01
1.05
3.50
5.07
3.54
19.76
1.54
8.56
1.98
4.01
21.72
14.18
11.17
8.59
2.97
5.05
1.02
6.07
6.61
2.49
2.52
4.54
2.01
3.06
4.05
0.98
2.01
15.65
5.53
11.16
12.63
12.68
0.99
10.53
3.54
6.05
7.06
1.04
6.56
3.02
0.98
11.15
6.11
1.99
16.21
4.08
5.05
2.49
30.78
5.11
1.50
1.00
6.55
4.05
15.19
1.00
2.58
2.52
2.52
1.02
2.04
16.17
3.05
11.59
2.52
6.57
15.67
15.16
6.54
2.52
8.20
3.53
1.93
5.57
4.08
7.06
8.56
2.51
13.64
2.49
4.04
2.00
19.72
16.17
4.56
4.06
5.54
3.08
6.07
3.02
2.01
7.05
5.05
2.99
1.04
9.08
4.54
16.66
12.11
9.06
2.01
9.60
4.53
2.03
5.08
13.67
8.09
2.99
2.55
2.54
1.50
1.03
1.04
0.98
5.04
2.03
9.08
15.13
9.07
9.13
25.73
16.22
17.17
6.67
4.45
10.58
22.21
17.69
6.58
23.71
5.56
1.02
4.56
6.58
6.54
1.52
10.58
4.07
6.59
23.27
26.22
11.07
6.06
4.04
2.01
6.60
4.57
6.54
16.22
1.02
1.02
1.51
5.53
1.97
4.04
5.06
3.52
3.66
7.08
6.98
7.64
13.17
26.34
1.03
2.00
2.48
1.06
3.56
12.52
4.54
3.03
11.05
1.01
11.13
9.12
4.58
2.03
18.72
3.52
2.03
3.54
11.62
27.23
10.65
7.07
3.55
1.99
8.57
5.55
4.04
8.06
2.02
12.08
6.60
3.57
3.04
6.09
6.06
2.51
3.06
15.17
0.99
12.14
5.02
7.04
10.61
2.06
0.99
6.61
4.60
17.20
1.47
9.61
4.06
5.09
3.54
3.04
1.97
3.53
5.07
10.59
3.54
4.09
0.97
3.58
17.72
1.53
2.49
1.47
2.57
3.53
2.99
2.52
24.25
16.67
17.20
17.23
1.11
1.40
1.00
10.05
4.96
4.09
2.03
2.48
4.56
8.07
11.12
17.18
2.00
4.02
5.10
8.63
10.66
0.99
6.56
1.98
1.50
4.58
13.19
1.51
17.14
6.06
4.09
3.01
3.58
14.14
14.21
5.05
6.06
7.05
2.65
20.15
2.93
2.56
10.59
7.03
10.09
6.04
2.05
5.07
5.60
11.07
12.65
11.08
2.11
10.56
2.03
13.17
13.63
28.17
16.19
1.02
2.01
3.54
3.03
8.11
3.01
10.59
3.06
24.18
8.62
5.11
7.58
5.58
8.61
7.54
2.99
4.04
2.03
1.48
11.62
3.04
9.57
20.22
1.55
12.65
3.49
3.53
3.59
8.55
1.96
3.03
6.54
13.22
14.13
1.42
1.02
2.55
4.06
0.98
9.10
6.60
5.58
2.48
28.35
4.53
4.03
8.64
2.03
16.16
9.58
4.59
6.58
7.09
0.99
2.50
3.99
9.60
8.09
1.49
2.53
3.56
3.04
19.71
9.10
1.53
5.04
2.50
4.03
7.52
5.59
3.55
5.09
1.48
7.08
6.55
4.02
7.61
18.60
0.98
1.50
10.11
4.03
2.50
3.56
8.58
1.51
0.99
6.58
5.53
30.34
31.35
6.62
4.99
6.07
14.20
1.49
8.62
14.67
7.57
1.50
9.58
7.09
5.08
9.08
29.22
5.51
9.12
10.61
2.99
12.26
3.55
7.07
8.07
18.53
17.20
3.55
12.11
8.11
1.02
5.05
3.09
7.55
8.04
7.01
3.56
8.06
12.67
17.18
9.13
6.58
4.02
1.52
7.55
24.73
12.66
2.99
7.57
7.59
3.03
5.06
3.54
2.51
6.09
9.04
3.53
11.65
1.50
4.56
4.03
4.03
1.04
9.22
13.63
1.40
2.04
8.57
2.00
11.64
8.56
12.11
1.02
7.57
29.37
3.56
5.03
2.02
8.57
17.68
5.56
12.10
2.51
1.02
3.54
3.53
18.71
3.54
5.12
1.58
3.47
9.05
10.62
6.57
23.36
32.26
1.52
15.68
8.51
5.58
1.02
6.07
11.16
1.50
11.10
1.02
13.61
1.53
2.04
5.58
9.60
1.49
3.98
11.59
3.05
1.52
4.57
2.55
2.55
10.09
10.10
11.61
9.60
16.69
0.97
4.52
1.04
5.57
3.56
3.09
24.70
3.07
7.51
3.53
1.02
14.19
2.03
7.61
1.92
6.02
7.53
9.11
4.56
3.55
1.03
4.02
6.68
4.55
1.00
11.11
4.59
5.02
1.46
9.98
2.56
2.02
2.03
8.58
4.54
11.58
6.61
4.59
2.50
14.65
8.60
1.47
7.62
2.56
3.99
18.16
8.62
16.12
12.63
6.54
3.02
6.09
6.12
6.06
2.49
8.54
17.13
6.03
4.04
13.16
1.47
4.08
7.60
7.10
3.52
7.62
2.57
1.99
4.58
2.95
2.00
31.84
1.52
2.09
1.97
14.68
5.69
2.41
11.59
1.50
1.52
3.53
9.58
19.78
3.49
14.14
1.50
8.04
4.06
8.60
5.14
7.56
6.03
1.52
6.62
2.50
17.59
2.04
18.67
9.09
4.51
4.02
5.10
7.05
7.07
5.62
4.50
8.10
19.76
3.51
10.60
4.04
0.96
11.58
2.03
8.11
1.59
9.58
8.58
12.03
2.02
7.13
12.20
1.50
6.52
4.99
3.53
1.52
13.68
10.63
5.05
1.50
3.03
11.10
5.05
9.62
7.58
2.52
20.24
4.07
5.05
5.10
1.05
10.69
1.45
5.52
2.02
2.03
2.51
1.51
2.05
0.99
4.06
2.54
1.49
13.07
0.99
1.06
5.11
0.96
6.57
9.11
11.05
6.01
25.28
7.58
2.02
13.63
12.67
5.02
3.02
6.11
9.05
8.06
3.59
1.46
6.05
10.60
1.01
1.00
14.12
1.50
1.04
5.03
11.68
10.09
0.99
6.62
2.50
4.01
5.13
11.12
11.63
14.57
20.31
1.48
2.02
4.62
8.61
9.60
2.54
21.19
7.55
10.07
39.25
7.08
4.09
0.93
4.05
14.74
1.99
2.54
9.56
3.04
32.81
6.57
2.03
14.20
1.94
10.57
16.68
7.60
9.10
2.00
7.09
4.05
1.99
13.18
11.61
2.49
1.61
7.07
20.71
6.50
2.00
2.49
5.07
0.99
1.00
3.54
6.57
4.03
2.54
10.13
15.66
14.09
1.47
5.04
17.23
6.57
3.09
9.57
10.07
3.53
5.99
0.99
6.04
2.55
4.59
6.10
8.13
1.45
2.50
9.58
2.03
8.58
4.03
9.60
3.56
2.59
9.62
7.52
9.57
2.03
5.03
4.59
10.64
8.02
15.23
3.01
2.56
3.52
6.10
3.51
13.18
3.48
3.06
6.54
5.60
12.17
27.30
11.61
3.61
4.02
2.48
8.03
4.53
4.04
1.49
3.06
4.05
2.53
12.64
4.98
12.68
3.49
8.59
16.29
3.05
4.98
7.06
6.59
5.58
1.16
5.53
2.86
2.52
4.03
1.08
25.39
2.47
1.00
5.03
2.55
6.48
1.02
1.11
4.59
0.95
10.02
2.02
11.65
1.01
18.13
5.04
9.59
2.52
7.55
1.50
4.61
14.68
2.51
13.14
6.10
2.53
11.62
6.51
5.54
27.23
5.09
6.59
7.06
12.11
6.59
1.52
18.69
1.56
10.11
12.07
2.04
3.00
17.68
27.93
7.58
7.14
9.48
6.97
1.01
3.05
3.04
5.55
4.09
3.08
1.96
5.99
23.18
2.54
0.97
6.07
14.13
12.65
1.00
2.03
12.61
2.08
13.19
1.43
12.66
4.03
1.98
2.53
3.00
5.58
6.04
2.52
2.54
4.55
20.15
1.01
0.99
1.07
6.58
10.04
7.57
17.17
5.54
4.02
5.05
4.55
7.13
4.10
4.46
7.54
10.11
6.10
13.13
1.01
12.59
12.14
5.09
7.12
2.53
0.97
2.55
12.13
1.07
3.52
2.04
10.62
4.53
7.51
14.66
9.05
12.17
3.55
4.02
20.70
3.48
1.01
4.09
7.08
1.01
2.54
6.51
3.51
2.02
19.72
5.07
2.05
1.03
5.56
9.59
1.01
1.09
1.45
3.53
3.07
3.02
15.08
3.61
3.53
18.74
14.06
14.14
15.64
3.02
10.63
20.68
22.64
7.67
23.75
2.98
2.00
0.98
4.55
1.01
8.65
15.17
3.55
4.55
8.64
5.53
6.58
6.98
1.50
10.08
6.05
5.54
8.08
21.29
3.02
6.08
5.05
1.01
12.66
13.67
14.15
4.54
30.78
5.60
17.14
1.95
1.53
3.56
2.55
2.01
1.49
4.62
1.47
4.05
19.17
40.45
11.15
8.62
17.14
8.55
7.58
14.62
4.03
4.05
2.09
0.98
4.02
3.52
14.19
7.58
9.60
4.01
22.26
13.63
0.98
8.10
5.53
2.56
3.09
6.56
0.97
1.01
10.12
1.04
2.04
2.02
1.99
7.59
4.57
2.04
4.01
9.54
22.71
4.04
3.01
4.56
2.01
4.56
7.60
19.20
2.56
10.13
8.56
18.19
2.04
2.47
11.12
12.70
2.47
11.62
5.51
4.09
12.65
6.54
18.17
1.59
5.60
9.53
6.05
4.07
3.58
34.29
1.02
2.02
7.06
8.02
3.10
3.56
3.01
2.46
1.51
7.60
7.08
6.08
0.98
3.08
22.75
24.76
20.65
18.13
2.06
12.13
1.52
3.07
2.00
4.98
2.99
3.52
2.56
1.01
10.06
13.16
1.98
8.06
2.61
12.13
7.07
7.13
14.10
11.68
0.98
3.00
2.09
0.96
13.10
7.58
6.08
2.52
3.05
3.55
2.13
4.04
1.01
4.04
3.04
6.58
11.12
7.08
9.05
24.13
2.03
7.09
2.03
1.52
4.10
1.61
6.56
4.53
6.12
13.05
14.59
8.07
2.05
3.03
2.50
14.64
14.15
3.60
6.01
1.07
8.55
3.98
0.98
2.10
16.21
7.07
4.50
1.02
3.56
8.51
5.02
3.56
6.56
4.03
12.03
4.51
3.58
27.81
7.56
2.50
10.61
16.24
1.00
2.47
10.20
6.55
9.08
2.04
2.54
1.02
10.14
13.11
4.02
4.55
5.02
7.08
5.06
5.56
3.10
1.46
23.72
12.63
10.60
25.77
10.65
1.02
10.05
18.17
11.72
9.01
14.66
34.33
7.05
4.04
12.16
5.09
11.13
2.05
2.99
2.53
18.70
4.60
4.51
30.84
1.51
19.69
1.06
11.18
5.52
1.51
7.97
4.06
6.07
20.23
1.03
1.54
2.00
5.55
2.58
2.49
4.53
11.04
5.61
21.22
1.99
18.70
9.05
16.17
7.52
5.61
7.60
16.20
1.02
5.01
6.64
1.92
17.19
22.21
4.06
3.52
6.56
19.27
5.03
9.09
12.11
9.14
2.98
9.60
15.23
3.51
13.14
15.19
14.59
9.14
3.05
7.04
13.14
22.16
16.20
5.06
14.69
17.71
7.07
2.00
1.06
2.51
16.16
5.08
5.17
16.23
8.01
11.03
4.10
13.01
4.02
4.56
5.50
1.02
6.12
8.09
6.56
7.61
1.00
4.12
4.10
2.93
6.10
5.47
4.03
1.02
6.02
2.57
5.58
5.07
1.02
5.03
8.07
6.03
3.51
5.54
14.67
2.00
13.68
0.98
4.52
16.65
12.63
6.07
17.69
5.09
1.50
1.00
2.48
8.04
4.01
3.56
1.06
4.05
1.01
11.13
7.53
1.51
6.53
5.60
2.99
9.57
18.69
7.57
4.57
5.02
9.21
5.61
2.43
2.49
6.07
7.54
52.05
18.77
5.53
1.97
2.06
11.64
1.97
1.58
5.55
4.51
3.55
13.18
26.24
5.53
19.22
5.58
11.09
5.01
2.03
1.03
6.06
7.07
4.53
6.09
2.03
10.14
7.06
1.01
12.62
4.03
8.55
8.10
5.55
18.68
11.10
25.26
1.97
12.65
3.53
5.55
4.05
2.04
2.52
20.18
2.53
4.54
2.02
2.03
4.11
18.20
3.00
6.60
9.07
3.54
5.07
11.56
4.05
24.71
12.67
7.14
5.99
8.55
1.46
1.00
8.57
3.57
3.51
2.54
23.71
12.66
2.02
13.61
14.65
3.00
18.23
10.11
16.19
3.05
1.00
6.08
2.51
2.99
1.01
5.05
8.20
3.12
4.96
6.47
3.05
2.02
2.02
3.03
5.55
1.52
2.01
4.07
7.63
33.40
18.13
3.56
6.57
1.49
3.57
1.04
9.60
20.67
4.51
2.99
8.11
1.55
10.10
6.50
16.12
6.06
6.58
11.14
16.68
6.03
6.54
1.03
1.02
3.00
7.57
4.03
5.63
3.06
13.59
6.08
3.01
1.02
2.49
12.64
3.02
3.01
18.63
5.11
6.56
2.02
10.67
5.57
2.57
5.53
1.52
10.04
0.98
9.06
2.03
2.05
2.00
2.05
11.12
5.99
9.60
3.53
1.53
2.56
2.04
13.14
2.52
4.55
20.25
5.54
6.54
9.58
22.81
7.60
5.54
29.76
3.08
6.09
15.64
7.50
5.57
8.13
3.54
2.54
4.56
12.69
9.56
4.02
9.53
8.08
7.09
3.56
3.50
7.58
19.19
7.15
8.58
5.57
4.99
10.68
7.60
8.06
19.70
14.62
7.60
9.14
3.02
6.00
12.11
1.54
3.04
2.57
4.59
7.98
28.25
2.09
15.70
2.97
29.84
9.60
21.69
7.04
4.55
8.59
9.59
6.51
11.58
7.58
2.52
1.00
6.54
8.17
1.55
3.55
1.04
1.98
7.56
5.53
6.03
20.76
4.54
2.52
4.57
8.08
4.08
0.97
33.87
1.46
2.52
2.51
10.60
3.53
4.10
6.61
2.95
6.02
16.12
23.78
11.20
1.46
6.08
6.04
9.10
22.24
5.18
27.25
2.50
4.49
7.53
3.53
6.57
7.13
1.98
2.04
5.02
14.66
1.03
15.14
1.48
1.52
9.07
2.54
10.11
6.05
3.03
13.15
3.01
3.00
9.11
4.02
8.09
3.54
14.71
1.93
16.14
1.54
3.52
1.02
5.04
4.54
17.71
0.99
10.12
2.53
6.03
1.53
16.11
3.99
11.61
6.06
1.05
8.09
1.52
3.53
2.56
3.00
7.58
1.53
5.58
0.98
18.66
11.18
8.04
0.98
7.08
7.11
5.03
13.64
6.56
3.06
10.14
8.06
3.04
8.08
28.76
2.53
1.50
11.62
4.05
2.51
2.51
5.01
6.06
2.04
4.56
1.99
11.59
5.04
8.04
13.15
13.19
3.01
32.27
1.54
10.54
6.08
2.57
14.17
3.00
9.62
8.51
1.96
1.02
1.01
9.08
1.03
3.02
7.61
10.18
3.05
10.54
18.66
5.57
17.62
7.08
2.57
4.53
5.52
10.08
14.65
27.30
8.11
2.09
3.53
3.92
8.60
7.11
1.01
14.63
1.02
4.15
3.55
12.63
6.05
1.52
3.53
19.13
7.58
13.14
3.02
3.04
9.04
3.56
9.11
14.17
11.10
14.63
5.06
4.03
5.54
2.05
11.62
1.04
2.46
7.04
22.22
3.05
5.55
8.63
3.54
3.03
6.02
2.52
1.07
1.47
14.16
5.07
2.03
3.03
5.06
5.67
5.05
1.90
2.58
2.08
1.49
4.00
3.60
19.68
9.67
1.07
3.92
1.52
10.03
2.03
8.56
4.57
7.07
8.62
8.59
3.05
1.54
5.54
4.03
3.54
8.60
3.49
2.03
9.09
16.17
13.63
8.09
3.53
6.59
2.52
0.99
8.04
8.57
7.56
8.15
12.09
20.76
2.49
9.60
12.61
9.11
10.11
1.04
31.79
4.10
3.01
11.09
2.56
4.51
27.26
1.51
1.02
9.66
2.02
15.64
9.09
0.99
4.51
1.53
5.05
1.03
38.46
10.64
2.04
2.05
4.08
3.01
3.01
1.52
12.59
20.72
18.16
30.76
4.55
6.57
6.59
10.06
5.59
2.53
1.58
2.04
13.68
9.69
2.52
20.12
4.53
2.55
22.69
6.53
8.06
2.51
10.11
4.57
5.51
6.06
7.56
17.16
2.57
9.10
5.53
5.57
0.99
8.04
14.69
1.51
3.53
9.60
3.56
21.78
0.97
5.03
1.98
2.51
1.03
8.11
4.05
1.02
13.15
2.50
2.06
2.64
2.47
4.52
8.55
2.01
7.13
17.27
0.91
8.04
7.12
1.51
8.60
6.12
2.00
22.73
3.99
4.00
8.56
4.04
12.66
8.64
2.54
6.51
5.62
3.58
15.21
11.71
11.61
5.52
7.04
9.19
23.70
4.03
2.05
18.67
13.15
22.23
6.07
2.52
2.51
7.58
10.59
1.04
6.56
13.14
4.53
5.55
1.02
1.98
1.56
3.02
3.05
2.97
21.71
5.08
19.70
3.55
6.01
6.04
6.07
3.05
21.75
3.58
0.97
12.19
2.52
15.65
2.11
7.05
7.14
3.40
12.09
25.21
6.59
7.04
10.14
2.52
14.10
10.59
2.55
3.05
10.13
1.57
1.99
1.47
3.46
8.59
5.54
10.11
11.63
3.01
8.10
19.26
15.63
4.42
6.07
4.07
16.70
34.28
4.03
13.09
2.08
3.56
6.56
1.02
11.03
1.54
14.17
1.03
1.48
11.65
11.11
3.55
6.56
15.18
3.52
24.29
3.02
12.59
15.67
2.57
2.47
8.13
32.36
7.60
14.71
17.75
4.51
5.98
12.70
3.07
3.01
5.08
10.56
15.17
1.02
2.56
5.04
1.54
2.99
15.12
2.55
12.17
14.62
4.05
12.12
6.10
0.99
7.08
3.08
10.61
1.54
17.12
13.14
7.08
6.04
31.82
1.04
4.03
6.06
6.06
6.56
7.61
1.01
10.56
1.02
1.03
6.59
24.81
17.12
2.49
8.57
3.53
1.04
6.06
4.01
10.15
3.57
2.00
8.56
6.52
4.04
3.53
3.54
1.07
6.56
9.52
4.03
8.62
10.65
29.26
1.49
5.05
3.05
6.59
7.10
4.56
8.56
5.64
4.54
4.99
7.56
21.15
9.10
5.58
16.19
3.54
8.13
1.52
3.51
14.11
8.08
1.03
2.51
1.07
4.01
2.02
15.65
11.63
2.00
4.53
1.51
7.58
2.62
4.02
10.10
8.11
7.08
13.52
7.07
1.01
1.02
12.65
1.50
6.58
2.04
2.56
2.52
1.01
3.02
22.74
7.07
16.62
11.05
2.03
1.53
5.57
12.14
5.05
1.99
2.03
6.05
6.05
5.60
1.98
12.63
3.54
6.05
5.57
2.03
2.00
16.62
3.06
1.02
4.55
7.05
10.59
7.66
4.02
5.58
7.57
3.50
4.54
1.50
4.08
2.01
4.10
2.46
9.60
2.02
16.66
1.59
0.95
4.53
2.03
2.53
2.50
1.50
21.20
4.62
2.97
2.61
1.44
9.12
2.48
1.51
7.56
5.04
3.02
3.55
31.92
2.02
3.04
7.09
5.98
1.00
3.54
9.08
10.62
11.64
20.77
17.65
0.98
3.05
7.03
8.60
2.52
10.60
3.54
3.04
2.04
8.11
11.61
3.54
14.12
4.56
8.16
9.56
3.57
19.70
11.04
5.00
4.50
1.01
3.02
5.56
1.51
1.02
11.65
3.04
2.03
13.20
1.00
2.53
5.57
5.01
22.75
2.07
7.07
2.00
9.09
2.96
1.00
2.53
5.08
1.01
3.55
1.98
13.60
2.03
13.18
5.56
8.58
6.06
1.51
1.99
5.09
5.05
1.50
10.62
5.02
22.73
4.05
2.00
15.69
5.09
4.01
2.08
5.04
12.69
1.01
8.50
11.12
8.11
1.50
13.70
1.48
1.98
4.11
11.08
4.50
9.18
8.62
2.02
10.53
14.14
2.56
2.01
13.09
9.59
4.05
1.99
17.25
10.60
8.10
17.22
7.07
21.05
10.07
2.02
5.59
13.16
7.56
10.05
5.55
7.09
7.61
4.08
0.98
3.01
14.11
4.04
9.60
5.03
15.22
9.61
3.03
38.88
16.15
2.05
14.16
10.61
14.63
4.56
10.09
11.13
15.14
8.62
7.58
1.02
6.07
5.04
1.51
4.02
3.01
5.56
3.57
3.52
4.07
13.61
19.24
6.07
20.20
2.10
1.51
4.63
3.49
10.12
8.50
2.55
8.57
7.57
1.04
2.51
8.56
5.04
3.03
13.63
3.01
6.57
2.02
5.59
8.08
25.75
1.04
20.73
8.10
2.50
2.47
4.56
3.55
3.00
2.51
0.98
2.11
22.27
1.45
2.52
6.03
3.03
1.02
1.01
4.56
4.00
18.19
11.08
5.55
5.10
13.65
13.68
7.08
1.48
15.57
2.01
1.48
8.07
3.09
9.08
0.94
11.60
6.04
9.14
10.08
2.55
6.06
4.58
4.10
2.98
16.15
10.08
8.12
10.12
13.18
19.67
14.15
11.64
6.56
7.07
1.01
10.08
3.57
2.03
7.55
12.14
2.51
9.05
3.52
6.08
2.52
1.54
6.54
5.07
7.05
4.05
27.76
23.18
12.18
2.48
8.58
3.08
20.74
2.61
2.97
2.03
4.00
5.05
8.59
3.51
13.58
3.09
6.55
3.56
8.55
3.47
5.55
2.01
6.55
3.58
6.08
8.05
6.09
0.96
13.63
4.58
7.05
11.58
3.57
10.58
2.50
7.07
11.18
8.08
26.33
1.02
15.12
13.70
1.95
6.57
3.07
14.64
4.52
2.01
3.06
5.06
9.06
2.02
17.67
6.05
1.49
3.03
8.58
4.58
3.52
9.08
13.13
7.56
2.51
19.19
9.05
2.04
3.53
24.73
1.47
7.08
8.11
14.66
19.70
1.00
4.01
4.48
10.09
1.02
15.16
1.01
5.08
7.59
4.03
24.26
1.99
9.08
12.11
1.05
4.06
20.16
10.09
2.56
13.17
8.56
14.68
10.59
2.01
1.51
10.58
2.01
2.08
3.53
6.05
25.25
5.56
19.23
6.03
2.07
8.07
5.00
4.05
0.97
3.53
16.18
5.09
4.51
2.02
4.54
1.51
2.01
12.10
2.54
13.21
12.13
3.01
15.16
4.59
0.97
10.60
10.58
1.01
3.55
8.56
0.99
1.03
5.56
1.98
20.19
6.56
6.10
2.49
29.80
15.17
8.08
4.54
33.85
1.02
1.00
8.09
11.58
4.01
2.05
0.99
12.74
1.42
22.77
13.13
3.50
10.10
5.01
1.03
7.09
1.01
2.06
15.15
5.58
1.00
15.71
6.12
2.48
6.04
5.51
1.02
1.01
1.50
7.12
9.07
10.15
6.06
13.62
6.51
7.66
3.54
9.58
23.22
11.58
3.53
1.07
0.97
6.58
7.59
5.56
17.65
1.01
22.70
20.73
2.02
4.51
9.60
2.04
9.09
5.54
4.01
1.08
14.10
2.06
6.03
14.14
18.70
2.08
7.60
8.52
20.74
5.52
17.18
12.63
5.07
7.56
4.55
4.53
2.01
1.01
10.62
3.54
20.71
5.55
5.06
9.58
4.56
6.06
8.59
4.57
2.51
2.56
11.12
1.03
1.46
8.52
4.14
23.26
15.58
27.83
10.61
2.02
6.55
6.07
7.09
16.11
3.05
1.99
8.53
21.19
8.59
2.03
1.01
7.62
3.03
1.00
6.07
18.71
5.54
6.61
11.58
14.16
1.03
4.59
4.00
4.52
4.04
1.50
8.55
9.12
5.58
5.58
1.04
0.98
1.49
6.08
3.07
1.51
4.02
2.54
2.00
5.55
1.01
3.02
8.67
5.47
11.18
5.09
12.63
6.01
4.54
7.05
5.59
10.12
17.16
15.14
3.62
11.62
3.56
1.00
18.60
12.12
26.84
7.60
5.58
1.01
7.06
8.67
10.57
1.52
2.96
2.04
0.99
1.54
15.16
2.51
1.54
1.51
11.16
1.99
5.58
2.55
6.04
8.61
1.02
3.03
22.72
2.59
0.99
12.64
2.49
1.53
4.00
6.08
31.80
23.19
3.55
22.25
9.53
3.02
5.04
3.52
11.09
10.63
2.02
4.56
4.57
4.52
3.03
4.03
3.06
14.67
2.51
1.02
7.06
13.63
2.54
1.01
20.22
1.50
6.08
1.01
2.06
3.04
4.00
1.04
10.64
1.01
1.05
0.96
6.03
5.56
5.54
4.06
5.58
3.03
17.72
5.65
3.04
2.44
2.99
3.02
11.61
11.64
19.25
12.62
17.21
5.10
9.16
2.04
4.49
6.56
6.55
16.12
1.51
1.55
3.50
5.03
12.61
4.04
1.57
5.03
1.49
7.10
5.04
2.47
35.34
1.00
9.07
5.08
16.67
1.01
3.10
6.65
2.45
28.88
5.56
9.56
4.03
3.52
12.14
12.64
18.72
4.57
4.54
0.98
4.00
6.04
4.02
5.06
3.58
8.59
4.07
4.00
7.58
1.02
6.60
9.04
2.55
2.10
3.51
17.19
6.61
27.38
5.03
13.11
2.98
7.55
9.60
9.60
1.50
2.55
4.07
9.10
1.56
4.52
10.09
16.16
6.07
13.11
2.03
8.58
9.15
1.01
2.51
10.61
1.51
8.06
3.09
14.78
20.20
2.97
2.53
4.04
1.51
7.97
1.51
1.52
1.04
6.09
3.04
10.63
9.05
11.11
1.03
4.01
3.52
10.60
10.09
4.02
13.14
8.12
8.05
11.15
7.05
6.54
11.12
7.11
2.06
1.98
0.98
7.08
2.03
2.49
3.01
2.03
15.62
13.13
2.51
10.16
1.46
1.60
14.16
23.80
3.95
4.06
1.98
2.02
2.01
1.52
5.06
9.08
1.54
9.11
14.66
11.60
5.06
4.03
10.11
8.10
3.55
7.07
6.16
2.98
38.43
16.77
4.52
7.58
22.18
3.54
1.53
2.00
4.03
7.09
4.60
0.98
23.24
2.55
7.09
3.59
6.56
7.02
7.03
4.54
5.47
13.65
2.53
6.60
13.63
15.69
3.54
8.58
9.10
2.00
9.06
5.52
4.04
16.17
26.75
4.55
12.13
12.13
2.98
2.54
8.65
3.10
2.48
9.05
2.53
9.15
4.03
30.30
11.11
13.63
9.58
2.57
4.54
4.01
10.64
6.06
2.55
8.11
6.07
8.07
1.50
12.61
2.02
12.17
4.08
2.53
13.12
1.01
12.60
4.08
4.00
3.61
7.04
9.11
4.99
2.04
5.04
7.57
3.02
15.12
8.56
6.07
22.79
12.70
3.51
12.64
7.06
10.56
3.03
3.05
11.67
1.47
7.63
2.53
4.03
1.00
9.54
2.12
14.57
3.45
1.02
5.58
25.24
14.06
23.72
10.16
3.05
4.55
3.51
11.14
23.76
15.68
1.05
9.04
6.06
0.99
4.09
5.59
10.67
13.14
4.55
2.51
26.69
3.53
10.15
4.01
20.75
4.06
6.07
18.70
3.61
7.02
3.53
3.01
5.48
4.52
3.62
13.65
11.01
15.75
0.91
7.09
10.10
8.57
1.11
7.06
4.96
19.69
8.61
7.62
5.08
8.63
1.48
2.02
9.02
2.99
3.57
3.58
7.58
1.52
4.56
5.03
13.64
10.16
8.05
13.67
1.51
6.08
4.66
17.15
3.95
29.20
6.53
4.05
9.11
1.55
0.95
7.04
16.67
16.65
6.11
2.06
6.55
8.05
11.53
8.59
14.14
12.59
1.02
3.55
4.05
5.56
4.56
4.05
3.53
1.99
4.03
10.08
1.02
7.14
18.70
4.45
15.63
6.19
5.94
0.99
11.14
6.54
26.23
4.08
0.99
6.01
13.58
4.66
4.44
6.59
2.05
9.10
10.61
2.01
18.72
3.54
1.01
0.98
1.02
4.57
5.00
1.00
5.52
6.15
2.60
3.49
5.50
16.20
8.17
7.16
1.47
4.54
4.49
4.52
6.55
2.04
5.03
6.60
2.02
2.03
1.51
2.49
10.61
1.00
4.60
1.47
4.56
16.62
0.97
1.02
5.05
5.57
2.02
1.01
2.54
13.69
5.98
1.50
1.04
12.10
1.99
3.04
13.60
2.52
1.52
3.61
4.56
2.48
1.02
1.59
1.42
10.64
1.49
16.12
9.09
16.13
8.55
22.29
1.00
17.67
10.16
2.55
6.57
1.04
3.51
2.07
18.24
12.12
3.50
3.49
6.11
8.08
3.55
24.71
19.16
1.53
5.52
2.55
14.15
7.07
1.02
14.12
5.05
3.54
4.04
17.68
1.04
21.25
2.04
12.66
4.03
2.55
3.52
6.54
1.51
7.60
13.12
2.04
1.50
10.60
21.23
31.82
10.12
8.58
24.19
16.69
2.51
5.54
19.15
7.58
9.61
1.49
3.01
9.58
4.12
5.05
4.12
11.07
18.21
5.09
9.06
2.06
3.05
0.96
2.49
3.59
3.99
10.13
14.13
3.01
6.09
15.65
11.13
4.52
3.50
9.60
3.08
3.05
2.46
3.49
2.04
5.59
24.16
3.49
6.58
9.06
0.97
4.52
3.03
4.05
3.57
1.02
2.01
3.54
1.53
6.60
10.60
16.17
3.56
2.50
5.54
1.58
15.66
3.52
4.02
3.51
9.05
10.63
2.52
3.58
7.58
6.59
4.01
10.09
5.57
14.10
5.52
4.07
4.05
4.01
9.60
3.57
5.02
1.09
13.66
16.66
6.60
10.61
4.06
4.57
11.15
8.56
5.07
4.53
13.10
22.71
4.61
1.48
7.09
2.54
9.02
3.53
1.01
10.14
1.02
5.16
2.51
12.58
14.14
15.69
9.12
4.52
6.51
3.08
3.07
5.59
10.06
3.01
3.03
4.53
11.12
2.02
2.51
5.08
6.59
29.19
2.06
4.55
0.97
4.53
6.10
5.51
7.57
26.70
5.07
2.99
19.18
9.69
1.11
5.99
1.01
14.18
3.58
12.51
6.11
6.03
1.07
1.97
1.99
3.01
12.22
0.93
11.56
1.01
2.01
5.10
2.51
7.59
3.52
1.03
6.12
18.76
12.16
11.07
11.12
6.57
9.16
3.96
8.05
15.16
3.05
1.00
1.52
9.69
3.08
9.61
15.17
11.11
1.47
1.49
5.57
2.52
6.03
4.56
2.00
7.56
2.01
6.07
1.02
25.25
8.12
13.20
3.05
3.52
2.53
8.56
2.08
5.51
21.74
11.62
1.04
7.59
9.60
1.00
9.05
2.02
6.10
3.01
4.55
16.71
0.97
8.11
5.57
11.62
3.55
12.14
8.57
1.00
15.15
5.06
2.56
4.52
3.52
14.67
1.98
22.72
15.17
1.50
6.57
1.03
3.60
5.06
0.99
3.46
1.06
4.05
7.56
1.98
1.05
4.53
6.08
4.10
8.02
3.02
3.05
2.49
1.59
7.59
5.03
7.58
8.51
9.60
1.52
2.50
12.63
8.08
2.56
4.04
4.04
1.04
8.05
1.97
9.14
2.01
16.67
8.07
3.60
16.16
7.62
4.03
8.55
1.03
0.99
1.10
1.94
17.70
25.20
9.09
5.56
5.55
7.59
1.53
8.55
7.58
0.99
12.62
6.58
6.07
5.03
11.62
20.72
0.99
6.56
13.64
13.67
1.97
18.15
4.01
4.57
5.02
4.55
14.15
13.66
6.58
5.03
4.53
1.99
2.54
8.08
4.05
2.05
2.50
1.00
10.59
5.58
2.03
3.51
17.74
10.09
2.96
11.65
1.48
2.50
1.01
4.57
7.54
8.03
9.13
4.06
3.54
5.04
2.52
8.57
3.01
2.05
2.54
1.04
3.09
1.57
1.53
3.51
6.00
5.49
6.11
2.54
4.05
3.98
2.58
6.14
3.50
5.54
2.49
13.65
4.01
4.58
0.96
15.13
15.17
9.10
14.15
12.62
2.57
5.55
1.00
4.64
21.78
1.99
24.33
7.04
5.51
20.64
4.61
3.47
1.94
6.64
12.12
10.64
8.53
16.15
10.16
34.35
15.20
13.67
0.97
3.51
3.57
5.04
2.00
1.56
1.96
3.02
1.05
0.95
2.56
11.13
3.04
11.65
3.49
3.02
29.29
1.01
1.02
12.11
1.53
8.13
4.54
8.62
0.95
4.49
3.00
1.02
8.60
4.51
5.57
1.55
1.06
14.70
4.51
3.54
2.05
11.17
2.98
4.00
6.06
11.57
2.03
10.18
7.10
3.02
4.50
4.55
4.55
3.51
17.21
7.05
3.02
1.02
2.54
3.03
2.54
12.14
7.57
1.52
5.05
3.02
3.56
13.09
2.11
2.07
2.01
3.00
8.00
2.57
3.05
3.02
1.52
20.31
3.09
2.59
4.47
2.56
8.05
8.48
12.12
10.61
12.62
7.57
12.20
6.09
14.13
3.00
2.55
7.58
11.66
10.17
1.03
3.01
6.03
9.59
4.54
5.60
19.67
5.01
10.56
1.00
11.57
5.06
8.11
15.69
14.13
31.31
11.14
13.65
4.05
6.59
15.63
3.55
9.60
2.01
16.66
0.98
2.59
1.46
7.59
8.10
1.53
8.11
5.57
5.05
2.00
10.11
6.51
2.00
8.60
5.56
13.61
3.56
4.03
13.17
3.51
3.56
5.08
2.50
2.53
11.63
3.58
11.58
5.56
5.08
1.45
9.57
1.01
16.18
17.71
2.99
1.54
12.14
7.56
1.03
14.65
0.99
5.06
0.98
2.02
1.04
14.13
12.08
2.03
4.03
3.04
7.59
2.08
1.96
3.04
11.68
9.62
10.67
2.53
0.94
6.57
7.59
11.09
7.07
4.66
1.94
10.57
3.53
3.57
2.49
3.57
2.06
1.53
4.03
7.55
25.23
2.55
8.55
6.09
2.05
2.54
2.04
23.20
6.53
2.04
7.04
5.08
5.53
6.04
5.06
10.65
10.08
14.12
2.03
3.08
4.55
10.07
9.54
9.10
13.63
4.51
1.52
11.18
2.98
5.58
2.04
5.57
21.70
2.51
10.15
21.69
4.02
24.26
11.60
1.50
2.56
2.48
7.08
2.03
2.01
5.58
2.05
24.25
2.04
8.06
1.50
2.51
1.52
24.78
5.52
2.98
8.08
12.18
10.19
5.98
2.52
23.74
11.53
7.05
4.15
2.53
7.61
5.06
9.09
1.58
0.94
9.64
4.50
26.25
1.52
18.74
0.98
3.55
15.14
5.08
9.09
10.59
16.63
5.08
0.98
7.08
2.53
2.05
21.70
4.52
9.14
10.65
1.59
2.99
16.15
2.02
1.01
4.06
12.02
8.63
6.61
18.23
10.63
8.61
9.12
3.02
3.52
9.63
10.06
1.55
4.03
1.03
1.46
3.53
1.50
3.55
4.53
1.59
5.00
2.03
11.18
12.11
2.52
1.56
8.06
4.03
15.62
9.04
2.04
7.57
6.05
11.15
3.59
17.72
13.07
1.02
19.79
2.59
9.67
0.87
2.91
5.11
7.58
5.11
0.95
4.53
12.09
41.53
3.54
2.07
7.55
8.53
4.05
1.53
13.61
9.13
1.49
10.62
1.53
13.62
7.52
5.06
32.35
8.60
8.56
11.61
15.16
7.11
0.99
2.04
7.63
12.17
9.13
5.03
5.07
6.59
1.00
13.11
3.01
2.09
32.81
6.54
3.06
7.59
9.07
0.98
0.99
7.58
3.57
6.58
4.03
1.50
2.62
16.13
26.28
2.06
16.18
1.49
3.02
5.99
1.09
6.06
4.07
27.79
22.69
4.59
14.66
8.16
1.92
5.10
21.17
8.50
24.70
0.99
9.06
7.56
1.52
8.60
6.08
12.23
11.10
3.03
3.54
2.02
17.83
9.48
14.65
20.73
3.04
1.57
5.08
1.49
1.50
6.04
7.59
8.56
10.10
10.15
10.14
3.54
5.53
13.65
3.55
3.10
5.04
8.07
1.00
7.09
1.03
10.07
0.99
3.53
2.53
9.14
1.05
2.52
2.55
11.68
4.05
3.45
3.02
3.60
9.56
4.57
3.54
5.57
12.58
9.06
7.10
3.02
2.46
5.07
3.54
8.08
1.10
4.96
7.06
7.09
2.02
7.15
2.95
14.66
1.53
19.73
3.07
7.62
17.77
7.57
9.03
2.54
4.02
9.09
2.97
9.68
10.20
4.06
3.46
3.95
6.14
9.11
4.97
7.58
35.38
28.77
20.84
0.95
12.64
3.58
12.66
2.53
13.67
11.59
0.96
1.04
18.20
16.73
1.46
2.56
1.50
7.52
10.06
3.52
5.11
11.08
7.58
6.11
1.49
13.17
3.05
4.49
5.53
3.05
5.10
2.05
2.52
6.10
0.99
3.01
2.05
1.48
10.06
2.10
5.65
1.95
5.05
7.52
5.59
8.11
2.58
9.05
17.74
14.13
8.09
2.01
19.09
5.54
8.08
10.15
2.03
5.56
6.05
1.48
2.57
17.17
8.59
4.16
8.04
3.42
0.98
2.04
2.00
14.13
3.58
11.71
7.06
1.92
6.04
4.04
1.49
1.50
4.58
5.51
3.07
23.73
1.05
6.55
31.86
15.13
9.05
4.53
3.57
16.60
2.05
5.51
5.58
2.50
8.60
6.04
2.05
28.29
3.00
15.20
3.47
13.17
15.26
9.08
2.01
4.57
5.00
1.49
24.20
6.59
4.04
14.15
22.74
11.73
3.65
2.08
6.47
9.03
4.51
14.06
9.62
2.51
6.05
15.74
21.23
13.70
10.56
7.07
6.11
8.56
16.18
15.09
1.02
2.02
5.04
3.07
23.76
2.53
23.26
2.00
2.03
8.54
1.04
2.99
5.52
2.11
11.73
1.46
9.08
0.99
1.00
5.47
4.07
3.54
4.52
2.03
1.04
7.58
12.71
0.97
7.63
4.03
3.01
5.67
16.67
2.43
14.66
11.08
4.03
1.00
4.59
2.98
18.18
1.53
19.73
2.51
13.12
1.04
4.06
4.53
19.23
3.55
2.49
2.01
7.55
6.56
1.02
1.00
2.05
15.63
9.12
10.13
17.67
15.65
6.52
6.61
11.60
11.11
4.52
3.03
5.54
10.10
3.49
2.07
5.56
19.69
3.05
7.59
1.46
3.56
2.50
6.01
7.60
2.02
11.12
9.07
2.03
13.68
5.07
30.79
5.01
1.02
4.53
5.06
3.03
3.00
1.52
4.03
9.05
5.54
22.74
9.04
4.53
5.09
5.11
11.64
10.61
11.59
10.10
2.01
1.54
4.48
6.54
12.64
2.03
1.09
3.05
3.45
4.57
2.99
12.16
10.04
6.59
8.12
9.63
3.57
5.03
10.02
5.59
15.13
9.61
9.54
9.09
2.48
4.03
5.13
1.96
5.14
4.49
22.25
6.08
0.99
25.73
1.53
4.08
13.13
5.03
9.52
20.29
17.16
3.06
36.88
2.50
5.03
17.61
1.09
3.53
3.50
8.00
11.62
1.54
1.99
3.01
4.60
5.99
1.05
12.65
7.12
24.74
2.05
3.51
12.05
2.55
12.06
7.56
2.05
5.02
0.99
9.08
5.53
3.54
5.08
12.14
2.04
3.55
1.50
3.02
1.52
9.63
9.08
10.10
8.62
1.49
23.23
14.62
1.51
11.09
13.17
2.53
0.97
1.03
5.08
2.01
12.62
8.60
2.01
9.50
6.58
3.05
7.12
6.57
9.60
14.13
19.17
2.52
1.00
9.12
6.09
3.04
9.08
5.52
7.05
1.51
5.07
6.58
9.63
8.07
2.03
7.05
1.62
7.57
12.65
5.51
9.49
4.54
2.55
4.10
4.06
3.50
6.02
3.54
2.06
7.58
24.73
1.03
5.51
2.01
5.08
8.09
1.49
3.57
13.68
12.07
2.52
3.55
4.56
4.66
13.08
1.04
4.00
6.46
14.14
3.00
8.63
2.04
10.62
2.48
3.02
1.49
4.06
8.07
6.58
2.00
3.03
3.51
2.55
1.50
1.04
5.58
7.02
4.05
5.61
14.13
0.94
3.98
2.53
3.55
28.32
1.50
5.55
10.66
6.04
5.59
12.64
3.01
1.11
7.53
2.52
19.15
6.55
11.68
19.15
3.00
1.01
3.03
15.18
8.16
0.95
2.50
6.55
17.72
7.08
6.50
10.71
2.04
4.00
0.98
4.54
4.05
2.56
6.65
2.55
3.49
8.58
2.03
2.51
12.10
33.93
4.04
4.11
7.02
1.01
8.09
4.03
5.11
15.65
9.08
5.08
19.69
13.66
10.11
2.02
1.10
34.82
14.58
14.57
1.56
1.49
4.01
38.84
24.31
2.04
33.85
5.02
2.55
7.57
1.00
3.03
9.58
4.53
1.52
3.47
2.10
1.47
1.98
2.02
1.03
12.13
25.78
10.56
15.18
1.47
7.68
6.08
3.52
6.50
17.21
1.02
2.03
8.08
3.03
7.12
6.04
4.00
3.03
1.01
18.65
3.05
1.00
2.03
4.05
5.53
1.52
1.51
1.49
5.53
8.14
2.97
22.76
2.04
4.04
6.53
4.08
13.20
7.02
29.30
3.96
3.50
6.66
6.07
6.03
8.56
14.67
2.55
7.09
0.98
4.53
3.61
4.09
8.58
4.54
1.01
7.00
1.50
5.56
8.57
9.58
12.12
3.54
20.16
1.03
5.02
7.09
7.55
14.67
14.18
5.04
7.10
13.69
3.05
11.69
3.47
8.02
2.05
4.04
11.04
7.05
5.61
3.58
1.52
7.06
1.58
15.10
34.35
4.61
13.28
3.55
21.64
0.98
1.53
1.52
1.02
13.02
6.07
1.02
8.58
3.02
24.18
2.04
7.07
3.05
1.01
9.11
1.04
5.04
2.01
2.03
11.15
17.28
9.11
5.44
4.02
4.56
1.99
13.09
5.04
10.10
10.08
9.08
2.52
4.54
15.67
13.71
4.06
4.02
2.01
7.05
3.52
1.06
1.05
1.47
1.06
7.53
0.98
6.67
1.46
1.01
22.73
4.54
7.10
3.54
2.02
41.85
1.01
8.16
19.70
1.52
4.07
7.54
3.53
1.00
19.20
16.78
4.03
1.41
9.09
2.08
2.48
1.49
4.55
17.70
2.50
3.57
26.32
5.02
11.17
10.60
9.66
5.56
1.03
6.11
1.93
17.13
2.03
6.03
4.53
2.52
6.08
1.02
7.09
5.08
3.57
1.00
3.50
6.06
7.09
3.56
18.14
4.11
5.01
8.62
1.53
2.51
9.11
2.06
8.10
7.06
2.02
2.02
31.30
1.00
9.09
16.11
12.71
14.69
1.02
4.47
2.01
3.04
8.16
27.36
11.67
2.02
1.50
2.54
15.61
3.03
14.11
3.57
1.55
5.04
9.61
7.57
5.08
3.54
1.49
1.00
5.53
8.08
2.56
15.68
3.49
9.57
1.01
3.60
1.54
13.66
9.05
11.12
1.04
6.07
2.02
8.06
1.54
7.58
5.52
6.08
14.67
41.58
3.55
7.50
8.58
1.54
4.02
18.25
2.50
6.08
10.10
7.57
7.06
6.60
6.08
2.00
1.02
2.00
7.60
4.10
26.72
3.54
14.11
38.27
5.58
9.10
4.55
5.58
4.56
1.51
12.66
3.01
2.01
1.52
2.51
1.51
2.03
1.52
6.56
3.04
4.04
3.01
4.06
13.14
12.14
5.58
6.04
1.99
1.00
4.58
5.09
7.58
5.56
2.01
2.51
11.63
12.08
9.04
11.63
1.01
1.53
5.05
11.68
2.94
9.08
3.60
11.61
3.96
7.06
1.56
17.69
2.01
14.66
9.60
17.07
2.54
2.51
4.08
1.48
25.29
19.74
4.55
8.61
0.98
1.52
7.07
2.04
7.06
4.57
2.05
7.10
6.52
5.07
3.01
17.18
10.12
6.56
2.02
4.03
5.63
4.05
2.06
6.01
4.08
9.09
2.97
6.58
8.11
7.05
6.54
16.70
12.64
4.57
7.06
14.68
8.09
6.04
8.04
12.63
3.05
2.03
30.83
7.60
15.19
7.54
1.04
4.04
8.07
22.27
6.04
3.55
1.04
1.97
1.00
10.09
8.10
16.66
15.70
6.62
24.76
9.12
8.05
9.69
8.53
17.65
12.58
9.62
1.56
8.60
11.15
10.06
5.06
14.62
1.52
5.02
13.65
12.60
6.56
18.21
4.04
16.72
2.04
8.12
4.03
3.59
3.04
2.51
1.49
5.07
8.09
3.49
11.55
0.99
3.54
3.02
9.09
1.51
13.65
1.01
6.58
2.51
2.58
10.63
1.05
3.50
13.65
3.52
23.75
2.54
2.02
3.57
1.52
4.51
7.61
10.11
2.53
12.64
3.03
1.06
11.60
4.55
1.94
5.59
1.00
30.33
4.55
14.15
8.57
12.60
4.07
4.06
1.54
25.74
5.59
6.07
12.63
0.99
22.70
6.08
2.01
20.22
4.59
9.62
2.48
2.03
9.14
4.54
2.03
2.04
2.52
3.52
8.57
3.57
5.05
7.58
1.55
7.01
4.02
2.03
5.60
1.53
7.54
21.67
8.08
18.18
3.06
6.61
29.79
0.97
15.15
8.57
9.06
1.11
8.07
18.58
3.44
6.03
1.02
4.08
11.17
5.50
16.20
6.98
11.19
9.11
9.58
23.73
12.66
5.04
4.53
11.63
3.59
19.15
2.02
12.11
5.09
7.14
16.21
8.05
17.13
11.56
4.04
2.59
2.55
15.21
4.98
3.98
12.64
5.06
5.62
4.58
6.01
3.51
1.06
1.06
1.54
20.69
1.01
1.06
8.03
3.56
17.68
4.49
6.08
17.63
1.50
15.15
12.69
9.62
3.57
8.00
21.19
2.51
9.07
6.55
18.71
7.08
22.28
2.48
8.12
9.09
5.57
4.11
17.20
3.01
1.04
4.05
9.58
9.08
3.03
14.62
2.54
3.07
21.20
2.02
6.07
2.02
1.01
6.54
6.06
6.05
19.77
15.66
3.53
0.99
9.53
14.12
8.07
7.61
6.07
12.12
4.10
7.57
2.04
10.60
1.65
1.40
7.06
6.13
14.18
4.51
23.71
3.52
6.56
2.04
13.10
9.06
6.60
7.60
5.01
8.10
1.98
2.51
7.07
6.60
13.66
1.02
13.08
24.72
4.54
7.07
20.19
5.09
3.55
1.53
8.08
11.09
4.98
4.06
5.61
4.04
2.05
1.99
5.00
7.56
4.56
4.55
2.00
2.05
1.52
8.07
5.58
21.25
3.57
5.58
2.50
9.58
27.28
3.04
12.63
6.06
12.61
16.72
3.02
1.54
6.07
2.57
2.01
7.04
1.05
4.51
2.01
10.05
1.50
8.58
9.63
5.04
10.10
4.03
1.01
3.07
3.49
30.83
3.56
3.50
14.64
9.09
7.56
8.07
3.06
7.09
12.13
1.54
10.08
13.08
8.07
1.01
6.59
1.01
3.50
9.63
2.02
8.14
4.07
2.45
2.03
11.09
8.60
2.56
1.00
4.02
8.62
5.57
2.56
23.28
4.48
2.50
2.10
13.60
0.94
1.02
9.12
5.03
4.03
4.02
4.59
3.03
3.52
10.62
7.58
1.52
6.63
1.97
1.01
14.16
10.11
3.52
6.07
3.52
6.60
9.12
5.06
3.50
3.59
3.51
10.63
11.06
10.14
9.60
1.03
4.04
1.02
2.00
17.63
4.56
9.57
1.01
2.54
19.20
8.57
1.00
1.02
2.07
3.54
0.97
6.09
23.85
12.11
2.43
1.04
2.48
4.04
2.54
13.11
1.04
6.07
2.48
4.05
1.53
1.02
4.05
5.02
6.08
2.53
2.51
1.02
2.52
8.08
5.57
5.06
10.61
16.19
3.05
1.00
16.17
1.55
4.06
16.15
17.23
21.68
6.52
5.05
2.55
7.60
6.49
24.72
8.62
13.15
7.58
23.69
3.52
11.62
3.54
4.56
19.72
22.29
21.77
23.77
1.04
0.98
9.59
20.20
2.04
1.01
11.20
2.99
10.58
9.55
0.98
5.06
5.60
8.09
1.03
5.06
10.64
6.50
2.98
7.49
6.57
2.02
7.11
7.60
2.53
2.51
1.54
7.09
3.54
3.54
12.13
10.59
2.50
2.54
1.03
5.60
15.17
7.58
4.55
5.53
20.79
5.09
3.48
14.65
4.50
7.54
2.03
6.05
4.04
5.08
11.57
13.70
0.96
8.55
4.59
5.54
2.99
1.01
6.56
25.74
3.57
26.79
1.52
3.52
1.49
11.09
3.51
9.62
4.03
15.17
9.07
5.06
10.59
11.09
7.57
10.60
7.58
2.07
3.55
1.07
4.00
5.04
3.99
5.06
5.03
15.64
10.12
0.98
7.59
24.30
1.05
6.54
10.10
3.52
1.02
5.58
5.60
17.74
12.58
16.16
20.69
6.05
9.14
4.60
1.96
16.18
2.04
7.58
5.59
2.45
1.50
9.61
3.54
7.52
3.01
7.58
1.03
3.57
5.07
7.04
2.51
1.06
4.02
10.58
1.52
3.02
1.00
34.37
2.00
1.54
9.10
12.12
4.56
23.74
4.61
0.94
7.08
6.06
2.55
5.05
6.54
4.54
2.01
5.04
6.58
5.07
13.15
1.01
3.02
5.04
2.52
5.55
9.62
12.63
13.12
6.58
8.10
9.11
9.03
9.08
1.49
1.07
16.65
2.52
30.78
10.09
8.61
10.13
4.02
2.52
8.64
1.46
15.67
5.05
1.50
5.02
2.53
3.55
2.51
5.07
10.57
9.09
7.60
12.64
6.54
7.59
1.00
8.60
1.00
10.09
1.99
14.17
13.15
9.12
1.99
3.00
1.05
1.00
19.20
12.19
12.10
7.06
15.04
5.03
6.08
2.53
30.80
3.02
12.11
4.57
9.11
5.57
12.62
1.01
2.63
0.96
8.61
0.96
2.47
6.54
14.70
6.10
5.03
6.58
7.09
8.17
7.56
1.06
6.04
4.00
13.11
10.09
1.02
12.07
1.52
17.74
11.16
9.62
5.00
15.14
6.08
3.49
12.09
3.07
5.55
10.10
29.87
3.53
1.56
16.65
4.05
1.49
4.05
2.61
7.56
1.00
7.63
4.04
11.11
0.96
1.54
2.52
6.07
11.60
3.57
40.89
1.40
10.12
45.86
16.13
5.05
7.59
12.10
3.00
8.66
4.98
21.20
7.59
16.76
10.11
5.55
1.03
3.56
7.58
11.51
1.52
5.15
2.54
3.41
5.55
1.51
1.53
7.09
20.65
10.58
12.12
6.06
2.55
18.78
2.53
1.00
1.01
4.49
8.57
2.05
9.14
10.11
7.09
0.98
17.13
1.04
1.54
3.52
2.52
13.58
1.58
2.03
2.53
4.96
8.08
1.53
7.60
5.61
1.48
4.60
3.49
15.67
2.53
16.75
11.65
7.08
2.47
6.66
0.98
7.55
3.01
8.68
2.45
6.03
1.09
2.51
12.14
4.06
7.48
2.58
10.09
2.49
15.61
16.15
6.55
4.53
2.55
10.58
5.52
13.14
6.58
5.06
4.56
0.98
5.60
6.08
2.51
1.98
5.53
3.52
2.06
15.65
2.53
7.57
9.04
8.08
19.19
14.12
11.09
4.05
5.05
2.54
2.01
2.08
17.16
21.73
2.53
12.60
6.57
2.62
2.00
12.65
10.14
8.03
7.57
7.56
4.07
1.51
1.05
4.03
6.06
3.01
5.09
1.06
7.54
10.62
3.03
2.02
2.03
14.14
1.05
20.22
8.61
1.01
12.56
9.58
13.62
12.61
4.53
8.61
1.04
1.98
19.72
9.10
9.14
9.09
11.20
3.53
14.70
5.59
11.08
2.97
5.50
5.08
10.08
14.17
15.16
5.62
5.01
2.50
1.03
6.52
5.04
9.10
4.07
2.06
6.56
1.01
12.15
9.06
3.04
7.02
3.99
6.58
7.11
13.20
0.99
11.15
14.10
9.64
6.66
24.86
1.93
10.10
3.54
7.01
3.58
3.06
0.99
3.49
3.50
2.52
5.04
3.52
10.10
17.71
5.60
12.18
4.51
11.06
2.04
14.12
13.10
6.04
8.06
1.53
9.59
1.50
18.20
4.54
4.55
3.54
5.02
11.62
8.58
5.99
3.05
17.19
6.05
3.04
8.58
6.03
10.59
16.68
3.03
9.07
1.05
6.08
6.06
3.49
3.99
6.05
4.06
5.53
4.07
4.04
6.06
1.04
3.04
3.04
6.09
9.60
5.57
6.10
2.46
18.14
2.08
7.08
3.06
1.49
5.00
6.54
5.58
7.55
5.52
17.18
2.98
1.01
12.68
16.21
5.54
16.14
12.20
4.58
7.09
5.47
4.09
1.59
4.97
5.47
1.51
6.57
17.24
2.01
9.64
3.50
5.56
9.01
6.58
10.69
2.51
20.73
7.09
1.52
3.51
5.54
4.07
11.62
26.75
5.03
1.04
4.02
6.07
3.59
11.64
1.48
14.61
4.01
2.00
6.61
11.12
9.12
8.58
5.52
21.74
9.59
8.04
11.16
3.55
8.15
0.99
7.54
4.54
2.04
2.06
8.63
6.04
6.05
13.62
3.58
9.07
3.51
6.05
2.51
1.03
2.04
1.52
1.01
8.06
21.25
9.13
1.55
1.01
3.52
19.73
9.08
9.05
17.64
10.62
12.14
4.54
3.07
4.04
3.50
20.23
6.04
10.15
7.60
28.25
1.50
10.09
18.20
3.58
4.03
2.50
18.21
2.00
21.74
32.83
6.56
10.13
5.59
8.05
1.47
2.56
7.61
2.47
14.11
4.57
13.13
2.06
3.57
4.49
12.65
2.48
37.40
18.68
3.51
2.05
8.59
1.03
13.63
13.63
17.70
1.98
10.10
13.12
5.63
1.45
3.51
7.10
5.06
8.59
5.60
5.10
2.52
5.05
24.25
21.23
10.64
11.64
13.12
3.51
19.19
29.32
14.17
3.58
3.00
5.55
6.05
12.63
8.56
22.18
2.08
10.57
1.51
1.00
3.51
8.09
4.10
13.69
16.68
9.61
7.09
4.52
2.02
0.98
1.01
3.02
7.04
9.10
2.06
10.57
5.06
17.63
15.13
8.08
9.59
25.26
51.98
4.56
13.70
10.60
3.57
7.02
5.03
4.55
3.57
20.80
4.06
6.04
1.52
3.98
13.16
11.14
1.48
4.50
26.79
1.46
2.03
15.62
5.54
23.75
10.10
4.14
6.10
5.49
10.07
5.05
11.11
8.07
5.07
20.66
1.02
3.53
2.08
2.52
3.45
17.66
1.02
7.05
6.02
10.59
4.03
3.54
7.60
2.03
11.12
4.03
2.05
24.69
19.64
2.55
2.01
15.14
5.56
4.51
11.09
7.05
1.56
7.07
3.01
12.19
8.58
4.49
9.59
5.06
5.11
7.52
1.49
27.33
11.14
24.27
2.99
2.55
3.53
2.51
2.57
8.60
9.61
24.68
4.02
3.08
8.55
8.17
2.48
19.72
7.07
17.21
7.58
18.63
8.63
6.54
7.56
11.11
12.76
6.06
1.41
4.54
7.08
18.67
9.13
13.18
3.00
2.02
2.01
12.59
6.07
16.64
3.05
2.57
17.68
9.11
5.07
15.08
0.95
8.05
5.57
5.60
5.53
5.56
17.18
24.77
2.01
6.11
0.98
15.14
3.03
7.63
3.06
4.59
13.20
1.50
3.45
13.58
8.12
10.61
0.97
1.55
11.11
4.07
8.04
1.48
9.12
7.10
6.08
0.99
2.51
1.01
6.52
2.03
10.57
4.04
7.54
10.58
7.59
1.03
26.33
13.12
5.57
9.61
4.54
1.09
21.70
14.10
12.54
1.51
9.67
5.21
8.46
2.06
14.66
7.56
20.04
6.06
10.05
6.60
3.53
7.54
6.09
4.11
1.00
10.55
4.98
6.11
2.08
3.44
13.59
3.99
0.99
2.53
3.03
5.05
6.59
3.00
2.58
9.61
1.00
3.53
14.16
3.01
2.03
17.14
6.07
3.55
11.09
7.09
3.06
1.00
28.88
6.54
1.49
5.55
3.03
5.06
5.05
2.51
16.20
17.21
0.98
1.00
5.08
7.11
2.98
2.04
3.51
8.57
2.53
3.53
2.54
6.55
1.48
2.05
13.08
3.55
12.12
6.02
2.54
1.56
2.03
6.03
9.64
1.50
10.02
8.11
2.47
4.56
15.12
16.17
1.53
9.15
1.53
4.03
4.00
6.59
17.21
12.12
10.59
1.01
11.08
5.56
9.59
3.07
6.02
1.51
10.13
1.08
2.95
6.09
11.58
2.00
2.53
1.02
2.55
8.57
1.51
10.57
10.07
2.05
3.05
6.59
7.58
3.53
10.03
3.53
15.15
5.08
3.56
5.02
7.58
4.56
2.52
29.26
2.01
21.70
23.76
23.22
2.00
14.69
8.05
7.08
10.60
6.16
3.42
5.54
14.22
3.08
13.65
0.96
5.52
8.12
4.53
2.52
3.04
5.59
17.61
0.99
5.05
9.58
1.55
0.98
11.71
1.51
1.01
2.52
5.94
3.50
21.17
5.07
3.02
2.51
2.09
4.03
16.68
5.05
20.67
4.55
25.83
0.99
8.07
23.28
5.05
9.12
4.06
5.59
3.14
7.64
1.44
4.06
1.52
9.58
2.03
4.07
11.56
0.99
5.07
6.07
1.00
3.04
10.63
25.32
4.52
1.02
1.50
5.52
36.80
13.63
2.53
15.66
1.05
1.96
12.62
12.19
0.96
4.03
21.71
2.09
1.99
2.01
1.01
17.63
5.48
2.05
3.54
7.54
13.63
14.66
2.01
2.02
2.49
1.00
3.04
8.69
3.54
6.05
3.57
6.61
10.06
7.58
4.02
6.04
2.00
2.53
1.00
1.01
1.50
8.05
7.05
2.59
4.55
3.99
3.10
2.53
9.16
3.54
5.48
1.48
5.54
8.09
6.04
1.56
1.48
7.08
13.15
4.07
7.57
3.54
9.56
6.17
4.02
5.05
4.45
3.07
4.09
9.57
22.76
19.25
4.49
4.02
1.49
7.59
7.57
6.61
5.05
5.09
2.01
7.07
3.10
26.81
2.96
5.49
17.64
13.60
3.04
8.08
16.73
29.29
1.05
12.62
11.09
5.06
1.49
3.02
3.56
8.11
18.17
2.51
7.07
2.01
1.54
8.08
2.51
12.60
2.51
5.60
10.10
1.50
1.49
6.12
1.00
6.04
4.07
9.09
2.54
2.54
19.17
9.65
4.04
1.02
3.47
4.09
2.57
7.60
4.47
4.53
1.01
6.51
4.06
4.55
8.09
2.05
1.50
3.53
7.58
10.57
2.04
10.12
2.10
11.61
4.47
7.08
16.64
8.09
5.06
8.04
11.13
11.10
18.70
3.04
2.00
11.64
1.48
13.10
9.05
2.06
19.70
2.01
4.52
10.63
2.55
18.68
23.21
4.57
1.03
1.00
2.98
5.07
9.63
32.84
6.03
10.61
6.57
5.09
12.68
18.73
2.53
11.59
1.00
12.15
17.12
2.53
18.21
9.06
5.04
18.14
4.11
2.46
7.58
10.13
5.56
8.54
11.59
3.01
2.52
4.66
1.55
14.64
3.44
1.50
5.60
10.58
11.72
6.11
13.63
14.14
10.12
6.54
2.01
22.65
3.51
8.58
13.72
0.93
5.06
2.03
2.04
3.51
22.32
2.56
2.46
3.45
9.13
4.06
7.56
14.67
0.96
7.58
6.08
28.37
5.01
1.00
4.50
13.69
2.02
5.07
9.60
10.52
5.58
4.06
9.10
1.01
7.55
1.52
2.05
2.52
19.79
11.63
2.01
12.05
19.69
9.62
4.01
2.55
6.03
2.99
2.01
3.03
1.01
8.60
39.90
20.70
6.50
2.02
5.08
0.98
3.03
3.52
3.06
2.52
5.54
2.04
2.04
2.04
5.02
6.03
21.71
4.58
8.59
2.50
2.51
2.54
7.59
7.63
3.54
3.51
4.52
1.54
5.57
1.01
4.05
17.15
2.02
1.51
6.64
1.49
11.14
2.51
2.57
5.56
20.20
12.05
1.00
13.63
5.59
12.11
4.62
5.63
2.05
0.96
4.50
6.59
4.53
2.50
11.55
6.62
1.03
12.64
2.96
3.55
15.68
2.52
2.54
1.01
9.11
3.56
2.00
5.06
6.60
2.53
14.18
10.56
2.51
2.50
3.51
16.11
4.56
2.03
3.01
3.07
7.57
3.55
1.51
3.04
16.19
4.55
5.02
22.69
1.00
2.01
2.03
3.50
25.68
11.12
3.03
2.00
9.60
34.32
2.55
3.56
0.98
9.07
1.00
3.03
5.52
2.01
1.00
7.07
1.02
16.15
2.50
22.23
16.12
5.05
7.57
9.10
2.04
12.08
3.04
11.08
12.18
4.54
7.09
3.03
2.55
15.67
6.07
3.54
4.09
6.02
11.18
4.50
7.60
18.68
4.50
9.19
5.07
1.46
1.49
2.98
1.05
12.09
6.08
2.51
14.66
11.17
5.05
12.63
2.05
2.99
0.99
1.04
0.99
7.53
6.58
6.58
7.54
13.09
9.07
10.62
15.14
4.56
1.59
7.08
6.50
3.53
10.15
23.23
4.55
7.07
4.52
14.67
2.53
2.02
5.07
2.52
22.31
0.99
7.57
31.84
2.05
21.75
3.97
15.17
3.57
1.55
1.98
3.51
6.11
6.01
18.66
7.10
5.60
11.09
2.49
5.16
2.58
1.40
2.00
0.99
1.60
8.55
19.64
16.22
2.05
5.02
6.07
8.04
7.59
2.04
3.52
2.50
13.17
2.02
7.06
15.14
3.54
1.53
3.53
4.56
1.51
6.57
4.53
3.53
4.56
1.06
7.64
2.47
17.67
5.57
5.55
16.64
10.11
2.00
3.52
1.05
3.02
5.58
8.12
1.03
6.57
6.58
2.00
7.05
7.57
4.54
3.54
20.22
2.05
11.14
8.56
9.59
3.57
5.07
5.09
2.48
2.98
17.73
4.56
1.02
1.06
3.51
10.05
4.54
0.97
3.52
1.53
10.15
9.08
17.67
6.09
1.52
5.58
4.01
1.51
1.54
17.70
1.98
4.54
2.01
20.64
3.57
1.49
2.03
10.59
0.99
1.55
4.54
7.03
5.11
5.58
22.73
2.50
3.56
3.02
9.58
16.10
2.05
1.03
6.07
4.05
2.00
2.52
2.51
16.24
1.99
11.61
8.08
3.54
4.09
7.55
6.53
1.99
32.31
6.59
1.50
8.07
8.19
19.20
13.17
1.54
14.00
1.07
14.62
1.49
3.03
1.52
7.57
6.07
4.54
2.55
6.04
4.53
5.10
14.12
2.02
3.53
7.08
5.02
18.12
1.01
6.57
15.70
3.53
4.54
4.54
4.58
0.98
4.00
4.03
3.56
2.51
1.50
17.21
5.56
8.57
11.12
4.04
18.16
2.53
1.03
8.58
10.11
6.09
11.61
0.99
27.32
4.05
16.13
5.04
6.08
8.60
4.08
8.10
1.50
8.56
13.20
1.58
4.07
0.96
2.51
4.48
5.51
2.07
1.50
5.56
3.05
2.53
12.10
0.99
5.06
16.63
6.61
3.02
7.59
6.06
3.04
3.03
19.19
1.02
7.07
3.01
13.73
10.63
4.05
1.01
8.01
6.07
1.51
10.60
2.53
6.12
1.05
5.52
2.48
1.01
8.59
14.15
6.03
4.49
15.63
2.01
1.55
1.01
11.14
4.02
10.12
4.55
6.09
6.03
3.53
8.66
9.01
19.64
1.00
19.23
8.13
1.95
1.53
8.57
1.01
4.52
5.53
11.05
3.59
3.54
12.14
6.56
3.51
5.09
24.85
7.05
2.03
1.01
7.05
1.50
3.15
0.90
10.70
25.74
11.63
11.14
14.64
10.08
2.01
1.04
9.58
9.07
12.55
1.01
3.02
1.07
4.51
9.17
3.56
1.07
2.98
1.00
3.03
3.00
23.24
15.06
1.52
6.10
2.51
6.08
1.01
7.57
4.04
4.06
6.65
2.00
5.09
14.09
1.01
4.01
15.54
9.58
7.58
12.11
3.62
9.58
1.01
9.51
5.09
10.09
6.04
8.10
8.59
46.51
3.07
18.12
5.56
9.53
1.00
17.69
9.58
11.22
1.42
8.13
10.67
11.58
1.03
5.08
30.26
1.48
1.50
15.12
7.60
7.57
7.09
7.06
8.09
3.55
11.14
1.02
13.59
11.65
8.60
2.03
1.01
22.81
4.09
1.97
0.98
14.57
4.55
6.07
1.00
3.53
3.57
6.60
1.55
1.44
3.01
12.66
2.51
3.03
10.10
2.52
1.52
2.02
7.57
7.59
3.54
16.63
10.11
1.49
12.15
4.57
2.03
21.78
4.58
8.07
10.15
5.02
1.01
1.57
4.45
17.70
21.71
8.12
3.04
3.03
3.56
23.75
1.99
3.63
36.41
11.59
4.10
11.12
4.08
25.80
6.54
1.03
4.03
4.60
3.56
0.98
16.62
8.56
2.50
12.08
3.63
10.05
7.05
5.96
4.13
0.94
1.49
9.62
10.13
3.55
7.60
2.55
5.57
6.56
7.55
9.12
4.09
19.68
13.70
7.06
11.56
8.62
9.60
3.57
5.04
14.16
5.51
1.02
2.51
9.06
5.04
1.02
1.51
7.09
1.55
10.09
9.58
10.63
25.25
10.62
9.09
23.25
6.07
8.58
2.05
0.97
2.52
5.57
9.12
10.13
27.30
7.08
18.21
4.53
7.56
1.50
4.03
6.60
6.56
0.97
7.12
11.64
3.54
13.62
21.25
0.98
2.55
1.53
6.58
4.99
18.74
3.53
8.57
3.56
14.08
15.13
3.56
2.54
3.05
2.06
3.00
3.99
1.01
8.10
26.76
2.02
10.61
7.07
4.07
8.65
3.50
7.57
2.47
5.60
8.10
4.00
9.06
4.07
1.52
0.99
18.21
3.52
6.62
6.54
5.05
3.57
6.11
1.98
5.50
4.53
11.09
1.01
3.53
3.05
2.55
1.00
4.02
3.51
3.03
9.68
4.08
6.09
1.48
3.54
8.00
2.50
8.12
3.55
5.08
1.00
11.63
2.57
2.48
8.10
18.63
10.09
10.19
10.07
4.55
6.51
5.61
6.04
3.03
5.56
7.59
6.07
3.03
2.03
11.09
2.01
2.02
2.54
1.04
16.09
2.55
2.00
11.63
16.66
11.12
13.67
4.56
1.47
2.04
2.01
12.16
6.55
6.05
1.54
3.57
4.50
10.53
1.56
4.57
4.00
3.99
1.51
17.20
5.08
4.01
5.04
2.02
5.09
6.55
15.10
3.05
4.57
5.55
2.02
4.05
20.16
3.07
1.04
8.11
6.56
5.02
2.50
25.75
3.11
4.58
7.02
12.61
6.12
0.98
19.66
7.07
1.51
2.04
2.52
21.20
5.59
9.13
4.03
8.64
2.01
1.01
2.03
4.07
6.02
13.12
2.01
4.02
7.57
4.05
26.71
6.11
1.46
11.64
19.26
4.05
2.98
6.55
10.09
9.15
8.11
2.52
0.99
11.58
1.02
13.13
5.62
6.05
6.06
12.64
1.53
17.68
3.52
12.14
6.07
1.04
3.49
5.07
1.00
1.99
7.04
15.65
1.02
10.17
3.51
0.99
11.67
6.57
5.00
1.04
3.12
12.26
0.93
6.04
5.55
2.52
2.03
16.14
6.54
10.08
0.98
1.01
1.02
1.55
2.03
1.03
7.05
2.02
11.64
2.08
3.50
1.97
13.62
9.10
9.09
5.08
19.67
6.10
13.71
3.50
16.20
4.50
3.59
3.52
1.00
7.57
4.99
3.09
6.59
10.13
7.55
8.56
4.06
4.61
12.68
3.04
21.76
9.06
1.53
6.58
0.99
11.60
1.01
3.57
2.56
1.52
23.70
1.50
1.49
4.01
1.52
0.99
1.02
8.11
1.47
15.67
2.60
3.98
10.12
20.72
0.99
5.59
3.02
3.04
6.58
11.59
1.02
9.61
1.04
10.67
2.00
3.49
4.12
3.58
9.62
8.62
12.07
3.02
0.98
3.02
4.07
6.61
22.72
2.49
7.11
13.59
3.00
9.13
4.54
5.55
3.02
1.55
9.58
3.01
4.05
9.53
3.05
32.83
1.49
2.52
15.65
16.69
6.62
7.07
1.03
2.48
5.52
16.23
13.11
4.09
19.67
31.36
10.55
6.06
10.63
6.58
2.54
6.60
12.20
16.14
3.57
15.62
4.02
2.59
4.01
17.14
3.53
1.53
8.05
23.72
6.57
11.59
28.82
8.11
4.07
2.47
12.10
4.99
5.08
1.48
1.50
11.64
5.04
1.99
4.03
7.14
1.45
19.23
5.06
3.53
5.58
6.59
0.99
11.09
6.03
2.07
19.71
1.51
10.10
9.55
9.57
6.04
10.13
10.09
7.58
5.05
9.64
2.54
16.66
20.73
4.00
9.59
16.68
3.05
0.94
6.59
5.55
2.03
2.01
11.69
1.52
1.46
4.05
5.06
10.65
2.50
1.02
2.52
2.51
2.02
2.04
9.61
2.54
1.96
1.02
2.04
1.03
17.17
13.59
11.08
1.04
1.48
7.62
4.51
20.66
8.63
2.49
8.07
6.58
13.14
1.04
3.52
6.59
8.59
6.07
5.55
14.69
4.49
2.50
3.53
9.08
2.52
2.03
18.21
2.56
15.15
1.00
4.02
5.57
21.24
2.04
5.07
1.49
2.14
4.55
8.63
5.08
11.56
3.11
2.94
4.53
19.61
8.61
27.30
1.00
7.57
14.13
4.55
2.01
5.07
2.99
5.04
1.04
5.51
10.59
3.00
6.56
11.10
1.01
1.52
6.11
1.49
7.07
14.69
3.00
7.15
9.56
3.44
2.54
1.52
7.62
3.53
3.04
2.00
2.02
7.04
8.66
6.08
4.05
6.01
17.19
3.53
1.50
8.61
1.51
10.10
11.61
10.19
0.99
11.09
6.05
19.72
6.09
1.98
1.08
3.51
1.49
3.58
1.47
10.10
7.59
14.15
2.01
1.00
1.52
5.55
6.06
6.58
10.53
21.22
6.09
9.65
6.05
11.08
11.09
18.69
8.60
10.62
12.12
4.01
7.09
6.54
36.36
24.30
1.52
7.09
10.14
29.74
3.54
2.03
7.04
2.51
6.08
9.58
31.83
2.53
5.55
3.59
13.08
9.13
6.56
7.08
15.69
0.99
10.11
10.58
3.06
3.01
4.06
4.56
2.53
4.15
5.04
4.93
12.17
8.56
1.99
8.53
2.03
14.21
2.00
11.15
5.53
2.02
13.06
8.56
6.59
1.48
26.76
1.01
7.57
2.05
2.56
4.53
17.18
2.01
0.97
6.52
1.05
0.97
2.05
4.55
3.59
3.10
3.46
15.14
4.06
8.11
7.52
16.56
7.11
10.14
11.19
4.06
7.06
3.50
3.54
15.66
11.11
1.56
1.49
8.62
7.61
3.01
2.52
5.50
4.53
7.07
5.58
3.03
1.50
14.12
17.76
3.05
1.53
11.62
12.69
4.57
7.58
4.99
6.05
8.55
7.04
1.50
8.10
17.24
6.53
3.57
9.07
2.09
11.04
5.03
6.55
0.99
1.57
1.99
2.48
1.08
2.95
2.01
10.14
3.62
1.45
20.19
2.58
0.94
5.56
7.60
35.36
24.79
32.81
12.11
5.05
2.03
4.05
3.02
2.52
2.55
11.13
2.53
2.52
11.14
5.60
1.46
3.07
4.04
6.57
17.15
1.54
3.04
15.66
1.02
14.73
12.13
4.52
7.07
11.69
11.63
10.61
5.56
4.52
41.46
10.57
30.77
11.06
4.08
2.52
2.04
5.53
12.58
11.15
2.03
1.57
3.03
3.01
8.06
22.20
2.02
13.67
2.10
9.60
4.57
0.97
9.49
20.22
6.55
13.12
1.01
4.09
1.45
19.71
3.60
2.05
6.04
6.11
17.23
4.49
10.62
14.17
13.70
14.64
8.05
4.52
2.02
18.64
5.08
2.55
14.19
2.48
2.49
6.05
6.56
18.64
18.67
5.58
1.05
2.54
2.45
7.09
8.56
8.66
8.08
2.53
1.53
1.50
4.50
4.98
2.01
3.01
3.54
9.64
1.54
12.11
5.58
13.14
10.58
2.52
8.10
3.04
3.50
6.09
3.05
14.18
11.11
1.01
10.56
5.56
11.68
4.53
10.58
36.38
5.05
17.28
2.54
13.64
6.53
1.08
1.49
7.56
2.03
1.56
4.06
5.56
6.59
19.10
16.18
5.52
7.05
3.58
13.63
10.15
5.03
1.01
9.04
2.03
2.53
16.16
24.69
10.62
2.99
20.18
2.51
2.01
10.16
4.53
1.00
9.59
6.05
3.05
3.02
10.71
2.00
7.08
4.13
7.05
5.44
6.57
10.08
32.79
3.04
8.13
3.49
28.83
5.55
3.56
1.99
3.06
1.00
17.11
3.61
9.03
14.15
3.55
6.55
27.29
12.63
7.04
3.54
19.24
7.12
1.49
2.49
3.03
2.57
2.05
1.50
1.97
17.15
6.56
3.03
4.52
9.13
3.53
21.66
4.06
9.13
19.20
0.97
10.11
3.02
3.56
19.72
2.00
25.77
5.51
1.02
2.50
4.09
2.14
3.55
4.59
9.03
9.53
1.49
5.51
2.05
6.57
2.52
6.06
3.55
9.60
1.51
11.13
11.59
9.12
3.48
11.12
8.56
3.05
4.03
10.60
2.53
2.56
1.51
19.18
2.52
16.68
3.06
7.12
8.58
1.97
15.17
17.20
19.26
7.02
2.46
5.02
4.07
5.06
1.07
0.96
8.07
2.54
21.29
25.72
7.49
1.00
3.05
4.03
18.26
8.62
2.54
5.57
7.56
9.55
1.52
9.61
1.03
1.47
17.73
9.08
37.34
8.53
6.05
10.61
15.67
4.54
2.04
1.48
2.03
17.71
3.08
10.60
1.49
4.01
4.57
6.56
3.99
2.57
15.68
11.07
6.09
9.55
1.99
14.08
1.56
2.55
2.53
4.01
4.50
4.54
2.60
1.57
5.59
3.98
3.09
1.94
2.01
14.14
17.15
4.02
5.12
12.14
3.47
16.67
19.28
17.23
5.52
10.10
2.54
9.57
1.48
1.02
2.01
1.09
10.19
4.98
8.00
17.12
5.06
3.00
6.62
10.13
7.08
13.12
3.53
13.58
1.53
1.55
8.10
5.04
4.51
7.11
5.08
3.03
1.97
4.46
2.52
12.11
12.18
14.62
7.06
1.00
5.04
1.00
5.13
2.58
0.96
5.57
7.55
7.14
14.65
0.98
1.55
30.33
1.50
3.00
1.02
15.70
28.81
8.51
26.21
4.59
1.01
1.98
7.05
4.03
6.59
27.82
1.55
4.06
15.19
5.11
9.57
5.61
3.46
2.00
5.06
4.11
1.95
2.51
16.66
5.61
14.72
3.61
5.00
1.55
9.05
3.50
2.50
7.61
22.22
4.53
7.58
1.52
14.60
1.50
3.57
9.60
7.55
7.55
7.09
4.59
9.60
1.03
8.06
6.58
4.09
0.97
1.02
4.02
9.59
34.37
1.51
14.64
1.00
3.02
10.61
7.58
21.26
7.06
16.17
1.03
6.07
4.02
12.66
2.00
14.65
6.13
1.56
0.99
12.68
2.49
1.50
11.54
2.53
1.04
10.14
6.01
7.02
1.54
1.05
3.52
23.21
2.50
3.05
3.00
1.00
1.03
2.06
4.57
5.50
8.56
4.55
1.50
12.09
4.02
3.56
3.52
4.57
3.00
8.59
9.12
20.20
4.54
15.13
2.08
4.06
22.76
2.06
6.05
8.08
1.49
6.03
13.61
14.63
3.04
11.70
7.06
30.75
1.96
3.04
5.60
6.10
2.51
2.53
1.52
1.01
17.66
13.08
3.56
12.60
9.60
7.06
1.00
5.03
4.58
19.19
4.56
3.54
2.03
2.51
7.57
11.61
10.57
1.11
3.53
1.04
4.59
2.07
1.48
5.07
1.54
4.05
2.00
14.62
4.48
9.10
4.55
4.01
1.52
1.04
4.04
18.79
6.52
4.97
6.04
1.04
4.06
6.10
7.04
10.60
3.07
10.60
5.55
15.16
6.05
11.55
12.60
1.06
5.06
1.96
5.13
11.64
12.16
5.59
8.51
1.97
2.53
6.08
5.07
3.54
8.63
1.01
3.02
1.50
3.07
6.07
3.51
8.56
2.02
2.04
3.04
3.53
3.02
7.10
14.69
4.00
4.06
15.14
4.06
7.05
5.09
15.64
2.51
1.02
15.65
5.09
15.69
2.52
1.49
8.07
2.57
6.09
21.21
7.04
6.05
21.31
12.15
2.49
1.52
14.14
2.51
6.54
3.53
12.56
1.01
5.57
7.05
3.57
11.10
5.48
5.09
4.04
15.74
9.11
5.49
4.11
1.46
14.65
0.99
3.03
4.06
1.50
2.51
18.19
2.56
12.59
2.57
16.64
5.99
12.10
2.08
2.01
1.98
6.56
4.03
4.60
4.05
2.47
1.01
9.11
3.05
3.07
1.47
2.53
4.49
3.03
11.64
1.99
7.04
3.07
1.03
1.96
17.17
7.57
3.06
1.07
3.54
3.52
2.98
4.62
5.04
0.99
2.54
2.55
12.59
9.11
15.18
1.49
4.04
3.55
35.87
9.52
5.50
5.10
0.98
5.06
8.62
17.15
25.24
15.15
2.52
9.04
2.54
5.07
5.05
6.59
15.13
2.04
9.06
2.51
7.55
4.06
3.58
7.56
5.05
6.54
4.02
2.03
4.55
8.64
2.47
15.15
14.67
6.06
3.04
5.64
2.51
8.11
3.48
7.05
2.50
2.01
3.08
1.99
4.53
2.53
11.69
4.56
1.98
2.03
1.02
12.13
4.55
8.55
3.60
8.09
6.06
1.51
5.03
3.01
5.04
7.10
6.07
3.02
10.11
2.55
19.73
8.05
1.53
12.11
2.05
0.99
20.71
4.06
2.58
5.51
16.71
4.02
7.07
15.72
1.05
5.53
18.19
5.04
39.97
0.99
1.00
9.60
4.03
7.56
5.04
4.56
2.59
2.02
2.50
19.73
6.03
1.53
9.52
9.06
5.58
4.55
1.52
24.71
1.53
6.61
0.97
13.70
6.56
5.56
3.56
5.04
9.02
6.12
2.95
13.13
2.58
10.65
5.02
6.04
2.00
1.55
0.99
8.18
1.99
0.98
13.12
25.37
13.13
19.23
13.06
1.13
2.44
6.02
11.12
11.57
1.51
12.70
19.74
3.48
1.51
2.48
1.04
13.12
3.54
5.03
2.51
6.56
2.08
4.55
3.01
2.01
1.54
11.11
1.98
9.07
9.09
16.62
3.09
31.25
9.08
6.54
1.48
6.04
3.57
3.53
2.55
10.62
4.08
1.49
4.53
7.03
4.52
5.09
1.47
3.54
8.08
30.78
19.27
7.62
2.00
2.51
1.01
1.01
1.56
12.08
16.72
5.01
5.06
5.07
7.51
4.55
4.54
4.52
7.12
10.11
11.17
2.60
6.01
2.49
13.14
3.09
1.49
41.98
7.05
5.07
7.55
1.01
1.55
16.64
3.03
17.65
6.07
2.58
26.30
1.49
3.49
3.02
10.59
5.56
2.02
13.68
4.53
13.64
8.49
9.58
3.52
6.12
3.09
3.56
1.00
2.98
1.53
2.50
3.00
9.08
2.51
6.07
1.02
3.01
4.57
16.68
9.08
1.01
3.51
8.05
5.57
4.06
7.62
5.56
6.14
1.00
18.72
4.55
25.22
5.60
15.66
3.53
12.08
17.69
5.55
1.01
3.55
7.11
4.00
13.66
3.04
6.00
6.63
4.97
11.59
17.21
5.10
3.49
2.02
15.66
7.55
1.01
3.03
5.10
11.11
27.71
5.04
2.01
12.57
7.59
1.99
1.03
5.05
6.03
4.02
18.66
7.59
3.62
2.51
6.59
16.78
16.15
10.57
4.03
6.47
4.07
2.54
5.07
7.14
2.96
17.68
15.15
1.04
9.58
1.04
1.99
4.06
4.04
6.52
7.56
4.53
9.11
7.58
1.52
2.53
6.09
5.54
16.16
2.00
15.15
2.55
14.70
5.54
8.57
4.07
1.98
5.56
1.07
8.63
7.04
11.13
15.09
10.11
5.54
6.53
3.59
1.00
13.69
1.97
13.12
2.03
5.12
2.52
14.12
2.03
5.04
1.48
11.12
1.53
7.03
4.03
6.66
1.44
3.54
2.02
15.15
6.03
2.04
6.06
2.00
2.03
1.01
7.57
2.02
2.61
23.79
20.67
4.48
3.02
1.06
43.45
14.14
7.60
17.71
6.57
9.63
22.76
8.07
2.08
8.10
1.98
18.14
15.12
14.23
2.00
5.02
12.07
2.00
6.12
0.95
21.67
4.04
2.03
25.32
5.54
5.54
2.52
2.02
3.60
3.56
4.56
7.09
6.59
0.96
2.07
10.09
2.05
7.58
6.60
16.60
12.11
3.54
8.04
16.12
6.59
11.13
3.02
3.05
7.56
1.53
1.01
2.48
10.65
6.09
24.28
4.51
3.06
2.49
9.64
6.09
7.09
13.07
1.59
6.12
2.46
27.30
1.00
6.58
2.05
15.17
9.63
4.03
7.04
5.56
1.52
2.51
14.60
3.04
7.59
14.12
6.54
9.22
17.72
7.50
13.62
4.04
2.53
7.64
0.94
10.58
14.10
10.07
12.19
5.02
2.08
7.60
1.47
13.68
1.00
1.03
11.55
6.03
13.17
5.06
5.52
2.54
9.57
1.49
1.00
8.59
11.11
4.58
4.53
7.03
2.09
5.50
4.56
5.07
19.21
4.57
4.04
30.31
9.07
4.55
6.07
3.05
1.01
7.55
5.07
5.63
19.32
1.93
2.47
2.59
6.58
2.54
1.96
1.02
9.60
2.02
3.03
12.09
4.60
8.57
10.62
4.04
7.00
10.11
4.01
1.04
9.58
3.53
12.62
6.06
4.54
1.56
4.58
22.25
5.52
7.59
3.03
8.62
8.10
1.50
5.53
5.53
2.54
24.67
7.06
17.17
6.54
3.63
13.65
11.64
3.60
5.54
8.52
9.60
8.08
9.07
4.08
3.59
2.49
5.50
11.07
1.04
2.03
6.08
2.51
3.00
0.99
6.59
2.62
4.53
14.23
7.55
2.47
13.09
15.68
2.45
6.11
4.07
3.01
27.30
0.98
3.56
3.53
9.56
4.05
5.53
1.05
2.08
1.46
3.54
5.68
8.15
3.44
4.45
3.53
5.08
15.18
4.55
1.50
7.54
2.04
12.09
13.65
14.61
23.70
3.05
3.54
11.61
3.52
1.48
1.12
22.73
9.64
6.06
8.07
16.10
5.07
2.51
8.12
14.67
9.05
5.60
18.67
10.14
8.55
19.71
4.50
19.17
1.52
2.51
4.10
9.09
5.02
14.65
2.51
22.28
37.42
2.54
1.97
2.03
4.08
6.61
6.58
12.71
2.51
3.95
4.58
4.04
4.54
4.03
2.05
13.15
5.07
19.69
32.81
3.05
1.05
6.55
11.16
7.58
2.46
13.68
25.70
4.48
21.73
9.07
8.61
18.23
3.07
1.56
36.39
24.29
6.49
5.07
4.57
2.50
3.50
1.56
2.47
4.11
2.97
2.56
21.27
30.35
4.00
2.04
13.62
3.53
2.07
7.10
4.48
2.11
2.98
4.96
18.21
1.06
2.54
2.03
12.63
8.05
3.54
1.50
13.06
7.60
10.11
6.03
3.04
12.67
7.55
6.09
7.08
1.50
1.05
1.97
8.60
6.10
18.18
1.01
5.52
4.57
6.61
1.06
6.05
5.53
8.03
12.62
1.00
5.05
19.14
1.07
19.19
4.59
7.07
12.55
14.64
4.55
5.08
19.76
7.50
3.02
6.04
24.70
2.56
47.52
9.10
8.06
4.10
2.05
3.00
5.06
3.97
3.58
5.57
15.72
3.01
2.05
4.03
1.05
22.78
1.99
1.50
24.24
5.03
1.02
2.55
3.01
11.14
9.61
4.60
7.09
20.22
7.09
5.16
2.02
1.49
4.95
7.07
5.57
15.14
4.04
5.56
11.18
1.51
1.48
5.54
4.54
1.56
26.33
2.01
5.01
1.54
21.72
5.05
14.66
2.53
15.63
2.02
5.57
6.59
11.62
8.61
1.53
4.66
10.74
0.96
5.05
0.99
2.00
23.32
5.05
13.07
5.05
5.08
4.04
2.52
5.49
2.55
7.04
1.01
6.56
4.59
2.48
2.53
27.70
5.08
29.76
2.49
1.01
0.99
11.68
14.11
8.60
3.96
2.03
6.63
0.99
5.59
8.58
3.05
6.08
10.09
13.66
2.05
4.08
14.17
3.99
5.52
14.14
2.03
1.53
1.06
12.12
4.54
1.48
4.03
10.12
4.55
4.57
4.54
16.13
0.97
1.99
2.03
3.05
4.57
5.54
3.51
4.07
17.16
4.09
0.94
14.63
1.55
15.14
1.58
9.58
7.57
2.95
6.08
13.15
3.00
5.09
22.67
6.54
9.56
8.61
3.54
1.09
0.97
3.01
7.10
18.67
9.57
3.53
13.70
0.93
19.22
1.05
1.99
1.48
9.12
7.08
5.55
21.67
2.52
1.04
6.53
12.16
3.54
6.58
3.46
8.59
9.13
11.12
14.20
19.17
9.09
7.55
5.55
2.01
1.52
5.56
9.64
1.10
13.65
16.64
18.58
1.01
14.67
1.52
7.60
3.52
20.73
17.20
11.10
6.07
6.04
3.59
4.59
11.07
7.59
5.61
5.51
5.57
10.14
30.34
12.05
7.10
12.54
16.73
18.73
4.55
0.99
1.99
4.00
4.61
5.11
6.13
6.58
0.95
12.66
7.56
18.71
21.72
6.56
4.05
2.04
11.16
32.81
1.09
16.14
13.04
10.64
2.59
1.51
23.70
5.52
1.55
5.07
1.49
2.02
4.53
3.55
2.52
8.60
21.69
5.05
5.55
5.04
17.16
5.57
10.11
1.52
4.54
9.65
6.07
12.66
13.17
4.10
7.56
14.68
10.08
2.02
1.03
3.54
14.62
32.31
2.02
23.79
9.18
0.92
3.03
13.05
4.03
4.04
2.54
28.80
5.56
1.04
1.00
3.51
3.60
5.49
6.12
5.58
4.51
1.47
10.13
2.46
1.00
13.16
10.61
3.53
8.58
19.73
3.60
6.53
5.54
19.69
21.79
6.55
4.09
2.02
4.04
5.06
4.01
3.01
3.06
21.22
13.72
3.06
19.67
4.42
1.52
11.14
24.73
23.24
12.11
2.08
1.10
3.00
6.99
1.04
15.13
3.55
16.73
11.62
5.57
0.99
5.01
2.04
11.12
8.61
2.48
1.02
1.51
9.09
3.49
5.07
4.06
18.29
11.58
8.60
4.97
5.05
4.11
2.53
9.06
3.57
6.52
7.05
2.52
2.05
2.03
1.50
2.51
2.50
1.05
1.02
1.47
4.55
0.99
6.57
5.08
19.65
11.14
8.58
4.55
9.10
11.62
0.99
10.58
7.68
19.76
14.64
1.02
7.96
1.01
12.07
5.58
14.18
0.98
13.66
7.55
7.55
9.63
7.11
3.58
10.68
4.02
2.54
3.58
13.16
8.56
26.24
4.07
20.63
5.53
7.08
16.70
8.61
1.95
4.04
2.61
4.96
18.18
12.10
4.59
39.45
2.52
1.05
3.51
13.61
14.13
1.02
3.56
1.03
1.50
10.65
4.01
3.57
13.60
3.51
5.56
14.16
2.55
2.06
6.59
3.54
3.56
1.99
16.16
13.11
2.06
13.16
7.06
12.12
2.50
2.05
2.02
5.03
17.13
5.08
3.06
14.66
9.17
1.96
12.58
8.08
2.05
2.05
11.61
31.80
3.52
2.04
23.81
0.93
10.04
1.54
4.55
16.18
3.98
1.03
6.06
11.62
6.61
7.13
3.06
6.04
6.04
4.51
4.56
2.04
1.01
4.02
2.52
5.60
26.21
1.00
4.04
31.86
2.55
15.66
2.56
14.22
10.06
1.03
1.99
3.54
10.05
13.11
7.58
2.53
10.62
2.52
10.12
1.48
4.04
3.55
2.54
8.12
3.52
1.02
10.08
4.53
1.01
1.01
2.01
15.63
6.07
9.09
10.61
5.12
0.95
7.06
11.09
4.11
27.27
6.53
4.53
0.98
6.69
2.02
4.52
2.07
3.01
7.08
4.05
1.07
12.52
1.00
3.47
5.62
2.43
5.06
8.08
14.15
9.11
12.14
22.70
4.01
9.07
3.02
4.51
3.57
10.58
2.53
4.01
5.07
2.02
3.57
4.62
1.94
9.60
9.62
7.08
6.01
4.48
4.02
6.08
2.01
14.64
17.21
13.18
3.46
7.60
11.13
2.03
15.19
5.04
2.54
6.07
4.56
1.00
4.54
12.12
10.65
12.62
19.25
9.02
6.57
2.96
31.32
10.12
1.01
4.53
2.51
4.05
26.75
16.63
19.72
4.54
1.00
1.06
1.95
7.60
2.06
16.24
15.12
12.62
1.52
18.19
2.02
2.03
3.56
2.49
1.02
2.06
7.64
8.11
4.51
2.01
15.14
12.65
12.18
1.51
2.01
2.50
6.05
7.04
1.99
6.06
6.60
2.99
4.09
8.09
2.55
2.51
8.08
8.06
2.51
9.63
10.12
7.07
1.07
5.53
2.04
2.56
1.04
10.54
18.63
5.59
0.90
2.05
7.08
5.04
16.70
9.06
1.56
4.07
12.13
3.53
6.57
8.11
7.06
7.03
21.23
4.06
1.55
7.06
5.02
29.94
17.66
28.76
2.53
4.65
4.53
1.50
4.48
3.55
14.10
2.01
8.56
7.06
4.52
5.49
6.55
5.04
25.76
5.16
0.92
3.03
7.63
2.54
26.78
4.54
5.55
11.64
5.03
1.02
4.05
1.97
12.59
7.06
2.05
1.56
3.03
12.14
6.00
3.06
2.01
6.54
5.06
14.60
1.51
3.52
11.27
2.40
9.17
2.45
7.11
15.67
7.09
4.06
9.55
11.63
1.97
3.05
6.60
8.57
2.54
5.03
1.05
15.66
6.57
5.04
3.16
4.54
11.06
4.02
8.45
4.05
1.03
9.10
2.51
2.04
11.10
13.12
8.06
1.01
10.10
8.10
3.58
5.11
11.09
1.97
2.47
9.12
0.98
10.07
3.03
14.17
5.56
3.01
8.08
11.65
4.13
2.44
3.54
25.75
19.21
12.61
5.05
5.56
7.56
10.08
12.69
2.02
3.56
2.00
2.51
7.60
3.55
13.18
14.60
5.14
20.18
2.02
7.04
19.70
4.04
3.08
2.03
11.03
2.54
12.21
1.47
6.05
1.52
7.59
3.56
7.58
7.09
4.57
13.64
3.55
9.59
2.54
18.69
9.63
2.98
4.08
35.36
6.06
11.06
15.67
2.54
4.02
3.02
2.53
12.63
2.05
10.06
2.45
20.26
8.60
10.63
4.57
8.59
5.57
17.29
29.26
2.52
1.03
3.60
14.18
12.08
5.49
7.02
2.02
5.57
1.51
1.49
5.57
8.60
6.57
5.02
10.59
4.03
8.62
8.60
1.55
4.51
11.17
11.56
7.59
4.55
1.51
4.04
2.02
5.59
12.72
5.57
1.42
4.05
10.53
14.65
3.02
8.11
9.06
3.57
6.56
21.69
3.05
2.51
7.02
6.57
3.08
4.58
6.08
15.64
12.06
6.01
3.06
3.03
3.58
37.39
1.05
12.64
3.00
8.97
4.55
10.08
7.53
9.09
1.06
1.47
6.60
5.05
7.60
10.07
15.15
2.07
6.00
2.03
3.54
29.83
22.74
1.04
4.51
6.58
5.13
8.59
1.96
2.05
9.58
8.54
8.66
12.13
11.06
3.06
42.98
25.83
6.55
8.09
32.26
4.08
6.05
17.59
4.56
2.56
5.99
3.01
5.08
2.02
7.04
10.12
4.02
9.56
2.55
4.04
18.68
4.09
6.52
10.12
3.03
1.51
3.07
35.41
6.65
1.97
4.50
1.48
3.11
9.03
4.58
3.00
5.09
5.05
12.64
3.04
4.05
7.10
14.12
9.55
13.12
18.16
8.60
7.09
5.59
1.49
7.06
9.52
18.68
4.04
6.11
5.09
7.62
3.46
11.12
1.45
3.05
16.20
2.47
22.24
2.51
41.42
3.54
10.61
4.65
4.06
1.97
6.08
3.54
5.54
10.70
2.45
1.51
3.52
14.66
20.23
5.05
4.57
1.00
10.15
2.51
3.07
3.04
3.02
1.03
5.13
14.13
8.11
17.15
3.01
9.55
4.54
7.08
2.03
6.12
6.06
4.01
0.99
1.51
5.09
10.11
26.78
3.00
13.19
5.57
9.07
4.58
3.04
6.97
2.02
4.56
3.06
4.67
2.97
10.52
3.59
21.72
13.15
3.96
6.01
11.15
4.00
12.13
4.05
3.05
1.49
11.14
24.20
7.63
1.52
6.51
14.64
5.09
10.63
2.57
3.57
3.53
3.02
3.03
2.48
2.46
1.00
2.55
3.53
16.16
4.54
1.02
13.10
13.66
1.03
1.52
3.07
24.20
6.52
1.54
8.07
15.09
7.07
2.00
6.08
13.67
23.19
8.08
1.00
0.99
4.05
16.13
2.02
8.10
7.60
4.02
1.01
6.08
3.00
3.61
6.60
2.05
3.52
14.68
4.01
16.12
4.04
3.48
1.04
10.16
7.05
6.53
17.71
4.05
4.53
11.62
6.04
2.02
3.05
4.13
3.03
6.60
1.01
3.08
8.56
2.05
10.08
4.53
6.03
3.03
6.04
8.57
6.62
1.99
10.59
1.03
5.08
7.60
6.58
10.64
4.56
10.05
9.09
1.04
1.01
1.54
3.00
8.09
2.03
19.69
1.00
7.58
1.03
9.56
6.56
8.08
8.61
3.05
2.00
2.50
3.58
3.54
4.49
3.54
39.43
3.04
12.61
6.60
1.00
3.05
2.59
3.47
10.10
15.14
8.64
15.66
8.03
9.19
8.59
13.62
6.48
4.03
2.57
11.10
8.72
1.38
5.57
1.52
6.08
2.52
22.73
3.52
2.08
3.50
15.69
22.79
5.04
1.52
8.09
1.04
6.48
5.05
3.53
4.03
3.54
2.07
5.05
2.47
6.57
4.59
5.06
2.45
3.56
3.54
9.66
1.47
2.53
21.70
4.55
14.17
2.00
4.06
16.21
4.00
2.07
8.09
2.09
35.90
5.51
20.18
15.07
6.57
1.50
7.56
0.98
1.01
4.04
24.30
14.12
6.59
9.52
2.02
24.73
4.06
2.52
9.58
1.53
4.54
4.02
2.60
8.59
3.46
5.08
27.84
13.15
12.61
8.07
5.55
7.64
2.49
9.59
9.12
12.11
4.02
4.10
31.36
10.09
3.47
6.06
6.60
17.17
2.01
3.09
4.56
4.51
3.05
2.01
1.02
5.03
16.18
2.05
6.03
1.46
8.57
5.61
2.52
3.50
10.61
17.25
11.17
6.09
1.00
8.10
2.54
9.02
7.61
10.56
6.57
7.65
0.94
8.07
1.02
12.64
34.89
9.11
1.49
1.05
10.09
5.01
1.54
6.59
2.51
6.54
2.04
8.70
29.78
2.49
3.52
1.60
8.09
3.93
3.53
1.04
2.51
1.02
3.59
1.03
18.28
2.94
1.04
2.00
4.56
2.50
25.70
13.18
40.90
6.61
11.13
1.04
2.53
0.98
4.08
8.06
2.01
11.63
5.54
5.06
1.51
9.56
1.51
2.56
15.63
0.99
3.54
0.99
1.09
19.21
2.97
4.04
3.01
10.63
1.50
1.02
1.56
3.02
3.97
3.58
15.19
13.20
2.98
7.05
17.62
0.99
3.60
17.67
13.71
5.49
8.15
2.07
4.06
2.98
19.17
8.03
1.03
2.05
2.49
7.62
6.02
1.97
2.02
1.51
3.58
1.97
2.03
10.09
5.07
1.04
1.45
18.23
10.09
33.82
5.07
3.51
0.96
6.57
14.18
15.17
1.51
14.13
1.45
1.01
1.52
5.11
7.12
1.51
0.95
12.58
7.08
2.08
1.47
7.62
7.59
10.53
4.05
4.06
4.56
17.69
27.33
3.58
16.73
1.46
7.60
1.02
2.50
8.56
2.99
8.12
2.56
9.61
26.79
13.19
23.75
11.62
3.01
2.53
2.01
5.58
16.11
4.51
15.20
11.07
2.52
3.07
1.98
12.56
15.74
7.05
1.03
5.53
5.05
1.04
8.09
8.55
7.09
3.05
7.58
2.01
5.52
5.55
5.55
4.53
7.03
4.54
4.56
3.02
1.53
11.16
2.94
7.58
10.63
9.60
8.58
7.56
4.03
1.54
2.54
4.07
5.06
16.73
1.48
11.57
15.15
7.59
2.55
8.07
2.01
0.98
9.27
14.74
11.71
7.98
12.05
4.14
2.54
19.16
