2.26
13.46
25.26
24.89
9.11
5.53
7.24
11.73
6.46
13.72
2.12
3.56
3.04
3.50
2.11
3.91
1.54
7.61
4.47
6.09
7.80
6.18
14.25
3.52
3.61
12.01
2.99
1.55
4.06
18.10
11.52
3.45
2.50
3.55
3.51
4.58
2.02
9.00
4.51
5.56
6.17
8.16
2.06
4.75
4.99
3.49
2.09
2.61
10.19
5.96
2.49
2.49
5.42
2.52
6.06
7.55
4.55
9.08
4.05
10.07
29.17
5.54
13.70
29.35
9.12
2.45
12.61
2.06
5.49
4.54
3.52
6.06
6.11
7.64
6.56
6.03
3.48
2.48
3.02
2.01
4.08
5.07
2.50
26.38
7.72
9.19
2.02
4.71
1.49
5.97
6.51
4.43
12.02
8.56
3.57
8.06
10.61
2.06
5.71
10.63
4.42
2.52
16.17
16.11
8.10
4.00
8.08
6.62
6.06
4.53
2.57
6.06
10.60
6.07
8.07
5.55
6.08
2.02
2.53
4.03
18.60
3.05
8.57
7.12
8.15
17.23
10.67
2.06
2.48
5.01
2.45
3.54
2.50
2.53
6.06
5.02
12.05
1.52
5.59
1.56
7.12
2.43
6.57
10.10
3.08
1.53
4.58
2.57
5.02
5.04
12.12
2.65
2.61
11.60
4.98
5.98
9.56
2.54
2.52
5.58
2.53
4.56
4.03
4.53
6.54
6.58
7.58
5.55
6.05
11.59
7.59
9.14
21.23
2.50
7.58
3.52
2.01
6.04
2.54
18.20
3.49
2.53
11.10
1.48
10.10
2.51
16.17
4.53
11.15
5.07
1.50
5.14
7.09
1.48
15.19
6.03
11.65
7.18
10.12
8.51
9.61
2.03
4.02
10.47
2.06
4.03
1.69
1.41
3.52
9.62
5.54
5.62
2.46
9.09
6.14
2.65
2.72
3.02
2.93
9.95
7.49
7.45
3.50
31.29
5.60
10.07
11.19
15.60
2.99
2.57
3.55
3.98
10.61
4.54
4.55
3.56
21.17
3.03
2.00
7.10
5.08
5.67
5.54
5.99
2.50
2.54
15.70
19.13
5.03
2.05
2.08
1.62
1.41
8.62
2.04
2.49
3.49
2.57
14.71
5.02
8.06
15.62
2.51
7.52
2.03
5.63
2.02
3.51
10.11
9.11
1.59
17.20
6.59
6.58
3.47
2.97
5.55
4.49
7.57
5.09
8.72
4.05
1.47
3.89
3.04
4.01
13.66
2.05
5.06
24.78
3.62
4.58
2.46
13.15
3.00
4.55
9.52
4.05
7.05
6.08
10.21
6.02
2.92
2.55
8.04
11.12
2.53
9.10
3.59
10.65
6.07
4.45
2.00
16.19
8.06
6.61
7.09
4.51
8.08
2.02
2.03
3.53
4.56
25.28
2.56
6.06
7.17
1.91
8.56
6.03
16.15
6.58
3.02
8.61
10.59
13.13
10.07
12.65
4.01
19.19
11.20
15.65
9.58
6.53
4.02
8.02
2.28
4.58
7.11
2.49
5.82
15.20
3.55
1.47
7.05
1.52
5.59
5.08
3.52
2.00
2.03
4.04
6.63
6.12
11.24
1.52
2.98
7.45
8.03
2.07
12.22
1.42
2.52
5.03
4.05
2.01
14.10
2.98
3.02
4.02
13.68
10.59
8.60
3.46
1.58
3.48
4.03
5.08
5.08
3.02
4.04
2.51
3.54
24.23
3.06
4.54
3.00
1.50
5.58
4.16
28.83
6.56
4.45
3.06
1.47
2.00
9.09
8.71
11.15
16.16
11.10
3.48
4.06
13.04
8.62
13.11
10.14
5.19
3.65
1.46
8.61
1.50
1.57
2.07
7.03
8.66
2.92
5.09
3.09
10.13
8.07
14.56
1.51
6.91
9.49
4.08
10.09
5.58
1.55
4.01
4.03
2.52
10.68
5.58
15.11
7.04
3.03
7.45
2.53
8.56
3.53
9.09
12.14
8.54
3.59
6.07
18.70
26.22
11.11
4.01
4.08
3.03
4.48
7.07
2.01
4.07
7.10
2.49
17.16
3.52
3.55
8.05
14.20
4.04
4.11
16.68
3.61
4.56
1.49
2.99
4.04
4.56
2.01
5.53
4.07
5.07
2.58
1.99
6.49
3.00
4.57
12.08
9.56
5.59
5.56
6.03
6.03
2.56
6.02
1.55
8.60
1.48
2.08
5.52
6.60
3.55
6.59
12.15
2.01
13.12
3.56
2.49
4.99
3.97
5.02
5.58
8.10
8.11
8.13
14.15
11.12
5.54
1.49
9.11
2.53
10.11
8.55
2.54
10.16
1.52
1.51
10.61
4.02
7.57
1.50
2.03
5.53
6.06
6.08
9.57
2.52
11.10
7.08
11.61
22.23
7.61
2.02
3.03
8.14
5.56
5.51
11.60
10.16
2.02
1.98
15.70
10.62
5.60
4.51
2.07
9.60
1.49
15.16
9.10
2.09
2.50
5.56
4.51
3.57
17.65
4.58
19.69
10.54
3.01
3.49
6.12
1.49
6.05
7.14
6.03
3.49
6.57
2.02
14.70
20.70
2.50
12.10
5.60
2.08
3.65
1.98
7.63
8.03
14.15
4.03
2.03
2.57
10.61
18.17
4.05
1.47
6.06
10.56
26.82
2.04
3.59
3.56
3.04
5.09
6.03
9.05
2.01
23.26
16.11
1.99
12.11
3.59
1.50
8.08
8.08
8.08
1.50
5.03
1.52
3.51
15.64
7.56
15.63
7.09
2.50
18.76
2.01
16.14
16.67
8.08
3.57
3.97
4.54
2.03
1.57
7.09
12.08
1.54
3.01
7.57
9.05
1.56
1.49
8.10
2.54
11.13
12.66
5.11
3.01
2.03
5.55
9.05
6.04
1.52
17.16
15.17
13.14
10.09
8.06
5.51
4.07
21.68
8.57
5.11
11.64
11.11
3.52
10.11
2.01
2.52
8.07
9.61
10.58
2.03
9.64
10.62
1.48
2.52
5.06
3.05
4.06
19.15
16.64
6.03
2.02
2.49
4.05
4.06
5.56
18.69
7.09
13.12
1.57
3.51
5.03
2.52
8.06
7.62
3.02
7.06
1.52
15.15
2.05
5.00
5.07
1.50
3.04
1.50
7.59
9.09
6.58
5.61
8.58
1.53
17.16
4.56
1.49
13.64
2.06
12.20
9.62
3.55
5.56
2.01
6.51
5.03
4.05
1.52
9.07
3.07
5.61
3.01
3.01
8.60
12.12
3.55
3.02
9.07
13.09
2.57
4.54
2.55
1.50
11.62
11.11
6.06
8.07
1.51
4.07
2.98
14.17
9.12
13.12
8.60
3.53
6.49
1.54
7.58
3.60
6.62
8.52
10.60
10.56
2.00
15.24
4.09
3.08
2.67
2.02
1.42
3.49
3.50
3.58
3.14
1.46
3.70
5.74
1.47
4.46
9.00
6.48
15.09
6.55
4.05
4.59
1.96
3.01
2.04
26.66
12.65
16.17
26.33
2.57
8.57
1.51
21.72
12.18
3.53
8.06
2.05
6.03
19.21
19.67
5.53
9.55
11.14
8.10
10.65
1.48
4.04
6.09
9.09
2.55
8.61
13.64
7.59
5.03
14.71
1.54
1.98
1.99
2.49
4.00
3.55
3.50
4.53
5.58
1.53
3.55
15.16
6.07
1.52
4.03
5.58
19.73
2.44
2.04
15.69
2.04
5.55
9.14
1.99
2.03
4.07
2.47
10.11
7.09
5.11
7.57
3.53
2.05
18.68
9.59
4.51
8.12
4.07
6.56
2.05
6.04
1.51
16.10
2.50
5.57
2.06
2.53
16.73
10.63
1.96
16.65
3.60
6.56
14.59
19.20
4.03
6.54
7.08
1.51
4.03
7.56
11.14
11.63
8.04
2.02
24.76
8.07
2.98
12.60
4.57
3.03
3.00
12.14
17.21
7.08
2.56
1.49
11.69
7.52
4.57
1.47
18.23
4.58
9.58
7.12
8.05
1.51
4.62
15.71
13.12
2.49
13.59
5.50
7.60
9.12
5.06
13.10
2.50
2.05
4.06
2.03
3.03
9.53
16.17
3.52
4.06
3.01
3.04
4.97
11.22
5.61
1.47
11.61
12.10
3.01
1.49
3.03
3.53
4.11
1.51
4.04
7.07
2.54
6.07
4.04
7.13
9.08
7.59
1.51
2.02
4.03
11.06
4.03
5.04
17.19
5.05
3.01
3.51
1.55
5.58
3.56
9.66
2.51
2.00
4.01
8.56
11.10
14.13
5.05
10.64
8.61
4.05
7.03
8.54
1.99
16.64
5.54
2.00
4.09
2.55
8.59
5.07
31.78
12.11
6.58
3.09
9.15
1.96
4.54
5.05
7.06
11.07
3.04
23.27
11.12
13.62
12.15
6.07
6.03
5.55
2.00
3.03
2.58
2.57
7.15
6.56
6.07
9.52
7.03
11.10
2.53
11.65
5.04
7.57
3.01
2.50
5.56
3.55
3.52
5.58
1.98
28.72
1.51
5.56
3.53
8.62
7.62
5.52
6.06
18.12
10.13
7.04
4.06
2.02
3.53
39.88
6.12
13.10
5.60
1.52
2.54
3.52
1.51
15.70
4.02
2.06
8.09
12.12
3.50
4.51
18.20
11.14
2.55
2.51
10.12
5.60
5.07
2.98
8.59
13.13
4.08
8.55
7.07
3.06
1.99
8.07
3.02
17.66
11.13
18.68
5.58
6.05
3.01
7.56
2.04
5.58
7.04
7.55
3.03
9.13
9.09
23.23
5.10
2.01
2.01
11.12
6.56
4.05
15.13
1.56
17.67
1.49
7.11
9.11
10.12
4.53
15.18
10.59
11.09
3.51
5.06
14.10
3.52
2.54
12.11
8.07
15.71
5.54
2.54
6.57
2.01
11.62
2.02
3.53
5.04
1.55
4.50
9.12
5.05
4.07
1.99
20.71
42.43
4.03
8.66
2.47
7.57
5.55
2.54
4.54
10.07
4.55
8.56
7.55
5.57
9.61
11.59
1.52
14.17
15.74
4.54
1.48
3.02
4.59
7.01
16.64
6.60
6.59
8.11
5.51
2.01
1.51
8.05
5.12
7.04
2.02
21.78
4.05
7.55
6.03
2.53
4.05
13.63
2.05
8.60
10.64
3.52
5.56
2.49
12.11
1.57
2.04
20.15
8.62
8.60
12.06
10.62
16.68
8.57
4.52
8.08
4.54
2.57
13.61
4.03
2.03
7.04
2.52
6.51
2.99
2.52
3.55
10.12
4.54
12.65
5.56
20.21
3.54
5.53
10.64
2.03
2.53
6.02
5.04
1.54
12.61
13.12
18.14
17.12
5.08
4.05
22.26
2.04
6.51
10.12
5.60
5.51
7.12
9.58
15.17
6.54
17.68
8.07
7.05
3.00
8.10
6.08
3.57
8.58
8.11
4.55
5.53
9.10
2.52
4.05
12.13
5.05
2.02
16.17
23.31
2.50
15.70
7.06
18.15
7.05
2.06
9.58
37.37
1.53
2.55
5.03
4.06
23.24
6.06
2.99
2.52
7.05
7.09
7.08
6.57
1.50
9.10
2.01
6.04
2.02
1.52
1.53
5.08
10.13
3.55
1.97
14.15
4.03
5.62
5.05
1.50
18.72
2.07
10.16
1.98
4.08
12.14
6.54
1.49
5.59
13.07
3.00
4.03
14.11
5.02
15.19
5.09
10.07
12.65
1.49
3.04
22.73
14.09
7.14
10.09
6.12
8.58
2.04
2.01
3.55
1.52
14.12
6.56
4.51
1.54
1.49
5.58
6.09
2.52
4.04
1.56
1.48
8.58
22.75
7.58
4.03
5.60
4.03
7.04
4.52
5.59
6.04
8.57
15.16
2.54
2.03
5.60
10.64
4.07
13.65
1.49
5.50
6.04
10.61
7.06
4.05
2.01
5.55
1.55
9.13
3.52
9.59
2.02
6.53
3.56
3.05
4.54
1.49
6.57
31.32
5.06
30.25
16.67
4.00
14.17
2.03
6.55
3.52
4.05
5.04
17.22
6.05
18.67
3.52
4.04
2.54
12.17
2.53
8.59
15.12
8.57
21.26
3.50
1.54
6.54
2.53
4.55
2.53
11.57
2.55
7.08
4.04
6.09
4.02
3.07
8.55
4.54
27.84
21.69
4.07
8.57
20.19
5.54
3.04
21.77
4.04
10.63
7.08
1.98
1.48
2.50
3.58
2.01
3.54
1.99
6.10
2.02
1.50
3.55
6.08
3.50
7.09
4.05
2.05
4.06
13.64
6.03
18.19
2.03
19.65
15.65
2.55
3.06
5.54
2.51
23.76
4.06
11.08
2.54
2.03
2.53
1.54
2.00
5.53
3.52
2.51
1.50
5.05
8.64
1.56
14.63
3.05
2.48
7.59
8.10
3.04
1.47
9.17
2.07
3.51
1.99
3.02
2.03
3.05
4.04
1.51
13.11
2.02
2.54
6.57
8.12
7.54
6.03
11.56
8.04
2.02
1.54
5.07
3.52
11.16
13.12
2.53
9.63
14.12
4.56
10.06
2.51
6.56
2.03
3.56
6.57
3.55
5.08
5.56
5.04
2.05
1.97
3.04
10.05
8.10
1.47
4.06
2.03
3.04
4.52
10.62
11.64
2.59
2.01
3.04
8.10
5.51
2.52
7.07
3.51
9.56
2.08
5.53
7.58
2.04
12.62
6.05
18.16
8.58
2.54
2.51
9.11
5.51
2.54
2.01
3.56
5.07
3.52
2.47
3.55
1.54
3.54
5.55
4.00
2.01
2.00
2.52
11.57
6.05
4.07
5.58
3.54
6.05
4.98
3.04
12.19
6.11
5.54
6.06
3.52
12.18
1.56
6.53
6.52
9.56
7.64
18.12
5.56
1.51
2.51
3.55
1.99
7.57
10.56
5.05
15.17
11.16
2.05
6.08
3.55
4.54
4.53
4.03
4.53
15.64
5.08
16.16
2.04
8.08
7.13
4.07
2.51
1.99
5.04
4.02
9.55
14.14
4.06
4.10
12.17
1.98
2.54
4.04
3.53
8.07
7.08
9.08
4.06
8.08
1.51
2.05
11.60
2.00
2.05
7.08
6.59
31.82
12.61
3.50
5.56
5.57
3.52
1.51
3.53
14.15
11.08
4.06
7.11
10.12
9.60
11.08
8.07
3.50
39.50
4.06
2.03
5.51
14.14
9.09
5.09
7.04
2.53
2.02
7.54
2.02
12.09
3.02
16.14
2.54
3.57
3.07
1.47
7.04
14.65
2.01
16.64
4.03
7.59
1.99
6.08
3.55
8.58
8.61
2.55
4.08
2.49
5.05
1.52
6.57
6.01
4.01
2.57
3.54
9.55
9.09
3.01
12.59
15.14
9.58
18.72
2.56
1.99
5.54
10.16
12.13
2.07
3.00
12.63
4.55
12.07
13.13
2.02
2.53
9.14
3.58
1.44
4.53
2.07
5.56
8.52
5.55
2.05
11.60
2.48
10.07
2.06
16.68
1.53
2.04
3.50
4.53
3.01
2.57
2.97
7.06
1.53
9.61
25.72
5.59
1.47
5.03
15.13
5.06
10.60
2.56
1.51
3.54
5.58
12.10
18.23
13.14
20.71
1.51
2.56
2.04
1.55
2.01
3.01
5.56
7.57
9.10
8.61
3.51
8.10
1.50
1.57
12.09
7.08
2.00
2.01
18.18
3.57
1.49
9.60
3.55
2.00
2.03
6.06
1.49
8.61
9.64
26.78
7.06
7.07
22.68
4.03
2.54
2.55
4.58
9.08
12.11
1.48
8.58
2.05
1.49
14.14
4.53
5.56
5.05
4.55
8.57
6.09
5.06
4.05
5.06
3.54
5.52
5.06
11.12
3.02
3.58
1.98
2.02
1.51
1.56
26.22
2.01
6.55
4.54
9.09
7.05
9.64
5.52
5.06
5.54
3.08
7.57
1.49
2.53
2.55
13.16
12.13
5.08
4.01
3.00
6.04
15.70
34.84
4.04
2.53
5.03
2.54
2.57
10.66
3.97
2.02
4.50
13.12
1.47
8.04
8.09
6.62
3.04
14.64
3.02
4.51
2.04
5.09
5.56
17.70
3.55
1.98
4.54
5.06
11.13
7.04
6.04
12.65
2.02
8.05
4.55
3.54
15.12
7.53
4.56
4.58
11.18
17.66
11.11
7.02
10.09
2.04
5.60
9.06
4.02
2.56
11.66
8.56
15.17
7.56
7.09
15.13
3.61
7.57
2.51
17.21
8.56
15.14
4.03
3.00
1.55
3.52
8.11
1.51
9.04
1.53
2.55
6.06
11.64
14.68
2.00
4.50
4.08
3.51
29.32
10.61
1.48
10.11
4.56
7.14
1.48
14.63
12.63
4.07
9.05
4.00
4.05
1.55
11.12
4.01
5.02
6.59
1.51
3.51
5.06
5.04
4.06
12.67
7.07
2.53
9.09
5.58
2.00
5.05
3.47
2.56
16.68
4.54
6.60
6.55
2.99
6.59
10.10
16.71
24.80
3.02
1.99
9.12
4.06
2.05
15.10
2.02
3.03
4.03
2.05
13.64
3.52
13.61
3.07
1.52
11.59
1.53
3.02
7.05
7.05
13.17
11.14
7.55
9.11
17.66
2.04
3.54
7.06
2.56
11.12
12.64
5.54
5.56
5.55
11.62
12.08
3.00
1.50
2.01
4.56
8.07
19.73
1.50
3.51
8.08
3.04
3.05
9.60
5.58
2.98
5.03
5.51
3.05
11.15
3.57
7.10
5.08
3.55
1.47
1.48
6.04
4.06
7.05
5.04
4.07
2.01
5.10
5.07
2.01
6.06
1.54
2.52
7.54
9.05
8.53
8.10
1.50
4.05
7.09
7.55
4.50
3.51
4.57
4.55
3.53
6.62
9.09
3.55
4.56
3.03
2.04
10.59
2.52
5.54
17.13
4.02
3.58
20.19
20.76
7.07
4.06
14.64
15.15
3.55
4.06
1.48
10.13
5.03
2.02
1.49
4.03
4.04
15.14
4.08
8.59
5.05
3.03
3.00
2.51
2.05
4.05
5.07
6.09
6.07
2.51
9.55
1.55
9.57
4.54
1.98
2.01
13.14
17.23
11.65
6.59
3.54
10.58
8.61
7.09
11.08
3.02
7.11
11.63
20.22
10.60
5.07
4.54
9.07
2.49
3.02
5.56
12.62
1.57
8.07
16.66
5.58
1.46
8.53
4.04
4.59
7.62
1.49
13.12
2.50
2.02
2.05
9.61
3.52
10.06
10.11
3.00
13.64
4.51
8.12
14.70
4.07
4.03
1.98
3.03
11.09
8.52
5.59
9.61
7.05
17.15
8.65
12.12
49.51
3.06
1.48
13.65
9.60
4.99
11.07
2.54
1.48
13.59
16.61
2.01
3.06
2.51
13.11
2.52
4.57
9.09
2.02
1.46
20.76
2.58
3.53
2.03
10.14
4.04
8.04
2.52
28.78
1.49
4.05
6.07
16.18
14.11
14.17
1.48
3.01
1.51
18.64
7.09
10.60
2.98
6.58
3.04
4.01
3.56
2.00
2.52
22.78
1.50
2.04
5.02
2.46
1.49
1.54
3.57
1.52
3.52
6.58
8.58
1.50
2.07
8.59
8.11
2.04
4.07
3.51
19.14
2.57
4.52
5.05
4.03
5.08
16.65
4.02
2.03
2.58
5.00
5.06
6.57
1.51
2.50
16.20
2.02
2.99
3.56
4.06
5.55
5.04
4.02
3.52
19.27
5.06
2.54
5.56
2.54
6.54
8.09
2.56
6.56
6.55
5.55
4.52
1.56
5.08
1.48
3.50
8.05
1.50
9.62
3.55
7.11
3.01
8.13
1.49
1.99
5.06
3.51
1.55
7.10
8.58
12.14
2.48
1.54
10.08
6.07
2.01
6.55
2.03
2.48
5.54
5.05
14.65
15.20
4.03
20.66
3.51
8.61
3.52
2.01
1.54
7.56
7.01
4.52
4.06
4.02
13.64
4.01
4.59
11.13
4.05
4.05
22.68
5.04
2.03
4.51
3.53
2.04
7.55
5.06
2.54
1.47
2.56
5.04
2.05
10.09
2.50
3.53
4.05
5.04
6.56
2.01
5.54
14.61
6.07
8.07
1.51
11.17
8.60
2.05
9.60
10.12
7.08
6.03
2.53
2.52
1.49
2.98
8.09
3.56
8.63
4.54
9.57
7.04
7.58
8.04
8.11
13.15
1.49
4.54
5.53
1.99
8.05
9.65
3.56
16.22
8.08
5.03
5.04
4.04
2.03
2.52
1.52
4.55
9.07
3.48
2.03
2.04
10.08
1.99
4.07
2.51
11.63
2.05
5.04
22.72
1.56
10.13
2.02
10.08
6.01
6.06
1.53
10.58
1.55
3.56
1.48
2.50
6.04
4.59
16.66
1.51
2.03
10.58
10.58
4.05
3.52
7.05
8.08
10.59
5.55
15.69
2.02
5.55
3.52
2.53
2.53
5.56
4.05
4.53
3.55
10.12
1.49
2.05
11.62
1.49
21.74
2.02
5.03
1.50
6.56
4.54
3.55
2.55
4.51
1.47
4.55
16.69
12.13
3.54
4.02
2.53
16.15
13.64
2.01
12.67
1.48
4.03
2.03
4.57
5.57
12.13
1.54
20.22
8.55
8.60
8.60
5.56
1.51
3.49
6.10
4.57
3.52
17.09
2.53
3.54
2.50
2.56
11.08
6.55
5.50
13.16
2.04
4.52
8.60
8.62
12.12
7.09
7.07
3.57
11.59
16.65
7.02
3.52
18.68
3.54
11.16
15.65
2.03
3.53
1.55
2.56
3.51
2.00
3.02
5.07
4.54
3.05
13.10
18.64
17.19
8.61
3.05
5.05
3.02
4.01
7.03
16.62
15.21
5.52
2.51
3.03
5.06
11.60
9.61
2.03
4.50
16.65
2.51
14.65
7.60
12.64
7.57
3.54
2.04
2.01
8.07
1.50
6.56
1.49
8.57
2.00
12.14
8.60
13.65
1.56
3.51
2.52
12.13
8.11
6.06
4.53
3.53
6.10
6.08
6.51
9.03
6.62
2.50
11.10
13.13
4.04
12.11
28.78
2.06
6.55
11.14
6.06
13.62
6.58
2.04
5.03
9.14
7.06
6.55
9.05
8.56
4.54
2.05
2.01
7.09
3.51
8.05
6.06
6.05
20.69
9.58
10.13
7.08
32.80
2.06
5.09
3.98
2.06
4.01
13.14
9.56
1.47
16.65
5.60
10.16
7.08
4.50
7.04
2.51
5.56
17.69
5.57
5.58
8.09
4.62
5.53
10.08
1.54
9.58
22.77
3.49
4.04
3.50
2.02
12.69
3.55
2.01
3.03
2.02
6.58
5.09
11.09
2.50
3.00
16.69
7.57
7.04
1.53
6.56
4.04
8.07
5.55
4.54
8.10
5.07
8.56
2.01
14.63
2.02
4.04
5.07
4.58
16.64
3.50
16.16
6.58
3.06
1.48
3.03
14.64
2.50
4.03
2.05
4.04
4.51
6.57
1.48
17.18
17.65
8.57
4.02
20.76
4.61
17.14
13.14
2.50
4.01
2.54
2.02
9.05
2.52
13.06
3.57
2.03
4.56
3.00
2.53
2.01
3.53
2.04
8.06
2.49
2.00
4.04
8.08
15.68
2.56
3.51
4.53
2.53
7.07
16.67
11.57
3.03
5.05
4.08
3.99
7.59
1.49
17.64
5.55
3.08
3.05
3.51
1.50
16.16
9.12
1.53
2.04
4.51
4.53
2.01
8.62
4.07
3.01
9.60
3.01
19.66
2.56
8.61
2.00
4.01
17.17
13.63
2.56
3.54
5.55
1.51
9.62
3.52
1.56
16.17
4.54
2.50
6.55
9.10
5.05
15.65
9.09
2.54
5.07
14.12
5.10
12.62
8.07
5.10
4.02
3.02
2.01
6.55
10.59
16.23
6.63
16.70
12.66
2.99
6.57
6.07
13.59
4.03
3.01
3.02
7.08
2.53
8.06
2.50
4.01
10.12
2.01
3.04
3.58
3.05
3.02
3.52
1.51
9.62
5.09
4.07
15.13
4.03
15.13
9.04
8.11
6.58
18.62
4.08
12.64
8.12
2.53
16.68
4.01
15.15
16.68
5.09
2.54
13.08
2.02
5.58
3.01
5.03
3.01
6.03
9.61
7.09
4.55
3.54
2.99
5.53
5.55
6.05
2.03
2.05
3.57
27.81
7.04
12.64
4.54
7.54
7.03
3.56
2.49
5.56
11.62
2.52
25.22
6.07
2.01
3.02
4.00
13.13
5.58
11.12
10.62
5.04
7.11
8.07
2.06
5.54
11.11
2.53
3.04
2.49
3.03
4.56
2.55
1.53
2.04
1.47
15.59
21.69
4.04
4.53
6.09
7.10
4.07
1.99
8.05
5.60
5.10
1.48
18.76
4.56
9.57
10.59
6.55
7.04
7.11
5.50
3.53
9.08
3.48
2.52
1.53
4.01
2.55
2.55
7.55
3.49
3.05
4.55
8.09
4.02
6.05
2.04
5.61
15.19
8.58
1.51
5.04
3.54
4.54
2.02
1.55
10.59
11.59
2.03
3.55
1.55
10.05
2.00
5.05
5.06
5.58
15.61
4.04
8.65
9.08
5.04
4.54
12.65
9.57
1.50
2.53
6.02
4.03
7.07
3.54
7.08
2.03
5.07
1.52
10.08
19.19
11.57
1.50
4.06
8.06
3.53
3.56
5.06
1.50
3.55
3.02
2.55
2.53
2.01
8.06
17.68
2.03
24.30
6.05
1.96
2.53
10.12
2.02
2.52
3.55
5.09
2.53
2.54
1.99
15.61
4.03
5.06
8.07
8.10
13.58
5.07
4.58
2.00
3.07
7.12
2.96
11.61
1.51
8.07
11.15
4.56
2.02
3.55
7.04
12.06
2.98
2.51
13.13
8.12
7.11
14.68
8.11
6.52
9.60
5.07
6.53
1.99
8.07
2.02
5.04
3.57
14.67
3.57
4.55
1.49
3.03
7.59
1.99
4.52
3.53
7.57
2.02
5.07
4.05
7.05
17.71
2.57
19.25
1.97
1.54
15.68
6.56
4.04
13.06
10.07
3.57
2.51
1.55
11.11
8.06
3.55
7.02
4.55
4.02
5.05
4.01
21.27
1.47
5.04
2.03
2.53
7.05
2.01
2.09
16.18
7.12
4.98
13.11
2.02
2.55
11.57
9.06
4.07
5.54
6.60
23.77
3.51
11.14
5.56
17.17
2.00
4.08
6.54
3.00
3.03
2.49
7.62
4.55
14.16
7.06
5.59
12.64
6.04
8.04
2.03
6.01
4.05
4.10
6.58
8.54
6.04
15.64
3.59
14.08
4.04
4.53
4.56
2.05
1.51
2.03
2.51
2.52
5.54
3.51
18.74
1.56
3.51
5.05
2.03
8.13
3.53
1.47
2.53
34.39
5.08
2.53
8.03
3.00
2.00
8.14
13.13
12.58
5.01
1.54
3.02
5.57
3.55
2.51
3.52
5.04
3.56
30.30
7.07
3.07
21.71
5.02
27.30
2.02
16.65
4.53
3.50
6.54
6.56
6.08
5.54
2.07
2.01
12.15
4.05
2.02
2.07
10.08
12.64
3.52
2.03
8.57
16.19
8.08
10.09
5.59
15.12
2.01
5.08
4.53
2.01
12.62
5.55
2.02
11.12
9.63
11.07
7.07
27.81
3.54
5.54
3.49
2.02
7.02
4.56
8.56
5.04
3.10
3.98
8.09
2.52
17.70
22.24
2.05
1.52
2.00
3.50
3.54
7.57
2.53
2.02
3.49
1.57
6.11
4.54
2.50
3.00
2.52
2.06
8.63
2.98
9.63
16.13
3.50
2.04
4.00
6.07
4.07
5.03
4.55
4.53
3.03
2.00
12.68
9.12
6.09
7.06
3.54
6.56
9.57
1.48
5.53
6.55
7.56
10.10
5.55
4.57
23.73
1.99
4.04
14.71
9.60
4.07
9.17
1.47
12.11
2.53
5.05
2.96
2.52
3.61
4.09
5.55
4.07
4.04
5.51
2.00
6.06
9.62
7.09
1.46
12.11
5.55
10.60
7.06
10.10
4.52
19.20
7.57
3.52
6.05
6.06
6.07
1.52
3.03
4.55
9.60
2.52
7.04
1.51
2.55
10.08
5.53
11.13
1.49
6.05
3.57
14.60
2.58
3.53
10.12
3.56
1.50
3.55
4.52
7.55
3.51
2.52
3.07
3.52
5.11
15.66
2.00
10.09
11.61
5.03
1.53
9.09
2.55
12.68
12.65
1.50
7.06
1.48
2.03
3.58
1.49
4.06
7.53
7.08
5.54
8.58
2.54
13.22
5.11
16.10
4.52
6.56
7.52
2.00
2.00
5.56
13.16
14.62
8.07
2.53
6.52
14.14
3.58
3.54
2.48
8.11
7.09
5.54
8.09
9.57
10.62
8.04
3.59
1.56
14.67
4.04
8.02
10.07
1.50
3.57
7.03
2.02
6.54
1.58
2.01
26.78
1.47
5.58
4.06
7.54
3.02
5.03
11.63
7.08
4.03
3.53
11.64
8.09
3.55
3.00
7.08
2.53
5.04
4.03
2.51
4.04
4.05
1.53
13.64
3.54
18.19
6.56
11.64
1.51
1.52
5.02
7.57
3.58
15.16
5.50
17.10
4.03
1.55
22.73
5.08
2.03
2.01
2.51
9.09
4.53
1.52
3.03
12.12
3.57
3.56
1.50
6.57
7.07
8.06
2.03
8.59
2.00
2.02
3.53
6.59
3.54
3.56
3.04
2.98
2.03
9.07
24.79
3.58
1.97
2.55
13.13
16.17
9.61
8.08
5.54
5.04
4.55
8.08
9.54
2.03
2.52
11.13
2.05
5.06
4.05
2.54
3.02
3.54
4.03
1.56
5.04
13.14
1.56
14.59
3.53
2.02
21.70
4.03
6.54
4.09
1.52
21.25
3.52
3.49
2.53
3.03
1.53
3.57
13.62
3.00
2.55
6.03
1.50
3.00
2.53
20.69
5.54
1.51
10.57
9.66
8.08
3.54
5.07
3.54
2.01
4.55
3.57
15.72
6.52
15.12
4.54
14.09
3.03
3.05
8.10
1.50
1.48
19.17
5.07
2.56
2.52
4.56
10.14
8.09
6.06
5.52
1.53
4.00
11.10
3.54
2.01
3.03
10.14
1.50
2.60
2.98
7.56
3.99
5.55
10.09
2.52
8.60
2.05
13.67
13.60
11.14
2.02
2.05
9.56
2.99
9.65
2.04
12.58
5.06
2.02
1.51
6.54
2.01
3.07
14.68
11.62
3.48
4.05
3.50
24.23
7.06
2.51
10.15
6.06
13.18
3.50
6.06
5.07
10.11
2.05
6.04
2.05
9.58
15.15
23.77
22.22
4.02
2.02
6.05
17.72
9.61
16.16
9.12
3.00
5.06
4.02
5.05
2.51
3.57
2.53
5.55
1.50
2.51
2.51
8.58
20.22
8.05
9.09
4.55
3.54
8.59
2.04
2.04
3.00
5.08
2.55
13.62
4.04
2.02
1.49
7.06
12.13
2.00
1.52
8.11
5.06
6.59
6.57
1.46
3.07
2.54
18.72
2.03
15.16
4.05
5.06
3.55
9.10
3.01
4.53
3.51
5.52
6.59
2.53
9.10
2.00
5.04
1.54
3.04
12.65
4.04
4.03
5.52
2.49
2.56
2.02
5.07
7.07
4.04
2.01
1.48
3.05
4.54
2.03
7.02
15.11
11.62
5.08
2.58
8.07
3.49
2.51
4.05
12.62
4.56
9.56
2.03
20.18
7.11
4.06
2.47
7.04
25.80
2.04
3.52
8.07
2.55
3.01
7.11
3.02
5.01
13.62
26.81
3.51
4.06
10.61
14.13
4.10
14.13
6.56
4.51
2.50
3.56
4.56
9.05
1.50
6.05
2.53
2.55
6.05
1.50
5.06
3.53
5.06
2.99
3.04
16.15
9.60
5.55
12.12
2.57
2.54
8.13
16.64
7.55
6.55
6.57
10.58
2.06
19.67
3.48
3.55
1.98
4.09
3.53
12.65
6.08
1.47
4.04
36.85
3.07
1.98
7.56
1.55
4.51
11.17
3.01
7.10
4.54
1.55
2.56
1.51
8.59
8.61
10.62
5.06
4.00
13.66
6.04
4.04
4.06
4.62
10.60
12.59
20.10
14.64
4.06
11.12
14.68
2.53
8.57
5.06
1.52
2.48
3.51
3.04
8.56
4.04
5.06
7.05
4.59
4.52
2.47
15.14
8.08
2.03
11.14
20.22
5.07
2.00
2.53
2.56
3.53
4.52
2.55
1.52
1.98
6.11
4.52
10.10
10.10
4.54
6.56
14.07
8.04
2.02
14.13
3.56
7.62
10.13
2.53
5.54
3.54
6.57
5.06
2.54
9.60
3.53
2.01
34.32
17.63
16.20
3.05
2.52
10.12
6.07
2.03
3.55
4.52
4.03
4.51
3.53
14.08
2.07
14.65
2.56
3.00
7.59
2.04
5.02
8.57
2.99
1.98
2.56
2.01
2.02
13.14
6.54
7.57
7.07
8.63
11.13
2.49
8.65
16.70
7.10
5.51
2.02
13.11
1.56
5.02
6.09
2.53
2.52
1.53
5.56
9.58
2.06
8.57
7.03
2.54
10.09
12.55
3.02
4.01
2.54
11.13
6.06
5.07
1.51
3.57
11.67
1.98
4.51
7.56
11.08
3.58
6.60
2.51
7.56
2.55
11.67
6.62
12.61
6.55
3.01
3.48
4.59
9.59
8.11
4.01
5.04
11.12
3.54
2.03
2.54
3.01
6.59
10.56
6.60
8.12
7.56
4.00
6.56
10.59
4.55
2.56
10.10
5.54
25.78
1.48
11.65
4.51
17.69
15.16
3.56
2.03
3.50
2.53
13.17
3.00
2.00
3.58
3.53
4.05
4.54
10.13
3.57
3.50
4.54
5.53
5.03
2.00
1.53
12.14
1.53
4.03
11.08
8.55
5.54
2.04
5.60
2.02
6.05
1.50
17.16
2.55
1.48
5.05
10.63
18.20
2.04
9.58
3.07
1.48
2.53
14.18
1.50
5.53
2.52
2.53
1.56
2.49
3.05
7.56
4.56
12.66
4.51
4.02
22.75
11.10
2.49
21.24
4.54
1.49
10.06
4.04
12.66
1.52
7.60
1.50
7.57
2.52
7.07
12.17
6.56
6.05
2.52
2.52
1.48
13.65
2.56
1.98
11.61
8.58
8.59
1.54
6.05
36.31
6.56
7.05
5.05
11.59
2.51
2.55
8.11
7.07
11.12
3.54
1.51
4.02
16.17
7.07
7.07
8.58
9.05
5.54
4.08
1.50
6.60
5.59
5.56
6.05
5.05
4.01
11.60
4.00
1.48
2.53
4.10
2.03
7.08
1.50
3.08
16.67
1.97
5.05
12.66
2.54
2.03
2.51
2.01
3.50
5.02
3.55
2.53
6.58
6.56
14.61
2.54
6.01
6.56
7.07
1.50
4.05
5.55
9.09
5.57
2.55
3.04
7.09
17.68
7.56
2.57
6.04
7.55
3.06
5.50
3.53
6.57
6.60
13.11
6.57
2.08
6.57
7.04
10.59
5.57
17.67
10.11
2.00
3.49
2.02
5.05
7.09
1.99
5.02
18.21
2.03
5.04
9.08
7.08
6.58
6.58
22.24
9.08
6.05
6.56
12.16
9.58
1.55
5.55
2.53
6.05
12.65
4.50
15.62
2.02
6.07
3.55
3.54
4.04
2.52
2.00
5.56
2.55
6.06
13.14
11.63
2.01
3.56
8.08
4.53
5.09
14.66
12.64
1.51
7.14
4.00
22.23
16.14
3.58
5.55
19.18
3.48
9.10
4.06
6.08
14.16
10.06
9.07
5.08
5.56
20.70
7.60
1.50
7.07
11.62
9.59
2.02
6.06
5.54
4.54
7.10
3.01
3.60
9.08
1.97
4.04
8.61
7.55
4.01
7.08
14.18
1.54
7.11
4.03
2.05
3.53
6.53
5.58
12.58
7.51
9.58
7.08
2.51
3.59
10.65
2.99
17.64
1.51
8.60
7.59
3.54
2.05
1.50
8.11
10.14
3.47
8.11
2.01
4.53
11.11
3.53
11.09
3.52
14.15
10.62
18.70
6.07
6.56
6.06
11.12
12.67
8.61
5.03
9.08
21.70
13.15
11.59
1.96
7.05
4.57
2.53
3.56
18.16
5.55
14.20
5.56
2.49
25.77
5.07
25.73
7.11
14.11
4.53
4.06
11.62
7.58
3.01
13.62
25.27
8.11
2.02
5.07
4.07
11.10
12.60
4.52
16.14
5.04
4.56
9.09
3.53
2.54
13.15
1.47
3.03
3.53
12.61
2.53
5.53
1.50
1.99
1.56
7.14
1.99
6.56
19.75
3.56
11.07
12.08
1.54
7.58
4.06
1.49
5.06
2.02
3.56
2.53
44.93
19.72
5.00
2.53
2.05
3.04
1.47
14.59
6.63
9.10
4.53
3.55
19.70
10.63
6.08
2.06
9.15
3.00
4.04
1.49
4.06
5.04
10.13
11.57
16.65
3.54
8.06
1.51
5.57
3.52
22.72
7.05
19.25
6.57
16.62
3.99
2.04
5.51
5.58
2.53
13.11
18.21
12.12
3.01
8.09
8.05
10.59
12.66
2.06
3.51
2.00
10.59
3.11
2.51
3.54
14.68
3.51
6.01
7.08
3.02
3.55
16.69
7.58
7.09
1.50
6.57
6.59
5.09
3.54
5.01
4.03
6.55
2.52
4.52
5.59
1.99
4.52
13.70
5.52
4.04
8.56
16.72
9.59
10.13
2.56
4.04
10.06
9.63
2.53
2.53
10.05
3.00
15.63
6.57
2.49
11.62
3.57
6.58
1.56
6.06
4.55
2.52
3.53
1.54
2.52
18.22
4.00
8.52
5.58
10.07
6.09
5.57
2.51
3.57
3.53
2.53
19.71
3.53
11.62
5.55
9.58
4.54
2.54
3.02
9.63
2.50
16.14
2.06
2.99
28.29
5.57
2.53
2.56
15.06
24.33
2.51
1.52
4.02
15.61
11.65
5.06
4.03
6.59
7.56
3.01
14.11
1.51
7.08
12.13
4.54
8.06
4.03
1.52
10.13
4.05
4.02
2.54
4.58
7.04
3.51
12.10
13.12
7.05
9.07
12.13
2.02
11.65
3.55
12.61
2.01
2.00
12.58
7.09
7.61
7.57
5.06
3.02
8.56
2.05
2.05
10.60
7.12
6.58
12.11
10.60
12.10
3.52
10.64
3.54
5.57
5.56
5.55
9.56
2.49
2.04
3.55
5.05
5.08
9.57
7.12
1.47
1.99
5.02
3.08
6.04
1.54
1.99
4.06
9.13
2.53
6.59
3.01
2.00
7.10
11.10
8.07
1.49
5.05
11.64
15.68
1.50
2.48
7.08
7.09
6.06
1.51
3.51
15.15
6.59
2.51
2.00
8.11
8.54
17.69
15.66
2.55
8.10
5.06
10.14
4.03
8.59
4.06
2.02
9.58
3.51
5.03
2.52
13.12
5.08
3.07
2.48
8.62
2.54
4.52
11.62
10.07
4.51
8.62
9.63
2.00
7.04
7.07
1.55
9.14
2.00
2.51
3.56
11.16
3.54
10.56
6.08
10.09
5.04
2.55
5.02
5.02
8.09
2.08
3.55
2.98
2.53
10.09
1.53
5.58
2.50
12.60
8.55
4.04
6.07
3.05
9.58
2.55
1.49
23.22
14.68
23.22
7.04
6.59
3.57
6.06
8.10
6.52
12.06
10.06
7.07
2.03
3.03
5.57
15.71
7.55
2.56
6.02
2.54
2.53
2.01
1.50
19.68
23.73
4.05
6.07
10.61
1.98
7.60
2.03
6.08
13.62
4.55
5.51
3.54
2.01
6.59
1.50
9.08
3.49
3.04
10.12
2.01
3.02
4.05
2.01
4.07
6.60
11.10
6.02
3.04
3.53
4.07
14.60
16.67
2.52
8.61
13.15
6.06
7.56
7.56
6.58
9.07
7.59
2.04
1.55
4.04
2.03
5.51
12.15
7.08
2.50
5.04
4.01
11.11
4.01
6.58
4.55
10.13
1.99
2.07
9.10
8.60
10.62
2.99
11.03
8.62
2.06
2.00
13.17
5.05
2.54
6.07
9.60
2.50
3.55
10.60
4.01
1.55
9.07
4.08
2.04
6.57
2.52
1.55
2.04
7.04
6.57
7.08
10.08
1.97
11.63
10.08
4.03
2.51
4.53
1.52
14.68
1.52
2.54
2.52
14.66
2.06
4.04
2.50
17.19
5.58
10.04
1.52
4.04
31.35
6.07
3.52
5.08
8.60
7.58
11.09
3.52
10.57
4.54
3.04
3.52
14.14
4.03
1.98
5.55
6.59
12.15
11.11
1.52
12.64
8.54
5.57
6.58
4.03
2.48
5.06
4.05
2.01
8.52
14.12
1.52
7.06
6.51
3.56
7.12
2.58
2.48
4.08
1.98
5.11
1.98
11.14
15.62
14.13
9.08
3.57
3.50
13.62
4.54
23.25
12.65
5.04
6.10
4.56
4.49
4.53
7.58
6.56
6.57
4.07
2.55
5.06
3.51
1.51
8.08
13.13
12.14
1.47
7.06
16.76
14.13
21.76
2.55
13.16
10.06
10.09
5.53
2.52
2.99
10.12
6.06
8.12
2.50
6.04
4.04
5.05
2.46
7.63
7.58
11.61
5.08
4.01
2.53
1.50
1.54
4.54
2.56
4.52
5.01
6.61
1.95
7.11
13.65
2.52
14.70
14.14
4.01
24.23
5.05
7.57
4.04
8.05
25.72
5.59
1.55
7.57
2.48
2.51
9.61
3.57
7.04
4.56
2.01
5.06
4.59
10.11
5.55
9.60
4.03
19.68
2.53
5.07
2.55
16.69
8.06
22.21
3.50
3.48
4.03
1.55
2.54
6.57
6.03
6.04
9.09
8.58
4.04
7.62
5.55
11.10
7.53
4.56
21.18
4.52
10.65
5.55
1.49
5.56
4.52
8.09
8.07
5.59
4.04
2.53
4.53
10.14
3.02
2.98
18.16
16.17
10.17
10.60
2.56
1.96
3.55
19.19
5.06
11.61
7.55
2.48
4.07
9.66
6.59
8.60
11.62
5.04
8.52
4.06
3.07
3.52
5.05
7.54
2.04
3.03
4.52
2.00
2.56
6.07
14.63
8.07
16.57
5.55
8.60
5.07
12.58
3.53
5.07
7.53
14.16
1.52
6.58
8.10
11.67
2.99
7.04
3.48
3.57
7.58
10.62
8.10
1.51
1.48
6.58
5.56
13.59
5.53
1.51
5.10
12.60
8.07
12.13
2.01
2.04
17.69
14.65
6.05
5.03
2.51
9.61
21.72
10.10
2.52
14.18
5.57
13.15
4.02
5.53
9.09
2.59
6.56
2.52
1.98
12.61
5.57
2.56
1.49
5.55
7.60
1.51
15.60
4.56
8.63
2.00
4.53
5.56
9.59
4.08
1.49
11.11
4.05
2.00
5.03
7.05
3.54
15.16
8.62
5.60
3.55
5.04
6.54
6.56
9.54
2.01
11.09
4.08
15.16
9.59
19.68
2.02
4.54
2.06
1.46
4.02
5.57
9.56
2.06
16.17
4.60
3.50
4.05
3.03
1.53
16.22
4.54
1.53
3.51
4.51
12.55
5.03
5.55
2.55
9.12
5.57
5.54
6.53
8.11
14.20
4.51
13.65
5.61
10.61
1.46
4.51
4.05
7.03
21.22
10.15
9.13
6.58
2.49
2.01
3.49
2.99
13.11
2.09
1.56
4.58
2.98
6.10
1.99
1.50
2.01
4.55
6.56
7.04
1.48
5.05
8.08
2.55
6.03
6.08
10.09
14.11
9.56
2.56
14.70
3.59
2.48
9.64
13.62
6.57
3.02
3.56
13.11
1.51
2.51
7.54
4.03
5.07
7.58
1.54
8.59
9.64
3.46
2.02
16.67
2.07
2.06
5.53
8.61
22.16
3.02
7.58
2.03
2.51
3.52
30.87
9.59
7.09
18.67
4.54
12.64
10.08
2.02
6.06
3.58
1.56
12.15
1.49
2.54
10.58
4.05
17.20
6.07
16.09
2.02
3.04
9.06
5.03
10.67
4.52
4.04
18.65
9.58
8.60
10.61
6.08
4.04
8.08
2.01
4.53
11.12
14.67
2.03
6.11
6.53
7.04
4.01
14.69
7.11
4.03
5.52
9.56
11.65
2.52
18.71
13.11
2.53
2.52
7.05
9.09
3.55
1.52
1.50
2.00
14.15
3.54
15.63
1.50
8.62
7.56
2.54
7.58
3.54
19.73
9.05
2.56
3.53
3.51
2.07
2.49
4.56
3.56
4.50
4.54
7.59
4.07
4.05
1.51
7.53
3.52
2.54
3.03
11.12
10.17
2.05
1.52
8.12
13.11
2.01
4.51
7.06
3.04
5.56
5.04
4.05
11.61
3.58
2.52
4.49
8.09
10.58
2.01
1.54
20.64
10.61
8.57
1.51
10.04
2.52
7.62
1.52
2.54
4.52
2.58
5.06
18.66
2.99
62.68
6.57
5.02
3.55
4.01
2.06
16.16
15.64
3.55
2.52
4.03
14.19
5.50
5.53
10.55
6.06
11.57
4.02
5.05
1.53
2.04
5.57
16.71
8.57
6.04
2.54
6.53
6.07
11.09
3.09
5.51
6.58
2.52
3.57
4.52
1.49
5.02
5.07
13.63
18.66
6.56
4.54
11.11
10.08
3.54
2.55
4.57
2.02
4.08
3.07
2.01
8.07
12.59
8.57
2.55
4.01
4.51
4.03
4.57
22.29
4.03
3.52
2.53
9.63
2.02
11.62
4.08
10.09
6.06
1.50
1.51
10.58
1.99
7.55
6.06
6.06
2.52
9.08
3.49
2.52
2.55
15.64
3.56
16.22
2.49
11.64
5.07
1.98
15.15
2.51
3.53
5.06
4.03
2.55
23.25
3.54
1.50
2.02
5.53
6.56
7.08
15.65
4.06
2.04
3.00
5.57
1.99
14.71
7.09
5.52
7.08
2.57
5.56
21.21
7.56
4.53
3.51
2.55
17.19
8.61
5.55
7.03
17.64
12.65
3.04
1.55
3.50
7.55
5.56
10.60
6.54
2.02
2.05
4.07
11.12
3.51
4.59
8.09
2.07
9.59
2.49
2.99
3.03
4.52
5.05
8.08
12.13
6.05
5.55
2.59
20.26
3.56
2.49
8.08
9.55
1.51
25.77
14.17
8.58
2.00
9.61
3.53
2.00
2.03
5.57
7.08
3.00
19.68
2.05
7.07
1.54
5.04
2.04
3.00
12.63
10.07
8.58
5.06
4.54
5.58
2.01
4.06
2.52
4.07
5.05
4.59
3.54
9.12
3.53
6.10
2.53
8.06
2.51
9.56
1.57
9.56
3.53
5.05
9.55
6.58
10.08
6.07
25.26
3.56
8.58
8.59
2.57
2.03
8.57
6.53
10.56
4.02
2.52
3.55
6.05
6.61
15.68
2.50
5.58
6.01
5.04
10.59
4.04
6.08
2.56
17.68
9.60
6.57
15.71
2.97
8.14
7.13
1.99
15.11
6.04
3.55
23.22
7.57
7.54
6.55
6.59
12.11
3.03
1.55
3.50
5.05
10.66
2.55
3.05
4.51
3.00
2.47
5.05
8.58
5.09
4.53
2.53
2.04
5.05
2.49
5.03
3.04
8.05
6.54
2.02
5.04
3.08
8.57
3.54
6.60
8.62
2.48
8.60
2.49
15.08
7.56
8.08
17.22
3.03
4.05
16.71
2.53
5.07
11.63
10.02
35.43
12.56
6.53
3.98
2.07
3.58
1.49
4.52
11.09
2.01
9.59
5.09
7.05
3.57
2.55
4.52
7.07
5.01
6.54
7.09
2.56
7.61
3.50
13.63
3.51
12.11
4.53
5.12
5.53
2.52
3.57
8.59
9.09
6.03
16.71
16.17
9.62
10.08
21.74
8.01
6.51
3.57
7.60
7.09
5.07
11.09
4.04
6.55
13.63
15.16
1.50
7.58
12.63
6.56
7.08
6.04
13.64
3.56
4.03
10.13
2.00
3.49
2.02
6.08
7.12
4.01
8.04
6.57
2.01
8.55
4.05
7.58
3.57
3.04
8.07
3.07
1.52
3.06
4.00
1.46
5.08
7.62
1.99
8.09
4.55
3.56
4.54
1.98
2.02
18.16
4.04
7.57
5.57
11.59
6.59
3.05
14.15
1.50
12.62
5.01
3.04
4.02
3.52
1.52
2.06
7.12
5.03
3.05
3.54
1.46
1.52
21.78
9.09
11.05
3.55
7.05
31.38
3.47
7.09
12.63
1.49
3.56
2.51
12.17
1.48
5.05
7.05
16.12
7.57
46.00
4.58
34.85
3.05
6.55
1.51
2.53
6.58
2.04
5.04
2.06
9.64
11.09
4.50
1.54
7.05
5.03
22.72
2.08
5.04
8.58
7.54
2.97
2.55
2.52
8.61
7.60
8.07
2.03
5.02
12.71
6.09
1.47
11.57
7.09
8.57
8.09
11.10
8.06
6.04
2.54
2.55
1.58
4.57
9.06
2.05
4.56
1.97
3.55
5.55
6.05
5.03
6.61
5.10
11.62
9.06
2.01
6.05
3.01
3.56
2.03
3.51
16.64
7.09
2.53
5.01
4.57
16.20
10.07
2.00
19.20
6.55
5.56
1.48
5.04
11.11
4.56
2.06
2.02
3.55
2.02
22.24
4.06
6.06
7.13
4.05
4.53
11.61
5.08
15.13
5.54
4.06
4.49
9.09
8.58
9.57
3.50
3.04
11.59
2.50
8.57
3.53
1.53
14.17
2.52
14.70
16.17
11.62
2.52
8.06
18.17
2.50
4.05
5.08
1.54
7.58
7.07
2.50
21.18
12.63
8.11
4.56
1.99
2.02
1.52
9.55
4.05
9.11
2.55
2.01
5.09
4.03
6.07
3.50
2.51
15.14
5.09
4.55
17.16
4.02
4.05
6.06
7.07
15.11
14.67
1.51
6.10
38.34
11.09
3.04
1.55
3.55
5.52
9.58
3.06
12.64
10.09
1.51
2.00
3.52
8.57
4.59
10.60
2.52
5.04
4.03
5.07
3.50
6.54
6.07
3.54
15.12
4.07
5.55
8.08
17.71
6.09
6.55
1.47
4.02
6.05
4.53
5.01
8.62
2.02
3.55
6.06
6.58
6.57
5.56
16.70
9.11
1.53
14.58
17.10
1.54
2.51
7.11
9.09
5.06
14.65
10.59
5.61
12.16
9.08
2.98
3.52
6.55
5.01
6.55
2.53
13.14
3.02
6.58
10.64
5.55
6.03
7.61
18.17
2.00
2.53
1.57
12.10
1.45
12.13
2.53
4.06
4.05
5.04
11.61
2.02
2.52
9.63
3.47
15.68
7.56
27.77
2.54
6.05
11.14
12.11
11.13
5.58
4.61
2.00
4.05
2.54
14.63
4.53
2.04
1.50
6.01
13.66
4.04
2.98
7.56
4.60
2.58
3.57
3.01
10.12
2.99
3.04
5.06
5.04
2.55
2.03
2.48
11.11
1.98
2.05
1.52
4.01
2.52
5.60
6.06
6.57
4.54
5.52
8.03
8.58
3.08
5.57
2.00
3.50
2.51
1.51
4.05
17.20
1.50
12.10
1.56
10.08
3.00
2.08
4.58
5.52
15.16
2.00
25.77
3.54
8.08
5.07
1.99
7.60
6.56
5.58
2.48
3.53
13.12
5.07
5.56
7.10
4.53
14.12
2.52
1.50
2.55
4.06
9.61
11.12
2.00
10.64
6.06
3.03
11.10
1.48
5.04
20.16
3.52
16.18
11.62
13.12
7.58
10.03
14.13
6.58
2.50
1.55
2.99
4.08
3.50
5.07
5.03
5.04
4.05
10.62
1.48
13.15
4.55
1.55
8.04
5.06
4.03
3.05
3.54
5.50
3.55
10.12
5.59
24.72
5.05
4.53
3.05
2.53
10.57
4.04
8.05
2.50
14.12
9.61
10.12
15.66
12.13
5.02
2.03
1.52
1.53
4.49
5.53
2.53
9.61
4.54
1.48
16.67
8.57
23.75
5.53
6.04
7.06
16.17
6.04
2.52
7.05
3.09
8.59
2.51
8.62
6.05
2.03
4.54
4.08
3.03
2.06
7.08
1.98
13.09
4.02
4.52
6.07
28.32
4.53
7.57
9.57
3.01
2.58
2.03
7.55
3.51
18.68
2.00
5.61
4.02
13.10
2.02
18.18
22.24
3.03
1.51
3.02
15.61
25.27
8.59
2.49
13.19
16.17
2.04
7.59
5.54
6.04
13.18
8.06
2.54
5.57
7.04
9.59
2.55
20.77
15.20
15.12
23.76
13.65
1.49
7.03
5.54
2.55
2.51
9.63
9.63
5.04
18.77
5.09
5.54
5.57
4.11
8.06
1.99
17.66
2.53
1.57
2.98
7.08
3.55
8.66
13.62
5.03
8.06
6.01
4.08
7.06
2.03
8.09
10.62
1.50
2.56
7.04
3.02
12.65
4.53
5.52
1.51
4.07
3.50
8.08
8.05
3.07
7.57
3.01
3.06
9.10
14.61
19.25
1.49
2.02
6.59
9.12
4.05
4.05
2.48
17.73
3.50
3.53
2.07
3.53
5.08
2.02
3.49
7.55
2.04
6.00
2.03
2.56
7.09
3.03
4.54
3.52
3.01
3.02
6.04
4.05
3.53
8.07
2.02
3.54
4.56
3.54
6.58
2.54
19.73
2.01
4.51
3.54
11.61
3.04
5.05
11.64
6.04
10.58
6.02
4.05
14.15
11.65
7.06
2.03
11.66
4.54
1.55
4.02
4.05
2.03
4.52
11.12
3.09
2.54
6.07
5.00
15.62
8.07
12.64
12.67
8.11
1.54
3.08
2.50
3.02
2.99
3.52
2.53
4.03
9.09
3.08
2.51
2.01
4.01
7.55
3.53
7.57
6.05
13.13
2.02
8.13
4.61
2.01
1.98
2.49
15.72
3.55
2.04
8.07
1.47
6.03
12.11
21.70
13.09
2.03
2.53
3.55
18.67
2.05
4.03
11.11
2.51
2.54
14.66
7.56
3.51
2.00
11.14
3.01
13.62
1.54
5.59
6.55
13.65
4.09
15.21
5.09
5.05
9.58
14.62
2.00
25.74
1.55
10.08
4.02
8.56
1.56
7.54
2.06
5.05
3.97
7.57
16.20
3.01
5.52
13.67
4.54
1.46
2.54
16.16
2.54
2.03
4.05
4.56
5.55
2.05
11.17
9.12
4.04
7.57
4.02
4.06
11.56
8.06
5.01
1.56
5.09
10.10
1.99
2.04
3.49
8.62
2.02
5.04
7.57
7.12
6.54
6.14
6.56
2.51
6.05
13.58
3.53
9.62
2.04
3.54
18.73
13.12
3.54
9.07
15.70
17.20
2.57
4.05
7.03
7.04
4.51
8.57
2.04
8.07
7.07
8.59
4.00
10.11
5.61
7.09
1.48
2.00
6.03
2.53
26.77
4.57
13.16
11.59
6.07
11.62
10.63
12.66
8.60
6.59
7.06
14.62
2.04
28.80
3.51
16.60
12.14
3.04
5.54
2.04
7.08
3.53
2.55
5.57
2.55
4.07
5.57
1.49
4.07
19.69
5.00
7.05
6.53
8.56
3.52
2.04
8.12
8.05
10.11
6.57
23.32
1.48
4.00
17.64
6.61
6.08
3.57
3.04
11.63
6.58
1.48
7.08
2.49
7.55
2.00
3.56
3.54
5.56
5.11
2.53
1.48
9.07
10.10
10.14
2.02
4.06
5.02
21.26
4.57
15.23
2.97
10.58
11.08
1.51
8.64
3.07
2.98
3.58
6.56
28.24
20.18
9.64
15.13
2.53
5.56
6.01
2.51
14.66
4.55
8.09
8.09
14.13
2.01
16.61
7.07
14.62
6.07
3.06
6.54
1.52
10.65
4.58
3.57
2.52
3.53
5.58
12.62
11.60
1.99
15.65
2.49
3.55
4.06
1.49
7.11
9.07
9.12
14.17
1.99
6.09
10.12
1.50
2.00
19.23
8.10
2.54
2.00
6.06
2.02
7.57
4.52
5.05
3.53
8.09
1.54
18.69
2.52
11.13
6.02
8.60
8.08
14.65
3.53
2.03
10.09
6.55
5.52
2.57
1.99
11.63
1.48
10.05
5.03
11.67
5.07
2.56
8.11
2.51
2.02
7.02
3.56
11.64
2.49
12.61
3.57
14.10
6.53
2.05
5.07
16.15
24.25
2.05
4.03
2.56
9.58
13.62
13.61
4.53
14.08
9.08
4.06
1.51
6.59
20.19
5.53
1.52
7.61
5.56
5.06
2.04
4.51
1.98
10.62
6.06
7.11
3.55
17.67
2.52
7.60
9.60
4.05
7.55
9.15
21.80
1.48
8.07
4.52
4.58
10.57
1.52
3.51
17.16
7.57
9.59
3.54
3.04
2.53
5.05
21.75
5.54
8.09
7.61
3.99
9.62
4.56
5.52
7.07
6.05
6.05
2.03
19.15
1.51
4.03
14.16
1.50
4.02
12.15
8.60
8.63
6.54
6.56
8.59
10.64
9.04
4.53
2.03
37.37
10.62
6.58
3.52
23.71
5.06
5.10
3.51
6.01
5.04
4.56
18.63
5.57
7.57
2.03
15.16
3.54
5.04
2.53
21.26
1.52
4.07
5.06
4.03
8.61
22.73
6.56
3.52
2.54
11.60
7.07
6.58
5.03
3.55
7.54
7.05
7.09
3.53
3.58
6.08
18.13
6.54
14.64
4.04
1.50
14.10
4.56
9.08
3.53
3.01
3.55
5.58
2.51
9.65
9.60
2.49
6.06
3.07
11.67
1.46
5.06
4.04
8.57
3.50
1.52
3.99
2.02
2.01
6.58
6.57
2.04
2.99
14.15
5.58
1.50
8.59
2.03
10.13
3.00
1.49
5.10
15.14
7.55
14.62
7.06
2.50
5.06
3.57
2.11
4.03
4.06
4.07
2.49
17.68
3.02
2.55
5.53
14.58
2.51
8.06
3.09
9.06
3.53
3.54
1.53
4.03
7.55
6.08
7.12
3.52
7.60
9.09
4.04
2.06
18.74
5.54
12.63
2.00
4.00
2.01
3.01
4.04
5.58
10.10
4.01
9.10
14.11
1.51
1.50
5.04
9.14
6.09
8.59
3.52
9.57
5.08
4.56
4.04
8.59
5.06
2.54
3.02
5.59
22.77
7.56
3.98
11.09
10.60
2.51
5.51
2.07
5.06
1.47
9.64
4.54
9.65
1.48
5.10
7.57
5.03
3.51
5.54
5.59
2.03
2.56
3.54
2.50
1.49
9.62
1.46
12.62
4.08
6.07
2.54
3.00
5.57
4.05
1.57
7.06
4.05
5.04
3.50
3.51
4.03
1.54
1.49
3.53
9.62
9.04
4.06
3.56
4.11
3.02
16.66
2.52
3.50
2.47
7.10
9.61
6.55
1.53
3.01
6.56
6.05
7.62
22.28
1.48
11.64
9.62
2.52
7.53
3.00
1.50
2.54
4.04
8.64
5.56
10.61
2.53
5.02
2.47
15.73
3.49
2.02
3.58
2.54
2.02
8.10
3.03
1.50
10.11
2.52
3.51
19.16
17.17
4.56
11.65
11.64
3.02
1.51
5.59
2.46
4.58
4.59
1.99
8.08
20.69
10.62
8.60
3.55
2.00
4.06
3.01
3.57
7.07
11.10
2.52
3.05
3.01
2.53
4.54
4.03
6.04
2.04
19.19
8.08
2.49
6.52
4.09
2.57
2.51
5.05
14.63
5.02
3.07
8.56
3.01
2.54
6.05
7.07
9.13
4.54
7.06
11.07
2.56
10.68
1.47
9.60
3.06
14.11
14.20
4.04
8.08
4.57
32.27
6.07
5.07
5.07
2.49
3.03
13.58
7.57
5.04
11.62
2.57
4.06
2.51
9.62
4.04
3.03
37.84
3.08
1.50
7.02
3.04
18.13
4.02
5.59
2.02
11.55
4.08
6.55
1.51
2.01
7.11
11.12
2.48
3.01
6.06
3.04
18.22
4.01
6.05
15.18
18.18
3.55
4.07
1.59
4.55
9.56
2.54
7.56
2.03
8.04
9.52
1.50
4.03
10.56
3.58
2.54
10.60
3.52
6.52
6.03
19.68
4.55
18.18
1.54
19.24
13.20
7.60
2.53
16.21
3.01
2.48
1.52
6.58
3.53
7.05
8.56
2.03
2.05
3.52
2.54
11.11
11.13
1.53
3.98
11.61
4.09
6.09
7.56
8.55
1.49
13.61
4.06
1.57
3.53
3.53
7.06
8.55
2.52
10.13
2.06
1.98
7.07
3.55
2.00
9.55
8.06
2.07
1.98
10.13
6.07
17.17
4.01
27.24
2.03
5.57
3.53
3.00
4.08
9.08
12.16
6.03
4.02
1.95
11.63
3.51
7.57
11.13
5.56
12.10
3.04
16.68
2.51
1.52
5.51
9.60
7.10
2.57
2.51
4.00
2.05
6.55
8.56
13.65
9.65
1.51
12.58
4.61
13.63
4.55
13.15
3.04
8.05
4.02
5.00
20.73
3.53
10.14
5.10
9.58
9.57
10.58
1.52
8.05
3.00
1.54
3.48
4.06
1.98
6.06
3.55
7.57
6.57
7.06
13.14
3.54
27.28
8.09
3.06
2.01
3.04
10.07
4.55
14.15
6.53
13.18
3.57
4.54
8.65
3.04
4.08
9.51
4.05
3.02
8.51
3.55
3.55
10.55
2.04
2.03
6.54
14.65
11.64
2.03
6.60
2.52
2.54
2.00
1.97
1.51
2.03
2.02
19.69
25.25
9.64
2.03
3.01
7.12
6.04
15.16
11.65
5.01
5.08
3.02
8.08
9.06
4.53
5.54
13.68
5.05
2.02
5.57
4.01
1.54
4.53
2.57
13.13
4.06
3.52
1.98
4.50
2.04
2.01
1.50
4.10
1.51
5.06
16.17
5.03
10.53
12.68
11.07
4.51
7.07
2.01
3.54
2.52
6.06
8.58
5.06
14.62
5.04
11.10
6.06
1.54
6.07
2.02
3.54
8.61
10.10
6.59
7.05
4.07
7.57
8.09
3.01
1.51
2.03
4.03
17.70
3.55
3.53
1.48
13.13
6.55
6.63
6.60
5.58
9.09
5.54
1.99
2.53
20.25
1.51
7.60
12.61
6.55
5.08
4.53
2.07
11.09
2.50
14.68
2.55
2.52
3.53
8.60
4.01
19.20
6.59
3.54
5.07
2.58
6.13
10.10
7.04
23.72
5.51
15.62
2.54
2.53
3.55
7.07
16.68
2.03
5.05
3.03
4.04
4.55
3.53
2.54
5.54
5.09
1.48
31.81
8.63
2.51
3.07
13.65
6.57
3.07
1.53
10.64
9.06
2.56
8.09
9.04
6.04
3.53
6.60
10.09
6.57
6.06
4.00
1.99
4.53
5.57
34.38
12.13
11.10
1.48
1.52
2.52
2.03
1.52
4.10
4.47
3.59
4.00
21.15
4.56
32.83
2.05
6.05
22.27
2.55
1.99
5.06
3.06
3.53
11.12
9.04
3.51
2.03
6.63
3.05
2.05
12.58
11.65
4.53
1.99
2.53
3.52
6.02
3.52
5.57
10.63
3.04
3.06
4.02
14.68
6.06
11.64
2.02
11.09
6.07
5.04
4.00
2.05
6.56
7.06
9.08
4.54
2.04
13.58
8.58
2.53
5.04
10.64
2.02
3.57
15.19
3.51
7.55
2.05
1.52
6.01
9.08
2.04
5.54
2.51
6.05
8.05
2.00
4.52
5.49
2.57
2.01
3.59
4.05
7.10
2.49
1.96
1.50
1.50
2.50
3.54
5.05
4.07
9.57
14.15
9.62
2.06
3.03
1.52
11.10
8.07
7.13
5.52
2.53
7.08
3.00
3.02
5.11
8.58
1.48
3.98
2.01
4.06
8.59
21.23
2.53
20.17
4.58
2.52
4.54
4.54
8.04
11.61
10.10
7.05
3.03
1.50
11.17
5.57
6.60
3.06
5.51
16.71
6.05
4.01
7.03
2.51
3.01
7.01
6.05
12.17
2.49
15.17
5.58
4.53
3.00
19.22
2.02
2.03
2.99
2.04
4.06
10.58
6.59
5.01
3.53
7.55
2.01
5.06
2.52
6.08
1.48
6.60
5.07
13.65
11.62
5.07
4.06
9.54
5.06
2.05
3.51
4.03
4.04
6.08
14.16
4.03
2.49
21.70
3.04
5.04
7.10
2.02
3.56
4.57
1.48
5.52
5.56
4.06
7.55
9.58
9.09
4.02
7.57
1.51
3.51
1.99
11.65
2.54
1.49
8.64
8.14
2.52
5.10
3.00
2.07
3.53
15.68
7.07
5.07
7.05
7.05
2.50
4.53
3.05
10.16
7.56
5.55
4.06
5.56
4.07
1.98
3.02
9.62
18.64
3.01
11.15
13.67
1.51
2.53
2.02
4.06
5.54
6.57
1.98
10.59
1.52
6.59
1.49
4.08
2.51
12.08
9.10
1.57
2.02
2.52
2.46
2.58
2.02
4.00
3.54
9.60
8.59
2.51
17.19
2.00
4.01
3.56
3.07
4.03
3.02
11.63
10.59
6.02
2.04
5.56
6.57
6.04
9.06
5.08
2.05
6.07
21.70
3.56
4.06
2.04
3.51
12.69
3.00
5.02
5.56
19.62
7.55
4.08
14.66
3.50
8.09
4.52
1.46
8.10
3.03
2.06
3.99
5.07
2.00
15.16
1.48
17.25
17.14
4.04
2.02
8.66
9.04
1.98
8.61
5.07
19.16
6.56
3.54
3.02
2.02
2.03
3.54
6.56
8.08
8.56
11.14
7.55
1.99
5.05
10.13
1.53
2.53
8.61
14.67
3.54
5.04
2.54
7.57
10.10
1.52
6.59
13.13
14.14
7.58
5.60
6.56
26.75
7.07
2.55
5.03
2.52
11.13
18.18
3.51
28.81
14.66
3.55
5.56
12.67
5.55
3.01
16.69
4.05
3.52
4.53
4.56
16.17
5.05
11.62
2.53
3.55
2.53
1.97
2.50
10.61
8.06
1.99
5.61
8.11
18.72
14.62
4.05
15.13
2.04
11.11
16.14
2.02
2.52
4.56
4.04
24.26
25.26
7.61
7.08
5.08
3.54
12.57
18.69
4.02
2.02
5.10
3.50
7.10
4.49
8.07
7.59
3.53
3.50
2.01
9.60
3.51
2.07
4.56
2.01
8.05
10.10
6.61
13.11
3.07
6.07
10.14
16.68
4.52
1.50
4.09
2.49
7.06
6.06
6.05
13.11
5.50
8.03
7.07
2.56
4.02
3.01
2.56
10.59
4.04
7.59
3.54
5.51
1.56
7.10
6.03
7.07
1.54
6.03
3.49
3.06
5.53
2.05
1.49
4.08
1.49
14.66
2.04
16.12
19.17
5.06
9.62
11.60
8.09
2.56
2.56
2.98
4.03
19.66
4.54
1.54
2.52
5.52
2.06
24.76
6.04
9.55
10.64
9.05
7.55
1.54
11.61
8.09
6.62
1.50
6.02
6.05
6.04
3.04
6.07
8.60
6.57
3.02
1.51
10.63
5.07
2.01
1.49
15.66
20.20
6.07
4.03
3.03
11.11
5.58
1.47
8.09
2.49
4.03
6.59
8.09
4.05
4.05
5.55
9.06
1.55
13.59
15.15
5.07
3.04
5.03
3.51
11.12
7.12
6.56
4.00
4.49
10.11
7.07
5.56
3.01
4.53
2.03
3.56
12.17
5.07
5.04
5.51
4.56
3.57
2.49
4.03
9.61
1.99
6.55
8.05
3.52
2.53
12.11
8.09
9.10
3.55
12.15
9.64
13.60
1.51
4.55
3.03
8.60
1.48
5.08
11.12
8.65
19.19
8.03
11.56
6.57
5.59
3.55
22.68
5.01
3.56
2.49
5.10
18.74
6.62
1.98
13.16
11.61
11.65
2.54
1.98
2.01
2.03
4.55
10.17
2.04
2.99
2.53
8.07
32.95
20.75
9.59
3.04
2.01
5.03
7.55
4.09
4.03
6.09
4.06
17.19
1.49
12.63
8.02
3.98
2.55
9.57
3.52
9.10
8.08
3.56
5.06
1.54
26.84
2.50
5.02
2.53
10.04
4.07
8.57
1.54
6.56
2.53
10.62
11.12
3.04
4.57
9.11
5.58
2.56
40.40
3.52
2.00
3.53
12.61
3.02
1.53
8.09
3.02
16.67
7.09
8.60
2.53
20.68
4.03
7.08
2.52
3.08
9.65
18.20
5.07
15.19
9.07
3.04
9.07
5.53
10.04
6.10
10.10
4.02
5.60
6.61
14.08
5.01
9.58
8.03
1.50
2.02
1.48
6.06
5.12
7.09
4.56
3.53
4.01
7.08
3.05
2.00
8.54
5.54
1.51
1.50
5.56
2.02
13.15
4.03
14.11
9.62
3.56
9.58
4.01
6.09
3.55
6.52
4.05
1.97
3.04
3.00
2.05
4.08
3.54
5.56
18.70
8.06
5.00
15.71
4.56
3.05
2.53
2.53
2.02
4.01
4.51
8.66
7.56
2.96
3.52
3.58
9.56
11.11
30.81
8.60
10.11
3.01
5.05
2.52
1.52
33.31
1.51
2.51
3.51
5.10
9.07
3.01
9.08
4.58
5.06
6.56
18.18
5.52
11.07
5.55
1.51
2.05
2.52
18.66
2.52
6.56
8.57
7.60
10.59
4.02
6.56
9.10
11.15
6.56
2.50
9.11
7.55
3.55
13.16
5.57
6.06
6.55
4.04
7.51
1.53
4.54
10.10
9.06
8.11
7.05
6.61
9.60
11.57
34.34
1.55
7.57
15.65
10.65
14.13
6.05
9.55
11.64
5.55
8.11
4.03
3.54
7.09
4.04
6.03
4.06
10.13
4.05
4.02
9.62
2.99
7.06
2.54
5.04
1.49
4.08
3.07
1.47
4.03
23.20
23.76
3.50
2.00
1.52
9.07
11.60
1.54
5.05
3.53
7.11
12.66
8.08
13.11
1.49
3.01
4.50
10.11
7.56
10.64
5.09
15.64
3.49
10.16
14.68
1.97
8.08
6.04
2.55
2.55
3.04
9.11
5.55
9.60
4.06
21.20
4.06
4.55
6.08
9.08
3.51
19.17
14.70
16.13
3.52
14.13
11.14
3.53
2.59
13.16
3.52
12.14
1.49
11.12
6.54
5.04
11.10
9.57
2.03
12.67
3.07
3.53
3.50
10.15
2.51
8.06
4.55
8.12
1.99
3.00
9.65
7.56
3.99
2.03
10.08
2.04
2.53
5.58
3.00
17.75
5.04
5.57
1.50
1.50
5.06
4.51
3.01
4.06
2.60
2.49
12.60
13.65
3.48
2.53
1.98
4.05
2.50
3.04
4.54
4.05
1.51
3.54
2.56
10.60
5.02
6.55
2.01
2.04
1.50
2.53
1.52
2.04
9.10
5.08
2.54
6.57
7.02
11.15
3.54
2.01
6.57
9.59
10.08
1.53
5.07
3.06
4.01
4.01
3.03
5.05
5.55
4.54
5.09
2.07
1.98
3.55
3.01
6.54
2.02
5.06
9.05
2.57
2.55
12.65
15.14
4.02
3.05
8.04
6.53
1.51
5.56
3.52
3.54
3.51
3.05
9.08
1.55
5.59
11.64
7.06
1.98
3.99
4.58
1.49
17.75
7.07
2.00
4.56
9.08
2.05
1.53
26.22
15.64
8.03
9.06
9.62
5.07
8.12
7.10
1.98
9.10
9.09
5.09
3.56
9.60
6.03
4.05
4.53
16.62
2.50
3.06
1.58
4.06
2.52
19.18
8.08
8.62
7.61
1.50
2.03
5.52
8.66
1.98
2.03
2.04
4.00
15.67
11.16
23.23
2.03
31.29
4.52
18.12
11.14
5.62
13.71
3.61
1.43
2.46
2.02
3.53
5.50
2.08
3.52
9.62
1.99
4.52
5.05
4.06
6.58
7.54
5.53
6.09
12.63
11.60
20.20
1.47
5.54
21.20
2.57
3.51
4.56
7.04
5.58
4.59
20.67
8.08
7.57
16.70
9.65
7.02
3.99
2.01
1.51
2.03
2.49
19.18
2.50
7.56
21.29
3.04
1.55
6.10
2.51
19.17
9.05
4.05
4.04
9.61
3.10
6.08
5.52
3.02
6.00
10.12
2.54
1.50
4.07
3.03
5.58
3.07
5.56
2.54
2.49
4.03
9.58
3.52
4.05
9.07
6.60
14.65
6.11
2.50
3.52
2.02
7.02
4.54
15.66
8.56
6.02
12.62
6.05
5.08
1.99
24.24
8.57
3.58
7.55
2.00
5.53
2.54
2.03
3.01
2.56
6.58
1.45
4.50
12.62
3.54
3.48
10.64
9.11
3.50
1.51
8.62
4.55
6.57
2.55
2.00
2.01
8.05
2.50
7.65
4.49
10.63
3.53
8.63
4.07
5.60
34.32
1.48
3.02
11.16
9.11
5.57
2.51
2.51
16.65
5.02
6.57
2.56
18.68
9.11
4.05
2.00
2.47
3.04
6.03
11.11
3.58
2.48
6.05
9.58
8.10
2.02
2.05
5.59
5.56
2.05
4.05
1.50
1.54
8.59
7.09
1.99
3.53
13.16
1.50
3.52
2.53
9.06
8.10
8.63
2.53
3.02
6.54
1.49
3.50
3.55
4.53
4.06
2.52
2.54
14.65
6.08
5.51
16.16
8.05
2.56
12.65
14.67
10.57
5.08
19.66
12.09
2.50
15.64
6.03
5.55
8.57
11.12
2.02
9.08
8.13
1.99
5.58
11.09
6.61
11.11
2.02
5.09
3.52
1.48
5.07
4.59
11.07
11.16
30.25
8.59
3.07
2.52
9.09
7.58
6.62
1.50
1.49
1.56
7.54
12.11
23.69
8.60
31.85
4.01
5.59
8.53
10.10
4.08
3.47
19.22
5.55
2.02
2.51
1.55
10.13
2.55
6.60
7.08
5.50
1.51
11.10
8.58
8.12
2.53
3.00
5.54
5.59
2.50
13.66
1.99
12.15
2.03
4.05
7.05
4.05
2.54
2.52
3.98
4.51
9.61
9.55
3.52
6.08
5.55
4.08
1.99
5.58
5.54
2.53
2.53
6.08
9.05
8.62
5.05
4.53
2.51
14.63
3.02
8.07
18.24
16.14
3.54
12.66
12.62
10.62
3.49
3.53
16.64
6.06
5.09
6.02
10.63
6.61
7.06
3.51
2.47
5.08
7.53
10.60
4.08
3.52
2.01
9.11
2.02
2.03
16.70
6.53
11.10
11.62
13.65
2.51
9.09
13.63
10.10
8.59
2.04
3.02
4.03
10.59
3.49
8.57
2.53
9.06
9.61
2.54
10.65
7.60
3.57
4.02
9.62
2.49
6.54
6.55
1.52
4.99
2.07
7.09
10.11
1.50
12.13
1.99
11.56
7.06
3.07
6.60
1.52
5.56
2.54
18.16
6.50
8.05
13.12
2.53
8.58
9.60
6.56
6.57
7.03
1.51
7.04
12.67
2.50
1.97
10.19
8.59
5.58
3.55
3.05
1.49
3.00
3.56
2.53
5.54
32.82
11.61
1.50
20.14
4.60
5.55
2.52
17.16
10.12
2.02
15.63
5.02
3.50
7.58
6.61
8.12
12.11
13.11
7.57
11.07
4.07
7.06
6.53
2.54
8.07
1.99
12.63
2.52
3.51
6.57
7.58
19.69
5.04
24.78
4.54
3.56
8.12
2.50
6.05
17.15
3.04
1.48
14.67
4.51
4.52
7.06
4.54
8.56
7.05
9.59
20.25
6.11
22.24
6.08
14.17
3.50
2.00
5.11
2.46
7.08
5.58
2.01
6.08
13.68
6.06
10.07
3.54
7.58
3.55
1.52
3.06
8.61
7.56
2.02
3.50
4.03
3.00
3.55
2.02
7.09
6.55
2.49
1.52
1.52
9.63
3.04
25.23
4.06
1.51
7.12
13.12
3.55
5.59
5.02
12.60
7.55
25.19
2.02
6.55
8.06
9.08
10.58
4.05
8.10
5.56
10.06
3.10
22.69
14.17
2.00
5.53
2.51
15.65
6.60
2.52
1.49
6.01
3.58
4.54
3.49
6.06
10.56
5.01
4.57
6.09
8.56
7.60
6.55
6.05
4.53
5.09
2.00
11.09
8.61
4.04
1.52
8.05
4.05
8.11
23.84
1.96
2.52
1.49
12.63
6.08
12.10
1.51
4.03
5.56
13.17
3.55
3.01
4.04
2.52
11.65
19.70
4.56
8.63
4.07
5.04
5.03
7.11
9.58
4.03
8.61
16.69
3.54
2.98
1.50
9.59
3.58
8.60
8.54
7.57
14.17
2.56
2.97
12.68
10.59
1.97
11.59
14.16
6.03
8.65
1.97
3.55
13.64
2.53
5.06
10.11
2.03
6.55
9.06
1.56
6.57
3.52
3.49
12.09
12.13
6.08
3.56
3.02
10.10
5.54
6.57
5.08
7.57
3.50
11.10
4.58
11.60
5.06
5.56
3.05
7.60
1.52
8.57
6.61
4.55
11.62
3.00
10.58
10.09
2.55
3.04
3.55
15.70
4.03
4.04
7.53
5.03
19.19
8.11
15.13
9.11
4.55
8.58
30.24
5.50
3.54
2.51
4.06
4.06
10.12
20.20
18.67
7.10
1.95
5.55
5.09
20.71
3.53
2.00
3.03
5.51
4.53
15.66
2.51
4.07
2.02
2.51
1.50
4.53
3.60
1.48
8.06
2.52
7.10
6.60
1.54
1.51
9.11
7.05
2.53
11.65
8.54
4.06
2.03
7.57
1.53
5.03
10.61
6.55
11.14
2.50
9.08
5.03
5.03
4.02
4.04
3.54
2.02
1.55
6.59
16.68
3.52
14.71
6.09
8.07
7.02
8.57
5.08
1.51
2.02
4.52
3.54
4.05
5.52
5.10
8.64
1.44
1.94
13.65
2.54
13.12
1.54
21.18
18.67
6.53
6.58
13.62
7.60
7.05
10.09
8.11
8.16
8.61
23.74
14.14
9.07
4.56
10.57
2.49
1.52
6.04
8.56
2.03
2.01
4.58
13.07
2.51
3.03
12.66
9.12
6.05
3.00
6.04
2.01
3.53
6.05
5.07
7.55
15.13
2.07
8.08
1.51
8.07
12.08
1.53
8.62
2.04
1.50
4.55
17.70
17.15
4.55
4.54
6.54
8.59
6.59
2.04
5.60
3.50
14.15
2.03
8.54
14.13
10.11
11.64
6.58
14.67
5.52
15.15
5.52
8.55
5.53
5.58
21.19
12.09
5.55
2.04
8.63
3.56
5.59
4.49
2.58
9.59
6.51
3.55
14.15
3.02
1.50
6.05
10.10
13.12
8.11
2.49
5.02
4.56
1.51
7.55
10.60
3.54
3.04
3.61
3.00
9.63
12.13
3.02
15.69
10.06
8.62
7.08
6.55
4.53
2.52
1.55
3.05
10.61
2.02
5.06
2.49
6.03
3.04
7.14
18.19
4.00
3.01
5.04
2.02
8.54
9.65
11.09
4.02
3.55
1.51
12.14
6.10
6.55
14.64
2.52
1.52
1.99
11.63
5.57
7.08
10.11
9.13
5.07
3.01
8.06
5.52
4.54
11.60
4.00
11.12
7.62
2.51
3.03
3.57
3.57
10.06
1.57
5.02
1.98
11.10
1.98
21.74
2.07
4.06
5.06
1.99
8.57
4.58
3.00
3.51
11.60
11.63
3.01
4.52
7.11
1.54
6.05
1.50
4.03
2.56
6.57
1.50
4.02
2.03
2.06
4.03
12.61
9.08
5.52
10.06
9.61
11.16
8.57
1.97
3.06
3.00
5.56
10.64
5.07
12.11
6.04
8.59
6.06
3.54
2.55
18.66
12.15
1.48
4.02
3.02
4.09
6.57
1.99
3.99
10.12
11.13
1.52
4.02
2.55
7.08
6.57
1.48
4.02
3.55
5.52
2.04
4.59
4.04
7.57
1.99
3.03
3.06
6.01
7.09
5.02
5.04
2.01
4.04
8.11
7.06
1.54
6.60
4.53
13.17
6.58
9.60
6.03
18.73
5.05
7.04
2.58
6.58
1.47
5.07
5.59
10.60
3.57
3.52
1.94
2.09
2.99
19.71
12.66
6.05
1.99
5.00
5.51
3.03
7.58
16.68
8.11
13.68
2.02
20.20
6.55
8.57
1.97
4.04
3.03
10.61
8.57
4.06
1.50
8.13
1.97
7.55
12.16
9.63
2.49
26.30
3.01
10.12
2.53
2.04
18.71
1.48
6.02
2.56
30.30
8.16
5.57
5.51
3.48
10.15
1.52
2.99
5.57
4.59
20.20
14.65
3.51
8.58
5.62
4.57
3.55
5.53
2.01
13.13
2.56
4.07
15.16
6.04
1.53
4.02
15.16
6.56
2.00
1.51
2.02
3.56
2.03
1.51
3.56
1.49
1.49
8.10
2.53
7.56
4.02
2.07
2.03
1.49
8.06
2.53
4.06
20.16
7.56
1.51
2.02
2.01
20.70
2.00
2.05
2.55
1.47
2.49
2.06
18.22
1.48
1.48
15.13
8.12
7.07
8.11
9.58
4.02
8.60
18.14
14.66
9.58
25.77
5.11
11.60
6.09
3.01
1.99
3.59
1.52
4.56
4.51
9.58
5.54
4.01
5.06
3.00
4.07
2.03
10.10
2.01
5.07
10.05
8.56
4.01
3.51
4.57
1.46
2.04
11.10
32.35
5.10
10.08
2.06
7.07
2.55
2.47
11.60
1.55
3.54
6.50
1.57
2.03
14.62
2.50
1.52
3.06
8.56
13.11
7.56
19.71
6.04
3.54
4.03
2.52
2.05
5.03
3.51
2.54
7.58
2.04
4.53
2.55
9.59
6.53
9.04
8.60
4.08
6.05
11.14
1.48
12.64
9.04
2.60
6.59
7.04
12.63
2.52
4.55
1.57
2.53
9.55
3.07
6.53
4.10
5.54
2.03
10.62
2.01
7.06
8.58
9.08
2.01
2.50
3.07
32.83
1.50
8.04
3.52
1.54
1.99
7.08
4.08
11.64
21.21
3.49
1.49
4.03
5.53
4.53
8.59
12.12
8.63
5.03
6.05
2.02
2.58
2.51
2.07
4.05
9.09
2.04
28.30
4.03
8.09
1.97
3.98
3.56
8.60
3.00
2.52
18.14
7.64
2.55
2.52
9.12
2.02
4.06
3.01
6.08
5.55
1.99
6.06
2.02
6.03
6.53
15.69
17.15
17.20
13.19
5.03
6.51
7.07
3.00
7.08
5.05
12.63
2.55
2.03
4.07
5.05
5.60
2.02
2.01
4.05
2.02
4.52
4.07
2.00
6.59
6.57
16.70
3.51
11.11
3.53
4.06
11.57
2.04
9.09
2.01
2.55
2.05
2.53
3.02
8.07
6.01
4.63
10.59
11.07
8.06
4.52
2.53
2.55
14.06
22.21
4.03
2.00
7.51
1.53
1.56
5.56
4.05
2.52
7.52
6.56
3.01
6.61
26.26
6.60
6.05
2.03
5.56
9.06
2.55
2.49
4.05
12.13
2.01
2.01
1.51
2.06
4.06
10.04
1.48
3.52
5.08
3.49
4.03
18.16
15.62
14.68
5.52
2.50
2.53
12.62
3.60
3.01
9.59
3.55
20.20
4.56
2.00
13.12
9.62
3.06
7.61
4.05
6.54
10.61
10.14
7.04
7.62
2.56
4.01
8.48
5.52
3.58
30.85
7.56
13.16
7.08
12.59
6.57
22.19
13.62
19.17
1.49
8.08
7.06
21.76
3.55
2.03
5.04
4.01
1.54
8.06
2.01
10.10
11.08
6.53
2.06
3.05
6.02
4.03
5.11
1.97
1.46
8.57
6.11
13.68
4.02
7.01
2.04
12.10
7.60
8.57
7.08
8.08
2.54
2.50
6.11
3.56
7.55
13.06
1.52
1.55
6.60
9.57
2.99
1.97
2.02
2.03
5.52
2.56
8.61
3.05
1.51
11.62
10.57
2.55
28.82
9.10
11.64
6.07
15.12
4.53
19.18
11.63
3.60
6.59
6.05
7.54
2.52
1.98
5.55
7.06
9.52
9.08
8.61
6.02
9.60
3.10
9.61
4.06
1.47
1.49
1.98
3.51
10.11
4.08
2.56
1.99
5.59
2.00
4.03
6.59
2.54
4.02
6.05
5.04
8.03
3.02
5.09
7.57
2.56
16.68
5.56
1.51
4.52
2.54
2.52
18.71
5.07
3.06
4.51
2.48
1.55
18.18
3.05
2.50
7.05
15.66
8.09
8.60
5.09
6.07
1.49
1.98
2.01
5.53
2.52
8.64
8.61
5.07
8.08
9.08
5.08
8.13
5.54
14.70
6.03
17.67
4.06
7.58
6.60
10.61
3.04
2.52
5.57
2.57
16.14
10.53
6.53
12.12
11.63
2.01
9.56
5.02
24.27
3.50
11.64
4.05
10.60
3.50
4.03
3.56
2.03
21.72
7.04
9.09
5.08
4.52
2.54
2.54
2.50
18.72
3.51
3.49
2.56
1.51
5.06
10.58
19.26
1.56
4.05
5.55
5.03
8.62
4.01
3.57
1.48
12.12
6.54
1.54
2.99
6.59
1.52
2.50
3.57
8.12
5.60
4.51
5.01
10.08
14.16
9.09
6.56
3.01
2.06
2.52
5.03
13.12
7.52
13.69
6.60
8.66
9.63
2.46
2.56
7.02
1.53
7.56
9.03
3.03
2.55
8.06
3.54
7.07
3.56
3.56
3.06
4.04
3.48
7.06
2.03
4.01
5.05
3.54
6.54
4.59
21.22
14.63
11.14
9.09
2.05
2.53
11.09
1.98
2.03
5.05
3.04
1.56
5.59
6.02
5.04
9.65
1.99
4.04
11.67
2.00
3.60
6.54
1.56
11.10
8.03
6.03
8.03
2.53
10.60
12.65
1.49
2.00
7.09
12.14
4.07
3.01
2.54
3.01
13.15
11.67
15.64
14.12
4.56
4.07
10.57
5.06
2.99
3.07
6.57
6.03
10.08
13.61
1.49
2.04
4.05
3.54
3.54
9.14
2.50
5.55
1.50
8.62
20.76
2.59
4.56
1.98
1.54
1.49
4.55
7.02
3.07
4.52
4.03
4.06
4.55
7.05
10.11
5.03
3.56
5.07
5.05
4.03
6.55
5.55
2.07
8.54
4.57
11.60
16.16
1.48
1.55
5.56
1.53
25.29
2.49
1.51
4.05
10.10
1.99
7.09
5.03
8.58
3.56
11.12
6.05
2.04
20.69
4.02
1.52
6.06
3.54
8.13
3.57
5.05
39.87
7.55
10.11
2.03
1.51
4.56
1.50
4.58
2.49
2.56
1.54
4.07
4.00
9.61
1.50
7.57
7.03
2.56
2.01
3.50
3.54
12.18
6.54
5.57
2.00
5.04
5.06
3.54
1.55
1.48
2.52
8.56
4.07
9.09
5.56
11.64
3.54
2.49
8.08
1.51
2.51
15.15
4.03
4.05
5.09
2.06
6.55
1.99
6.59
6.56
5.58
1.99
6.56
2.00
3.51
4.53
12.61
8.61
1.52
9.60
2.02
11.12
2.05
3.99
5.53
9.60
11.06
1.49
2.04
2.50
5.56
11.66
5.57
5.56
17.18
1.98
4.01
1.54
19.17
6.05
3.58
3.01
7.61
6.56
11.65
5.54
13.12
14.17
1.55
3.47
14.64
5.57
12.61
2.02
4.07
2.04
28.27
1.46
8.59
10.62
24.32
13.56
1.52
2.99
6.58
2.56
7.61
7.60
15.67
6.01
2.04
1.53
4.03
2.06
5.05
8.06
2.53
6.06
10.10
2.99
5.07
5.50
3.55
9.59
16.24
3.04
6.07
14.16
3.00
2.01
7.06
10.13
4.07
14.07
3.49
10.11
5.02
4.02
2.02
2.52
7.08
15.64
2.55
6.56
16.65
9.11
6.09
18.18
15.65
16.14
6.07
1.55
1.52
3.09
2.49
5.07
3.57
6.59
14.16
3.01
6.52
9.60
3.01
4.04
9.61
16.68
1.49
2.00
17.22
2.01
2.03
7.66
3.57
2.04
2.99
3.00
1.48
2.06
8.55
9.07
3.52
2.99
12.12
1.97
14.10
2.07
23.28
2.03
5.56
4.54
2.01
3.53
3.49
22.24
7.02
2.55
4.06
5.02
12.62
9.05
14.68
1.51
2.00
4.57
2.54
3.55
2.54
4.53
7.04
12.10
1.56
8.07
1.52
6.02
30.32
19.25
14.11
15.61
10.13
2.51
1.48
2.56
6.10
5.57
10.64
20.18
1.97
4.04
7.58
5.61
1.98
11.15
10.59
12.65
5.04
3.52
7.56
16.70
11.08
4.54
2.99
4.57
4.06
16.13
9.60
5.55
1.48
7.03
9.09
8.60
14.14
12.65
5.08
8.60
8.57
5.04
2.56
1.99
15.16
6.08
2.03
6.59
4.03
1.50
1.49
1.57
5.59
2.04
2.50
13.07
2.00
3.57
2.52
5.02
4.01
1.54
8.52
20.19
1.55
16.68
19.11
3.02
6.57
5.57
2.56
28.28
2.53
6.53
11.67
7.56
15.16
22.21
1.57
2.03
4.00
1.95
1.51
2.53
8.09
3.55
1.49
7.08
12.60
2.52
12.08
9.61
10.60
4.05
2.55
2.53
2.03
7.07
12.14
11.63
7.09
8.05
3.52
6.08
1.54
14.18
1.51
6.62
1.49
5.03
2.54
8.06
4.05
7.06
4.57
5.01
9.08
5.10
2.00
5.04
6.05
2.51
2.55
3.54
11.60
5.07
7.09
5.54
5.02
11.63
18.20
6.56
6.58
10.08
17.20
3.53
2.49
17.14
8.59
2.98
8.56
2.05
9.07
10.12
5.01
5.57
5.05
3.55
4.02
2.54
6.10
13.20
4.51
2.52
11.62
7.62
2.52
3.59
10.62
6.07
18.72
3.48
4.56
14.59
2.03
2.04
18.18
16.13
6.06
9.06
10.60
8.07
11.62
25.21
9.08
4.57
3.53
9.09
2.51
2.58
5.62
7.07
10.61
7.55
1.47
1.56
1.52
30.85
1.47
1.52
1.48
2.05
5.06
5.10
1.99
5.07
9.14
2.01
11.61
6.55
6.56
2.52
2.01
4.10
3.02
7.55
7.08
4.59
6.59
9.11
6.04
17.09
1.52
10.61
7.56
1.52
2.04
3.49
3.58
8.09
1.51
9.60
4.03
15.13
5.01
2.52
1.53
8.58
5.05
1.53
25.23
6.04
9.59
2.55
10.60
2.02
3.48
4.57
1.99
12.56
14.61
6.07
7.12
12.11
4.06
10.12
5.57
3.48
2.53
1.52
2.02
4.02
2.02
3.53
15.64
2.53
2.04
11.63
3.02
18.15
2.54
2.52
2.02
1.52
7.56
3.04
1.47
3.04
2.02
1.53
9.63
9.56
2.00
3.03
5.55
2.56
6.04
5.08
1.49
17.65
2.53
2.06
5.10
5.00
6.65
5.00
10.18
5.03
4.06
1.47
2.01
5.99
4.05
2.52
13.17
2.03
8.60
5.06
9.67
6.54
2.00
2.51
2.54
4.59
6.54
3.03
2.51
8.60
8.58
7.12
3.53
2.03
4.02
2.57
8.56
1.52
14.13
13.15
6.04
2.96
8.10
3.56
15.06
2.99
2.06
1.99
8.06
4.06
2.02
13.67
10.63
4.55
5.05
6.57
4.01
4.52
17.75
10.60
16.16
13.12
3.49
4.04
5.04
12.64
3.02
3.53
16.12
3.04
3.54
10.12
24.79
2.54
2.55
3.56
5.04
6.56
2.02
15.65
3.50
2.02
3.52
2.53
7.09
6.58
6.05
5.52
27.30
2.54
9.61
2.51
1.51
10.57
8.55
1.52
7.06
3.02
11.12
11.10
3.03
1.56
13.07
10.62
12.14
20.69
2.01
16.09
6.54
12.65
3.54
15.67
11.14
1.54
2.59
5.03
1.54
4.48
11.15
1.49
8.58
2.49
3.47
5.07
2.06
1.50
8.64
2.02
5.52
8.09
12.66
2.01
5.05
2.01
17.64
4.04
6.06
7.12
4.55
1.51
5.54
1.50
1.53
4.04
4.07
14.18
23.23
8.59
8.55
8.55
6.52
4.54
3.03
9.60
5.05
5.60
5.03
4.04
10.12
7.55
5.00
1.55
2.51
7.58
18.68
2.97
8.57
4.53
4.06
8.06
5.61
1.53
5.51
1.99
1.55
2.54
5.53
10.10
9.08
2.00
7.59
4.52
4.50
1.54
3.56
5.05
4.55
3.53
11.14
10.09
3.49
13.67
9.08
11.07
3.55
4.09
1.49
13.16
12.69
7.08
6.55
4.05
11.02
23.24
15.17
1.49
2.02
9.09
13.14
2.51
2.52
9.10
6.13
5.07
5.06
3.54
15.12
2.00
3.56
4.08
10.59
16.64
9.56
4.03
7.10
20.19
2.99
8.07
15.13
8.59
25.29
6.58
11.61
4.54
2.52
7.02
7.60
13.59
2.54
1.50
2.06
6.59
2.00
5.61
36.34
5.02
4.52
3.06
10.11
3.08
16.19
15.68
2.48
2.49
14.66
4.00
2.06
10.58
9.61
14.64
4.55
5.53
4.52
2.55
1.52
10.54
6.57
4.07
7.59
2.00
9.61
3.52
8.07
3.53
4.08
6.57
8.06
7.56
12.64
11.10
6.58
4.02
3.51
4.50
2.00
11.07
7.57
9.63
9.09
7.05
18.75
10.61
3.00
12.09
8.61
3.55
4.57
4.06
4.53
9.06
11.09
4.99
2.52
8.10
21.65
5.55
1.97
3.04
4.04
6.05
1.52
10.11
10.15
21.74
6.10
3.54
5.12
3.98
3.04
6.00
7.54
1.55
3.57
11.62
4.05
5.57
12.11
9.09
1.56
8.03
4.51
5.00
1.52
7.04
3.07
6.57
10.63
26.26
2.04
2.49
4.52
4.56
3.61
8.08
10.67
10.65
4.51
3.57
21.73
25.80
9.06
6.03
2.06
4.00
1.47
5.53
2.05
9.12
7.09
5.55
5.06
4.08
8.57
2.06
3.47
2.48
5.57
18.73
5.55
7.08
6.59
3.02
6.60
8.59
1.54
4.55
11.64
2.99
5.58
2.52
9.10
9.63
2.00
2.01
11.63
2.02
3.05
1.53
6.04
9.06
7.00
4.03
3.03
7.05
2.02
16.16
19.70
1.54
6.61
14.14
5.01
4.04
4.54
17.71
3.04
4.52
5.00
2.57
9.53
8.61
2.03
4.08
11.08
2.04
5.00
7.04
3.05
3.52
2.53
9.08
22.20
3.03
6.05
17.69
4.55
1.49
9.60
5.54
5.09
25.27
2.52
18.19
6.58
17.20
7.06
5.50
6.59
2.02
5.56
2.56
3.49
1.51
2.51
2.01
16.74
5.06
3.08
1.98
8.54
8.10
9.07
11.61
3.52
1.50
5.07
7.08
5.56
7.09
13.12
3.55
5.54
6.02
22.69
3.54
9.09
10.59
3.04
2.54
5.05
6.57
8.62
2.01
6.61
4.03
6.04
27.27
6.58
10.56
15.67
14.12
2.49
5.06
5.04
8.64
7.07
4.00
1.54
13.11
32.38
4.05
2.50
4.58
4.05
5.04
10.59
5.04
13.10
8.08
13.65
14.67
8.59
2.56
13.60
10.10
4.56
8.11
1.49
14.21
4.06
12.61
2.00
7.08
5.09
11.09
25.27
5.07
7.52
11.60
14.16
2.55
2.50
8.06
8.57
5.02
5.03
6.08
5.62
2.04
12.64
11.12
3.56
5.02
4.01
1.52
3.53
11.04
2.02
9.59
2.53
7.04
8.62
9.61
11.65
1.99
8.58
7.07
3.05
7.07
5.56
1.54
2.50
5.51
3.48
5.57
4.06
3.55
1.49
8.07
1.54
6.60
4.08
4.01
13.60
5.54
9.62
5.55
3.55
7.55
1.49
3.00
10.62
5.09
10.10
7.59
4.06
6.02
4.48
5.05
3.03
10.10
6.05
10.10
16.70
9.63
2.02
2.99
3.02
2.52
2.04
4.03
3.04
12.15
10.61
2.04
1.48
4.50
4.55
9.07
4.60
2.54
18.68
2.04
6.01
2.01
15.66
17.14
4.04
2.53
13.16
8.10
12.64
4.03
4.05
14.18
1.47
1.50
4.53
2.02
7.11
8.11
13.58
1.51
9.07
3.05
4.56
6.60
4.52
5.99
2.03
1.56
5.57
1.98
8.59
4.56
1.99
3.60
5.07
4.49
3.54
9.61
3.52
2.01
7.57
17.20
9.12
7.06
9.12
6.56
1.50
4.04
14.63
5.60
9.65
3.09
2.44
1.53
6.54
15.15
2.04
9.57
2.49
4.03
3.55
10.19
1.47
3.54
1.53
1.52
1.50
4.05
3.07
12.66
3.99
6.54
4.05
6.53
3.00
4.53
21.22
1.56
2.50
2.94
2.06
9.60
5.02
15.68
2.03
6.04
3.02
2.04
3.58
13.15
3.52
4.00
2.00
2.54
7.07
7.57
6.10
6.02
4.06
13.65
2.05
6.61
7.05
1.52
13.65
3.55
10.11
3.00
2.52
22.73
6.64
3.02
1.47
18.74
15.68
4.03
6.07
5.99
2.53
4.03
9.06
10.08
4.05
4.02
10.10
1.99
3.54
10.63
12.66
4.59
1.47
16.66
2.06
12.16
7.07
3.01
6.06
3.04
7.54
2.52
5.56
6.08
8.04
3.54
2.01
7.58
5.55
8.59
2.05
16.12
3.01
7.06
4.56
16.16
2.58
1.48
1.53
3.02
2.02
1.51
7.10
8.52
16.68
11.62
4.11
2.51
12.08
11.64
9.08
4.07
2.04
2.53
1.52
2.04
2.47
12.10
15.13
2.53
3.51
9.06
5.57
9.57
7.59
14.14
2.51
2.00
2.03
6.56
9.06
4.07
4.03
8.11
2.52
3.53
2.98
4.54
9.07
13.15
4.54
1.54
2.47
6.62
3.52
8.07
3.05
4.52
10.14
4.56
2.50
8.10
5.53
1.99
2.50
9.07
16.64
4.55
7.57
15.15
6.08
5.56
5.58
4.05
22.75
8.11
1.45
4.03
6.04
14.09
5.58
12.61
1.48
16.68
2.53
2.54
3.02
8.10
10.61
2.51
5.56
2.52
24.21
2.03
5.05
6.55
3.51
6.57
16.62
2.04
13.61
8.59
5.54
2.57
27.24
8.58
8.01
9.56
2.53
7.11
1.47
2.52
4.06
3.57
9.12
16.66
5.03
2.07
5.53
1.53
11.10
6.56
7.53
8.09
8.54
13.14
3.05
4.07
3.53
11.67
2.53
5.07
7.06
8.05
3.05
7.06
3.02
21.73
10.12
18.66
2.03
6.06
10.10
3.01
5.04
3.00
2.51
5.52
1.52
2.09
3.03
2.03
2.49
7.08
13.64
3.57
13.60
9.61
7.07
2.01
8.59
3.53
1.99
1.51
6.07
2.03
2.54
5.04
5.03
1.56
9.13
8.53
8.06
13.13
17.66
2.02
6.58
2.51
5.59
11.60
2.55
8.06
7.07
8.58
3.52
3.58
1.55
4.54
9.60
4.52
2.04
6.03
5.55
7.57
3.54
3.48
8.59
2.57
10.12
2.53
4.53
8.61
3.04
6.07
7.10
10.55
5.57
3.51
2.02
6.61
10.11
5.55
2.52
2.02
17.17
4.55
12.62
3.55
3.03
1.54
7.02
8.07
2.00
7.56
5.59
10.60
2.01
1.50
4.50
3.55
4.05
3.01
10.61
2.53
4.05
7.57
5.04
21.19
9.57
1.48
14.13
3.56
5.08
1.48
10.63
2.02
11.57
9.55
2.54
5.55
9.08
13.09
7.09
9.11
7.59
7.07
18.20
1.49
3.09
10.10
1.50
13.07
16.64
13.58
8.59
10.10
8.64
1.99
9.14
2.06
10.13
7.52
10.08
15.64
2.02
3.01
11.59
5.54
13.15
2.51
3.55
6.09
27.76
1.50
5.08
3.52
9.59
11.55
5.07
9.12
1.54
3.00
7.09
2.49
2.07
1.51
4.00
6.56
30.31
8.59
3.53
3.06
5.54
2.50
10.14
11.08
5.01
2.53
1.50
14.22
9.60
1.47
16.13
4.09
1.46
5.60
8.58
5.07
6.61
5.54
10.10
4.56
18.69
3.51
5.54
3.53
2.54
2.03
3.01
4.60
11.58
7.07
2.52
7.12
2.54
2.02
2.97
3.00
20.21
8.61
11.07
6.09
3.03
9.57
4.05
9.63
2.48
29.31
2.50
2.02
5.56
12.13
6.60
9.59
3.60
4.54
3.04
3.52
2.52
7.57
4.00
11.10
2.02
6.06
5.04
2.03
2.53
1.50
4.07
1.51
9.09
2.04
5.05
7.55
18.62
8.62
11.65
14.64
2.07
10.58
4.54
12.08
8.11
6.58
1.99
5.08
5.50
32.88
6.58
5.52
4.06
3.56
15.16
11.08
16.15
4.06
19.74
7.07
10.63
12.61
2.02
3.58
8.02
17.21
13.06
2.03
7.15
6.54
4.47
19.15
6.07
2.02
6.59
21.22
3.54
5.05
5.02
6.53
3.52
7.03
4.04
2.55
4.05
6.10
9.59
6.07
7.55
12.59
6.02
19.24
4.10
4.03
6.57
2.53
10.11
5.09
6.52
5.52
5.59
2.03
9.06
2.04
1.50
3.06
16.69
6.05
3.53
10.08
16.18
4.06
4.53
11.62
2.52
1.50
2.49
4.07
9.54
4.00
4.06
5.06
4.05
7.09
9.09
3.51
9.61
2.99
5.03
7.04
2.50
6.57
3.54
4.04
31.80
6.58
11.15
2.03
4.04
15.13
4.03
6.07
1.53
5.08
9.59
5.01
4.05
2.06
8.55
7.54
8.59
10.59
6.07
4.03
1.55
7.10
4.54
1.47
3.01
3.53
7.58
4.53
11.63
15.67
1.50
2.49
5.08
9.63
2.02
3.50
10.13
12.12
16.14
2.01
2.99
2.01
4.58
4.08
13.62
6.05
2.54
3.03
1.99
14.64
6.11
2.04
36.37
3.00
26.27
3.55
10.14
2.54
2.53
5.55
5.05
7.55
1.55
1.50
3.53
13.59
19.24
2.00
2.54
1.53
7.08
2.50
2.51
5.02
1.50
2.00
3.54
7.05
8.57
6.60
11.12
13.12
12.16
2.56
10.57
9.11
7.53
17.21
5.05
5.56
9.56
9.08
7.08
6.58
3.01
9.06
5.10
20.18
4.98
11.64
3.04
7.09
12.69
34.83
2.01
5.07
1.50
3.02
16.10
6.59
10.10
5.02
11.62
4.52
3.55
4.05
5.55
17.18
23.78
5.60
3.04
5.01
5.55
6.59
17.22
5.51
4.03
3.47
3.56
4.54
16.67
3.52
1.49
4.02
8.57
4.55
2.05
13.12
2.01
3.00
5.06
4.04
8.57
4.02
11.60
7.08
1.52
3.53
6.08
2.02
5.61
3.55
6.08
5.00
5.03
9.08
13.64
5.05
2.52
4.10
16.20
18.68
1.49
3.51
3.01
3.08
3.02
16.14
2.51
6.03
3.53
9.14
3.52
7.09
2.00
14.19
7.53
4.11
5.07
1.51
5.51
17.18
7.09
4.51
23.73
6.07
23.16
9.57
5.08
2.52
2.03
4.02
7.06
2.52
3.53
5.05
2.08
16.15
2.50
10.17
2.04
12.12
6.59
1.49
16.59
8.04
7.08
8.08
6.55
4.52
9.09
7.56
2.03
7.60
3.60
4.03
3.01
3.61
2.01
14.12
11.09
7.09
8.07
9.09
5.52
6.06
8.62
2.02
5.53
8.58
3.04
10.57
10.59
8.11
2.05
20.75
7.66
3.01
1.50
4.03
2.03
1.50
5.03
1.99
1.53
2.03
1.98
8.58
7.08
4.05
5.53
8.07
4.03
6.59
6.05
10.68
13.12
2.46
5.08
1.55
3.51
11.10
2.06
7.07
6.58
5.64
4.07
3.52
7.02
3.55
8.09
17.70
3.60
24.25
7.04
8.54
4.60
8.06
5.59
5.11
6.04
23.29
4.03
5.57
9.58
1.49
6.53
6.05
4.01
9.08
3.59
14.10
18.69
3.54
3.01
8.06
18.73
2.53
1.49
1.98
2.54
4.04
3.56
1.50
6.59
8.63
5.51
10.10
2.47
2.05
4.54
7.13
2.05
6.56
20.17
1.50
4.01
7.07
4.05
5.54
7.57
11.64
9.08
5.09
7.02
7.08
4.55
5.02
13.62
25.30
8.56
1.50
4.04
5.09
5.05
1.49
4.04
7.03
3.02
3.06
4.03
8.07
3.04
4.47
2.98
3.08
3.02
14.68
2.54
11.10
3.03
7.09
5.03
6.09
7.56
8.61
3.02
2.54
11.14
2.04
12.13
9.09
21.24
9.05
10.61
3.10
8.54
1.52
3.04
8.62
4.50
6.02
8.60
3.54
2.55
1.48
9.59
4.03
11.61
9.62
2.53
2.04
1.98
12.64
15.14
6.55
2.54
13.65
27.81
9.11
5.07
2.01
3.53
2.01
3.55
2.00
8.11
7.04
3.01
4.03
3.55
5.03
2.58
8.56
15.70
8.10
7.57
2.01
4.07
7.09
4.47
10.61
16.67
2.04
5.07
15.06
2.02
12.62
2.99
3.53
1.99
22.73
8.58
15.67
2.02
7.53
12.65
1.57
13.12
6.55
9.09
1.52
4.08
6.56
16.13
5.57
4.56
2.53
6.04
12.60
3.00
2.01
11.66
4.03
8.11
10.13
3.49
13.14
11.66
6.02
14.68
13.67
6.54
15.09
1.49
13.16
2.56
6.60
10.10
2.51
5.04
8.16
13.18
10.12
3.99
3.52
1.53
6.59
11.09
1.50
2.04
19.67
5.08
1.49
2.52
4.55
14.68
1.48
8.63
8.12
6.54
1.56
6.51
6.59
2.00
2.57
25.27
6.05
6.58
6.56
4.53
2.53
8.05
10.14
1.99
5.58
10.05
2.03
2.04
7.07
2.49
2.51
2.06
4.03
2.56
15.61
9.61
20.71
4.02
4.05
1.98
4.00
3.57
7.06
11.09
8.04
5.59
12.15
3.58
4.55
4.01
5.02
1.50
2.02
3.54
2.51
11.06
2.03
5.57
9.58
5.57
4.52
6.03
10.63
7.09
23.72
5.56
1.52
14.10
11.57
10.08
18.12
5.58
2.53
1.99
7.07
3.04
9.63
3.99
11.62
16.67
28.32
10.61
1.49
1.50
2.08
4.01
4.04
6.51
2.52
18.16
4.04
13.63
6.07
5.07
5.08
3.05
6.05
8.61
8.56
13.67
3.03
4.05
12.09
10.58
2.01
7.06
11.58
6.04
2.01
2.07
13.67
1.98
2.51
2.01
12.63
20.19
12.15
6.04
13.62
5.58
1.50
2.53
1.50
7.60
3.04
1.47
6.05
2.02
4.58
5.59
19.25
8.07
7.05
4.02
15.14
3.51
2.51
3.03
1.50
8.58
2.02
7.58
11.10
5.07
5.59
5.10
2.49
6.58
7.06
11.12
3.51
1.55
12.12
9.60
3.56
5.03
15.08
5.00
19.73
2.54
1.55
1.51
9.55
6.05
11.55
3.04
10.09
16.69
3.54
14.17
4.53
4.58
10.62
3.51
13.63
13.63
10.15
7.60
1.49
1.99
10.18
1.99
2.54
6.06
3.01
5.06
14.10
2.01
8.06
7.55
4.55
5.07
4.08
9.63
1.49
1.52
6.58
5.05
10.09
5.03
2.53
1.50
3.52
5.55
2.56
14.61
7.10
5.08
7.63
1.99
6.05
16.14
4.03
4.50
5.57
3.54
5.03
5.52
4.55
1.50
8.07
5.05
4.57
4.53
6.04
2.05
1.50
5.55
8.59
6.56
6.56
8.08
1.54
22.73
3.01
4.03
1.52
2.54
8.10
9.58
14.68
9.65
14.12
3.99
16.68
5.58
1.50
7.06
1.98
5.56
13.63
1.52
7.06
14.18
30.34
6.09
5.02
1.53
5.57
1.52
18.18
2.01
1.55
3.54
4.53
17.23
3.05
3.97
9.04
11.64
6.08
6.58
4.54
7.06
2.55
14.11
1.54
9.11
2.03
11.12
3.00
8.05
2.98
7.07
2.04
3.56
1.53
6.09
3.00
3.02
3.57
10.57
10.15
10.62
2.55
6.99
2.99
6.59
8.55
9.61
7.61
3.51
5.57
7.06
5.05
2.52
4.06
6.54
16.21
2.03
1.54
2.51
5.62
7.04
5.56
18.14
10.10
15.61
22.22
5.56
4.07
2.03
10.11
12.08
4.03
34.30
11.09
11.70
2.06
3.49
5.03
3.08
18.19
2.01
3.52
8.11
4.55
22.73
2.51
8.12
5.05
5.05
2.51
14.72
14.14
11.14
3.50
4.55
2.51
14.12
5.10
1.49
9.55
3.55
3.07
3.04
12.61
3.56
8.05
2.54
5.11
17.17
3.54
4.55
18.20
1.98
5.53
2.03
8.59
6.55
3.56
4.03
2.08
3.49
12.11
10.12
10.61
1.48
3.06
1.98
2.55
4.08
4.05
13.60
2.03
2.55
1.49
14.12
6.54
19.17
3.51
2.58
6.59
13.16
2.99
9.04
5.04
4.54
3.02
18.71
7.08
4.54
4.49
3.04
1.56
2.96
4.54
6.02
4.06
3.07
1.51
1.49
8.11
3.51
26.73
16.13
7.58
2.57
12.11
3.02
23.22
5.08
2.53
1.50
11.10
11.56
1.53
3.51
4.04
6.60
5.58
3.53
6.56
12.66
3.01
7.12
25.21
7.51
2.48
5.03
4.01
5.08
1.57
2.02
10.08
4.52
11.63
5.06
10.03
10.63
12.13
7.59
8.61
15.19
8.08
3.54
5.55
9.08
21.19
10.11
1.57
1.54
6.05
4.04
1.53
6.06
14.20
5.60
1.50
5.52
4.53
5.53
14.13
3.04
1.52
2.54
9.11
2.53
4.54
3.52
3.01
13.16
3.56
3.48
7.06
3.53
2.00
2.52
6.60
3.55
13.15
6.03
4.54
8.09
4.05
3.54
20.21
2.04
8.08
13.61
5.00
1.56
6.61
3.52
9.62
4.02
1.99
1.54
4.52
38.38
9.65
19.70
6.06
6.59
2.53
10.10
3.01
3.01
1.50
3.51
15.21
17.18
3.06
5.00
1.51
8.60
7.55
8.57
2.05
3.52
8.62
7.58
5.53
6.61
3.98
3.00
6.57
2.02
1.53
6.09
3.01
5.02
13.12
5.06
3.57
1.52
4.04
8.05
1.55
13.11
6.55
18.66
2.03
19.75
2.02
6.58
4.01
3.56
5.04
2.53
4.52
2.54
11.16
6.62
4.08
4.54
1.98
3.00
7.08
5.56
7.57
8.08
4.03
2.03
13.64
8.60
1.49
6.53
3.53
6.57
1.54
3.55
1.51
5.59
1.52
3.57
3.47
6.06
3.09
1.49
12.14
13.15
2.50
2.54
14.60
10.12
3.57
4.55
5.56
12.59
7.04
2.01
2.04
6.06
6.55
2.07
1.51
6.03
4.48
6.04
7.59
6.08
24.25
2.52
7.57
10.59
7.07
7.07
14.19
10.62
5.00
17.72
1.50
20.23
8.65
2.55
7.07
3.00
8.08
4.54
2.02
7.57
2.03
1.48
2.52
4.50
13.12
2.02
5.56
7.58
1.51
13.14
4.04
1.53
17.17
2.51
4.53
9.60
13.65
5.56
4.55
8.58
20.25
8.63
1.99
7.05
7.08
5.03
7.05
7.54
8.58
5.14
5.55
16.16
2.00
7.04
8.10
6.57
4.07
20.16
10.63
3.03
5.02
7.09
6.07
4.02
3.99
1.54
6.58
5.59
14.12
14.19
13.66
5.01
8.57
31.43
9.58
5.55
6.08
4.02
4.55
6.59
10.09
9.60
2.52
2.02
8.12
11.11
6.54
9.14
7.55
8.12
6.02
3.00
9.10
5.01
7.60
22.75
2.50
1.56
15.68
4.01
10.10
12.62
2.07
6.08
12.13
6.98
4.56
2.51
4.55
4.51
7.04
2.04
2.02
8.56
21.73
6.57
11.15
2.03
3.56
18.70
3.02
3.01
3.59
12.64
20.71
2.02
1.49
1.52
5.06
6.05
2.50
6.06
22.22
5.60
7.57
1.49
2.07
2.54
10.66
4.11
4.53
6.02
8.05
6.01
2.07
7.07
4.04
6.56
6.53
11.61
7.05
7.60
3.10
7.10
3.01
6.05
15.66
2.48
4.56
3.03
2.01
5.03
8.58
1.57
9.63
2.04
7.08
2.48
5.04
5.96
6.09
6.05
5.57
12.07
2.53
3.03
7.10
2.53
3.02
6.54
5.02
2.53
8.59
2.01
4.05
5.58
9.61
5.04
10.13
1.98
3.57
6.57
7.55
1.98
11.63
25.73
1.49
11.08
15.20
27.85
2.04
1.97
3.55
6.50
4.05
4.06
12.68
10.58
4.02
4.55
12.11
8.09
9.58
3.59
6.58
18.66
4.56
2.50
4.51
1.52
1.99
2.51
5.08
4.02
8.61
20.21
3.01
13.13
17.67
4.55
6.06
21.23
3.11
1.44
4.56
10.10
2.02
1.98
2.51
7.10
11.16
2.52
3.04
3.51
6.56
6.55
4.51
18.20
8.06
3.51
8.13
3.60
2.53
7.57
15.63
1.47
21.22
3.01
2.05
4.55
1.49
7.13
1.51
12.15
6.61
8.05
5.48
12.12
3.03
3.54
4.03
5.05
22.78
14.16
2.01
2.02
7.06
4.52
3.51
2.04
3.54
9.56
15.16
13.18
1.50
13.18
2.55
7.09
6.56
2.99
2.51
5.08
15.16
7.59
11.14
5.06
5.03
3.53
7.57
9.61
5.05
6.56
9.63
14.64
3.51
5.06
2.53
7.60
2.01
1.52
7.59
11.14
1.49
6.52
3.03
9.06
4.52
4.06
7.60
8.06
2.05
15.68
9.09
7.56
6.01
2.07
4.48
3.04
6.04
2.08
16.73
24.25
17.20
18.14
4.05
3.50
17.14
4.05
5.09
4.07
18.18
2.99
2.53
7.05
5.05
22.26
1.54
4.54
1.50
2.06
5.58
5.04
2.01
2.50
7.01
3.53
3.06
5.09
13.64
2.47
2.53
15.16
6.04
2.03
10.14
2.55
4.02
4.55
2.50
8.10
2.54
9.07
4.08
3.51
3.50
15.20
4.57
4.53
12.15
4.52
6.07
1.46
5.04
5.07
6.05
2.54
2.46
10.14
4.07
2.49
11.12
3.55
10.63
3.54
2.03
7.09
2.53
15.14
6.59
5.58
7.09
1.50
7.04
2.00
19.64
4.05
4.02
10.56
6.60
5.12
4.50
4.07
7.07
2.58
2.51
8.56
2.05
7.55
1.96
2.00
3.54
10.15
8.60
33.85
8.13
3.08
8.09
6.55
5.01
12.13
5.55
2.98
5.55
11.15
8.06
2.55
2.01
2.50
3.57
24.75
6.58
2.53
13.66
3.00
12.59
5.02
12.06
4.56
3.07
3.55
9.60
2.07
7.58
2.01
12.13
16.16
7.05
1.55
3.03
3.59
12.12
3.03
4.52
2.52
3.50
2.55
1.51
2.04
1.50
10.05
5.56
6.04
2.54
2.05
8.54
13.10
10.61
3.56
11.14
4.05
6.63
1.49
6.05
2.54
2.50
2.03
16.19
4.05
2.02
10.61
2.01
6.08
1.49
3.57
7.04
9.61
1.54
10.10
3.03
31.31
5.51
5.59
5.10
5.55
3.59
4.53
4.51
4.53
11.09
4.54
3.53
32.86
3.00
10.07
5.52
4.05
2.03
1.46
3.04
5.08
1.53
10.68
6.01
3.51
3.57
11.10
3.57
16.20
3.48
1.55
3.51
6.05
5.07
11.10
7.05
7.56
11.11
18.61
25.25
15.14
9.10
1.48
7.06
10.64
3.55
4.53
6.06
5.06
1.56
6.07
4.06
5.55
5.04
6.56
14.61
3.59
22.70
2.02
8.06
3.54
5.09
1.99
3.03
3.52
13.67
8.59
7.59
5.59
4.03
3.02
2.03
5.53
5.57
2.51
2.02
11.61
2.02
7.52
9.07
5.51
3.48
2.06
2.08
15.66
11.64
2.04
1.99
7.01
3.53
3.53
10.57
5.55
3.51
4.53
13.66
18.16
5.05
18.22
3.58
2.50
3.56
8.57
1.50
6.61
3.52
2.02
4.03
8.61
10.08
5.05
6.04
7.10
6.05
7.60
1.97
4.56
4.06
20.68
7.09
3.07
6.02
4.02
9.62
18.16
11.10
5.07
18.73
5.54
4.54
2.50
4.05
5.61
1.50
9.03
1.54
9.09
2.02
6.54
8.59
7.06
5.09
5.06
2.03
10.14
7.03
8.61
3.48
1.57
5.04
6.05
4.02
2.05
12.12
18.66
4.06
9.04
16.16
2.06
4.97
9.13
6.59
14.16
16.16
1.55
3.50
12.63
3.04
3.52
9.56
4.57
4.06
4.52
1.51
3.54
4.07
6.57
11.11
1.56
4.01
3.00
28.79
17.18
1.51
10.12
14.16
3.57
2.02
1.49
10.16
8.07
2.57
3.03
8.08
9.03
3.55
11.11
5.05
5.52
3.54
23.70
12.12
8.04
2.52
4.56
17.72
13.68
1.98
12.66
9.64
6.58
13.66
11.64
4.49
7.55
5.04
1.50
4.06
9.51
4.02
2.03
12.15
8.62
2.52
5.04
21.22
4.50
14.63
4.03
5.04
8.59
4.07
3.52
18.22
3.57
5.56
4.08
3.07
3.52
7.02
5.08
9.57
9.61
1.52
1.49
7.04
4.53
2.01
4.51
5.57
2.56
4.02
12.10
14.65
2.57
13.14
3.01
1.52
4.06
3.52
2.01
6.58
10.62
6.59
2.04
5.09
9.08
8.60
3.04
6.57
4.01
11.64
7.51
7.58
4.48
6.57
15.66
8.10
5.52
11.65
7.56
5.54
3.54
3.57
5.58
4.08
3.48
5.53
2.49
10.61
7.57
11.64
4.02
4.02
5.57
19.65
4.05
1.56
7.09
3.49
5.05
6.52
1.54
29.26
5.03
5.08
6.63
11.19
14.13
8.05
3.02
9.57
4.55
4.06
5.06
12.63
10.59
2.01
3.53
9.59
4.06
3.56
4.53
1.99
6.58
12.64
8.58
9.12
2.51
2.07
4.53
4.58
2.98
6.54
4.51
2.52
11.13
5.03
10.08
6.57
8.09
8.08
9.64
4.53
15.10
6.05
7.53
3.03
7.05
5.06
13.14
16.75
1.49
14.16
3.53
11.66
1.49
5.09
1.49
4.02
11.61
17.18
4.00
2.04
2.05
2.98
4.04
8.07
1.56
2.02
3.03
2.52
7.58
5.08
5.55
6.07
8.63
4.04
2.03
4.56
5.59
7.07
8.55
3.56
21.23
6.63
2.47
5.05
15.14
7.04
6.61
9.13
5.55
13.12
21.20
4.53
6.58
3.05
7.56
7.59
5.01
2.54
5.06
5.02
10.10
4.03
2.98
25.29
4.03
11.10
2.54
9.10
2.52
7.56
2.57
12.64
6.59
3.52
2.56
3.50
2.53
2.53
3.04
1.53
13.68
3.56
1.52
8.11
2.56
4.02
6.04
2.04
8.56
6.46
5.00
3.54
8.56
4.58
4.55
5.56
8.14
3.53
1.99
2.03
11.61
2.52
5.05
2.52
2.50
5.57
3.03
16.21
5.57
4.51
4.54
8.11
2.54
1.51
8.62
7.55
2.00
19.65
4.02
5.09
3.04
4.56
14.64
3.53
4.07
4.55
13.17
8.10
5.02
7.55
8.04
6.02
4.06
5.60
11.58
6.56
13.13
6.57
4.00
5.02
10.15
1.53
3.53
7.57
12.13
3.52
2.52
3.55
12.64
3.52
7.12
3.51
5.04
15.17
15.67
10.07
13.12
3.56
12.59
2.52
1.50
3.01
2.55
3.05
3.54
11.59
8.07
25.81
10.03
3.02
4.04
6.11
3.55
2.50
12.11
5.07
6.09
2.00
2.04
18.16
4.52
1.47
2.01
13.12
3.56
2.54
4.06
5.06
5.03
5.54
5.05
6.58
2.54
2.49
2.54
8.08
8.59
8.56
2.54
5.53
4.53
7.06
6.56
2.52
1.52
5.02
2.03
5.53
1.54
19.17
9.60
16.16
4.56
2.01
9.62
3.08
9.07
14.63
22.69
12.59
6.55
2.04
4.53
1.53
8.12
13.66
2.00
1.50
9.04
3.55
3.01
5.59
15.13
2.99
4.54
17.16
3.08
2.05
1.48
4.50
5.06
5.59
2.52
17.65
1.97
2.52
13.65
2.06
4.56
5.00
9.16
2.04
1.54
5.53
3.01
16.67
2.53
3.50
3.60
1.51
13.10
26.27
5.59
2.47
9.55
10.09
3.03
14.63
4.15
7.08
3.00
5.02
3.05
4.56
4.02
3.52
2.51
5.60
5.08
13.58
1.49
5.59
2.02
9.13
8.10
13.58
2.03
9.56
7.06
3.54
3.50
5.55
5.54
7.54
2.02
2.54
8.06
10.10
34.84
2.54
1.48
51.04
4.54
7.11
14.67
4.52
5.00
10.58
6.62
16.68
5.09
3.54
18.21
4.00
9.55
5.53
12.64
2.56
5.07
6.59
7.60
2.50
8.03
5.04
3.55
2.51
13.13
2.53
4.55
8.64
16.67
17.70
6.56
3.48
30.35
6.50
5.58
2.52
5.53
18.21
4.55
11.59
11.62
3.05
18.17
2.51
15.68
13.14
15.17
7.09
6.03
7.56
3.03
11.10
6.58
2.03
2.51
1.49
4.04
14.21
1.52
10.09
3.07
1.48
6.54
7.57
10.12
11.69
17.16
17.19
5.04
9.55
6.61
5.56
4.52
8.56
4.55
4.08
31.37
5.04
7.09
2.05
5.08
12.08
2.53
5.01
6.03
2.03
9.61
6.08
4.50
9.15
8.11
5.06
7.08
5.05
5.56
8.59
7.60
9.59
6.09
1.97
16.17
9.62
9.16
1.99
4.03
3.97
8.09
2.52
5.56
2.51
1.52
10.54
6.62
3.04
2.01
6.56
1.57
1.49
20.68
2.47
2.58
2.55
5.55
5.03
2.52
5.02
2.02
2.55
2.06
9.58
4.48
9.02
3.55
4.55
8.62
35.32
6.09
7.57
17.17
5.50
2.55
4.04
2.03
2.02
23.24
4.00
2.02
2.09
11.15
3.57
7.08
2.01
2.02
4.00
5.60
8.62
7.57
11.11
4.04
3.52
1.98
4.57
5.55
4.01
6.07
12.65
6.58
3.99
9.05
1.55
4.04
4.52
3.06
3.53
14.11
7.09
8.06
2.58
14.70
1.50
2.54
1.98
1.49
2.02
1.50
14.13
2.06
5.57
10.11
4.00
11.04
8.53
17.23
2.05
6.07
3.55
16.19
3.53
4.08
2.54
3.50
1.50
2.54
7.09
14.16
4.10
4.05
8.05
9.64
10.64
2.48
7.56
9.61
26.32
10.64
11.63
4.52
4.54
17.19
3.08
4.04
3.53
11.07
7.01
6.51
6.58
10.13
5.09
1.52
1.51
2.02
10.61
9.60
2.04
1.47
8.10
1.49
5.53
5.07
5.08
2.01
8.59
2.53
4.03
4.51
15.17
23.26
2.56
1.99
4.02
9.06
5.08
8.05
2.53
7.57
5.08
1.50
5.51
16.67
1.97
7.08
10.15
4.57
1.53
18.67
8.51
14.12
2.57
5.58
10.14
10.60
5.05
5.01
3.02
4.51
6.53
4.11
7.10
3.52
8.58
4.54
3.58
5.02
24.24
3.05
2.54
2.52
6.10
7.56
3.53
11.59
10.11
4.04
1.49
7.60
13.64
17.66
3.53
4.05
12.62
8.58
6.53
4.59
5.09
11.09
3.01
10.09
9.12
7.57
4.02
4.55
4.56
20.22
8.14
4.53
3.46
1.99
4.04
13.66
16.65
9.12
3.02
5.08
7.04
8.57
4.04
2.99
2.01
2.06
7.09
4.03
5.04
10.10
2.51
8.56
6.59
9.07
9.15
3.06
4.51
2.05
9.64
4.54
3.54
15.67
4.07
9.08
2.00
5.99
2.57
17.23
4.05
2.06
17.65
7.07
7.60
14.61
7.58
1.55
4.50
1.48
3.59
12.65
5.59
8.62
8.04
11.56
8.07
5.65
1.95
7.57
13.68
8.08
4.05
5.61
3.06
5.52
6.56
6.54
8.07
9.10
5.54
12.61
8.59
2.53
2.53
11.09
2.02
20.17
14.09
2.02
17.20
4.03
3.53
25.26
4.12
3.03
1.98
3.01
6.10
10.62
6.06
6.05
2.07
10.61
5.59
7.56
2.52
5.02
17.68
3.04
2.00
15.15
6.56
4.06
12.65
6.53
3.00
2.06
19.16
8.07
10.03
9.66
11.65
5.12
5.03
12.19
8.01
3.48
13.57
8.57
6.09
7.60
10.10
5.57
2.55
4.06
4.05
4.53
1.53
2.50
2.57
7.55
12.10
4.51
13.68
4.05
10.15
9.66
6.58
2.03
6.58
2.52
6.56
1.50
4.02
7.51
17.19
5.56
3.57
4.08
2.51
2.04
9.60
12.12
4.00
12.63
8.10
14.62
12.12
1.52
6.04
3.06
2.53
17.23
2.04
1.49
14.63
22.72
6.56
2.04
5.09
6.61
1.50
20.67
1.97
17.76
2.99
5.08
10.09
8.08
4.54
1.99
3.53
9.09
1.53
2.01
3.53
5.06
8.09
3.01
1.99
3.02
6.55
2.07
2.03
5.54
1.49
6.08
9.09
9.62
2.04
5.06
5.07
3.98
9.06
4.03
3.02
8.55
5.56
6.57
5.56
14.69
3.00
2.02
14.67
6.60
3.52
13.64
14.61
7.54
4.06
12.16
3.54
1.99
15.13
2.52
8.13
6.57
8.62
10.14
2.00
4.01
6.58
6.01
4.52
4.03
3.51
7.57
5.07
9.10
1.49
2.05
3.54
4.51
2.50
5.55
18.70
6.07
2.02
2.05
2.51
12.12
6.58
3.03
2.58
4.51
4.53
3.60
13.62
6.55
20.70
3.09
16.15
44.48
14.61
1.99
10.62
3.55
3.53
3.49
7.58
2.07
25.77
5.02
7.02
10.08
3.51
13.15
8.10
7.58
4.07
3.54
3.01
2.48
5.06
4.56
3.07
4.55
8.08
5.05
16.15
4.55
12.62
4.59
7.07
1.98
10.10
11.11
1.53
6.64
11.08
2.97
5.63
5.03
4.53
12.15
4.06
9.14
4.02
3.01
2.01
4.04
1.49
17.18
3.04
5.56
3.52
4.04
6.61
6.56
10.08
6.08
16.67
3.00
7.14
6.55
16.15
2.01
8.08
13.12
4.01
1.54
2.53
19.64
8.08
3.57
7.60
27.33
2.46
12.64
2.99
2.05
17.62
17.66
9.64
6.55
5.58
2.51
9.12
2.03
2.49
4.03
1.52
2.02
4.50
8.02
2.04
2.05
5.04
13.16
32.23
7.59
2.01
8.04
4.02
3.01
5.06
3.03
24.22
8.10
3.54
13.66
4.55
8.08
1.53
7.54
13.12
2.54
20.22
8.06
14.23
5.53
4.00
2.01
13.09
6.57
1.50
16.72
8.16
1.97
2.52
7.59
2.06
3.04
4.05
3.04
15.69
3.53
4.01
9.14
3.00
2.48
4.59
10.59
2.50
6.59
21.13
2.54
2.08
9.06
9.54
3.54
17.68
2.04
2.50
1.56
8.17
2.99
2.99
4.05
22.19
1.97
13.61
7.10
5.07
7.11
7.57
15.12
10.09
2.04
1.50
16.18
10.07
3.02
7.13
4.55
19.14
10.06
9.03
8.59
6.11
14.14
2.52
3.52
19.19
19.69
2.50
9.12
9.05
2.51
4.58
3.04
4.54
7.63
12.09
25.26
2.06
7.10
6.00
1.54
3.01
2.51
1.98
2.54
1.57
3.01
10.62
1.99
2.00
1.98
2.54
2.53
4.03
3.53
3.03
1.52
4.03
5.10
3.52
9.07
7.55
4.10
3.58
5.58
1.52
5.02
1.50
13.60
2.01
7.56
4.05
4.06
6.59
6.59
10.66
7.57
3.48
1.54
10.10
2.56
5.05
6.01
3.04
4.06
2.52
11.66
3.00
2.07
7.03
5.05
12.14
2.00
31.25
10.08
2.53
2.56
9.13
1.50
8.62
2.98
10.09
8.16
23.75
2.04
7.11
7.09
6.49
3.06
5.03
2.50
5.07
3.52
2.02
2.02
5.55
18.64
7.58
2.56
3.00
18.18
5.09
9.63
25.24
12.15
4.07
7.56
2.05
5.03
4.02
7.59
23.20
2.03
2.02
3.59
2.00
3.99
10.62
20.66
7.65
2.53
16.14
7.06
8.59
5.50
6.10
8.59
5.04
13.10
3.55
17.17
5.05
8.61
2.57
8.07
17.68
4.04
27.78
11.57
5.55
2.02
13.09
2.10
7.11
9.57
12.61
11.07
7.53
3.54
4.04
5.03
3.55
2.53
4.54
1.49
6.53
4.05
2.04
6.58
3.03
6.10
5.59
5.59
3.52
1.54
4.50
5.03
12.62
3.57
3.48
2.50
4.06
6.59
11.05
16.67
1.52
1.50
8.61
6.08
1.50
4.03
3.53
2.54
2.97
3.02
6.07
8.58
2.01
11.63
11.61
3.47
5.08
2.54
1.48
13.65
3.03
18.72
3.51
3.53
4.04
7.11
4.10
19.69
3.56
7.55
9.58
11.52
5.58
15.71
11.10
8.60
2.58
7.07
6.04
4.05
13.17
8.02
3.50
12.65
9.09
13.63
4.06
9.09
16.16
12.59
5.56
4.05
6.58
8.56
2.06
11.13
1.99
10.06
4.11
9.61
7.08
4.98
4.04
2.06
6.05
3.01
17.70
10.59
6.08
13.15
7.04
6.05
9.06
1.50
2.50
1.55
3.58
10.58
4.51
7.10
9.66
5.52
6.06
3.01
8.52
6.06
12.63
14.66
3.51
7.07
16.66
13.66
4.57
10.61
7.10
5.53
7.59
2.05
9.59
3.55
7.56
6.07
14.69
3.51
7.08
4.48
25.75
12.14
14.65
4.54
16.64
10.56
5.55
6.08
1.49
8.60
6.57
4.03
4.55
5.04
9.10
3.01
6.56
12.11
9.62
12.59
3.54
2.00
9.62
8.08
14.16
3.55
7.05
2.03
1.53
8.06
3.52
2.51
2.04
11.07
8.61
9.60
15.22
4.53
10.62
3.54
2.04
9.02
16.75
5.01
8.05
5.56
7.56
2.50
10.15
1.49
3.53
6.04
3.53
3.04
5.07
2.52
3.02
4.57
10.64
4.54
3.54
25.74
8.06
1.99
2.48
15.15
3.56
3.08
4.00
6.55
13.13
1.54
6.54
2.03
2.00
4.51
8.05
3.03
10.59
4.06
14.15
5.55
3.57
2.03
3.56
4.01
5.51
8.10
1.55
6.10
5.56
2.50
2.07
13.12
3.50
10.09
3.03
8.08
1.55
8.07
3.51
3.57
4.53
5.57
3.07
8.09
2.06
1.48
4.45
3.05
10.10
18.70
4.01
14.18
8.57
3.04
1.53
6.07
3.55
7.07
2.51
5.57
2.52
10.16
8.12
14.11
5.01
8.53
5.09
3.55
21.22
3.04
12.13
6.57
2.03
10.13
7.10
8.08
15.61
15.70
14.14
6.58
15.20
2.52
4.01
9.59
1.52
2.03
1.50
3.57
25.26
1.50
5.57
12.61
8.07
2.01
4.57
13.68
3.51
8.10
8.57
1.55
5.55
4.51
13.11
3.07
2.53
10.10
2.98
2.08
9.11
2.00
7.05
1.57
4.57
1.46
23.74
1.45
8.58
1.50
3.58
1.51
4.51
2.51
7.08
2.54
3.54
9.10
10.61
5.56
8.60
7.12
14.60
6.52
1.53
1.51
4.54
13.68
6.54
2.04
4.54
2.06
4.05
11.67
4.02
10.08
15.64
23.27
7.59
7.58
2.05
2.52
6.06
5.55
11.11
10.63
5.52
4.54
5.51
2.00
14.72
9.62
3.52
2.52
5.55
5.07
5.02
12.13
2.47
14.13
2.04
4.03
13.65
4.05
19.69
2.54
3.56
36.44
7.56
2.02
5.06
1.53
8.04
9.05
4.54
3.55
2.99
7.09
8.05
2.54
19.21
2.05
3.53
10.10
1.53
4.52
9.61
3.07
6.06
14.08
7.58
2.02
8.03
2.54
7.58
3.58
1.51
1.56
6.03
1.54
8.08
19.21
1.52
8.56
3.07
4.04
9.09
1.50
2.05
16.21
8.08
2.53
3.94
2.01
12.10
3.07
5.06
5.08
8.11
8.04
2.51
2.02
10.06
3.00
11.08
5.02
8.10
7.58
11.10
10.60
7.60
1.54
2.52
4.54
4.01
14.66
2.54
1.98
5.61
2.54
7.05
19.77
3.57
7.60
2.57
1.99
1.46
6.09
7.56
11.09
15.66
9.09
4.03
15.15
1.50
8.09
3.51
15.14
2.04
20.70
6.56
10.10
1.48
1.51
2.56
6.54
3.02
8.08
5.05
6.04
3.01
19.19
10.61
3.02
5.08
10.10
8.09
9.60
8.63
12.63
3.53
5.57
2.55
2.06
12.14
18.69
2.96
12.17
4.07
1.50
2.55
11.15
14.08
10.65
6.56
7.08
8.05
2.99
6.52
4.05
1.53
16.63
4.11
1.47
2.49
9.08
4.52
6.08
5.03
2.54
5.09
7.58
5.53
2.47
2.54
23.22
8.06
8.10
5.10
3.06
7.06
10.12
11.12
6.55
10.61
3.02
3.53
2.52
11.10
2.04
10.11
9.10
8.10
2.06
3.09
2.56
4.46
2.52
5.99
3.02
6.12
15.68
1.50
9.55
3.55
10.07
3.53
11.11
2.08
2.98
8.08
9.11
18.73
2.06
2.06
11.17
1.98
2.95
18.19
4.01
5.55
5.05
2.53
11.58
8.61
7.09
17.69
6.54
15.19
6.60
14.62
6.56
23.21
5.59
9.08
7.05
3.02
2.03
23.73
3.57
4.04
25.80
10.58
7.63
11.60
9.10
7.06
2.50
8.61
6.63
10.67
6.02
24.67
2.55
7.59
19.18
2.50
19.68
4.05
8.06
2.53
4.01
10.11
11.12
6.59
8.09
9.64
1.50
27.77
6.55
8.06
2.02
5.59
4.54
3.57
15.65
10.59
3.04
5.57
25.21
3.51
9.58
1.97
4.51
5.06
6.09
3.00
2.98
4.55
2.57
3.55
6.05
10.61
20.81
4.04
2.55
13.61
3.54
5.53
2.51
2.05
3.04
9.65
15.59
5.54
1.95
6.55
2.53
4.01
4.03
6.57
5.57
2.02
5.06
1.99
3.54
4.07
6.03
5.56
3.55
6.55
9.66
4.06
4.51
10.55
14.12
2.53
1.50
6.09
25.25
2.04
16.65
26.32
6.05
3.05
6.04
1.50
3.06
1.50
7.11
4.55
16.74
3.07
13.64
2.05
13.63
8.08
12.59
2.01
8.54
16.69
2.50
6.53
2.53
8.59
13.15
9.63
10.62
6.53
2.55
5.58
3.55
3.56
12.61
3.53
3.58
12.09
1.47
4.53
4.06
20.68
4.55
16.22
10.18
11.62
4.55
4.54
2.01
5.50
10.09
8.03
2.03
7.06
9.61
7.59
2.00
5.53
6.06
3.06
3.01
13.11
11.56
3.55
1.51
1.55
3.52
7.62
4.08
2.97
5.53
2.57
4.60
3.52
15.61
5.53
7.04
17.12
9.09
4.57
11.65
2.03
2.01
22.24
4.01
27.80
1.51
2.02
8.62
1.48
7.59
8.59
15.18
10.09
2.02
2.01
4.56
8.56
2.51
17.15
1.54
7.59
13.18
2.99
9.61
7.59
1.53
2.53
3.00
19.71
30.90
10.60
2.01
3.56
13.64
7.58
1.98
5.51
2.58
6.56
5.05
21.70
14.13
11.58
4.52
6.02
2.52
8.64
11.11
11.60
4.49
18.70
2.07
2.06
2.08
3.50
8.06
4.01
6.56
4.02
8.08
2.53
9.60
6.54
13.59
4.04
4.51
2.53
5.57
6.04
2.56
6.59
5.56
2.53
4.08
5.54
4.02
1.49
7.05
10.56
9.58
8.04
4.53
10.10
1.47
3.02
9.63
3.03
1.99
2.50
10.10
3.58
2.60
1.97
3.55
1.51
4.03
3.05
3.00
6.56
8.11
3.64
3.09
2.53
18.68
2.48
4.96
5.54
6.05
9.59
5.07
4.03
4.55
4.02
2.02
7.59
10.14
25.69
4.03
3.55
7.06
6.54
5.01
6.57
8.07
4.07
4.51
20.74
3.00
12.12
7.11
7.06
8.58
11.64
9.54
4.01
3.05
13.16
10.16
5.56
1.99
4.49
3.03
26.25
3.57
9.08
6.55
6.06
5.55
1.47
3.09
8.53
1.51
3.04
2.53
6.11
7.57
1.47
8.62
3.04
2.55
2.04
3.02
6.05
15.71
10.59
1.50
2.98
8.10
11.63
9.66
2.06
4.05
9.65
4.03
4.04
6.04
2.01
16.59
5.01
59.12
2.52
4.55
1.52
3.54
6.08
4.58
2.01
4.53
5.57
7.11
10.59
4.52
1.99
13.11
2.53
6.07
7.53
7.11
1.55
9.59
2.04
2.00
5.09
5.50
4.56
2.99
2.53
2.52
2.53
20.18
4.55
11.60
14.22
2.02
5.08
11.12
3.55
4.02
1.54
7.56
1.48
5.06
8.57
5.11
5.05
1.52
9.58
5.02
8.10
9.59
9.61
3.58
5.03
13.65
3.55
14.62
3.98
4.53
5.58
4.55
16.15
6.02
4.56
6.10
2.01
13.65
9.09
10.09
6.03
10.10
6.56
6.08
4.04
2.99
4.06
6.58
12.14
4.54
9.07
3.44
9.61
2.53
4.05
2.03
5.04
11.15
1.46
13.09
3.10
12.66
2.02
3.02
3.50
4.04
3.08
3.04
7.58
1.54
7.12
5.56
2.49
4.08
1.99
2.04
9.61
2.52
4.04
1.57
9.12
3.51
1.48
5.59
18.21
5.08
2.49
35.30
19.68
3.50
5.57
17.21
1.51
14.64
8.61
7.52
8.02
1.56
6.07
1.51
1.50
10.12
4.54
2.06
8.64
7.08
6.57
8.02
4.03
2.55
10.10
3.50
5.56
12.57
1.54
5.04
12.06
4.02
11.66
5.06
3.53
1.50
3.54
11.12
3.57
5.56
6.03
5.49
4.56
2.05
1.47
2.55
11.13
1.99
8.03
4.58
5.52
9.09
7.60
1.50
3.54
4.08
4.56
6.08
3.55
15.69
7.11
5.07
1.47
6.54
7.53
5.59
5.09
2.55
5.06
3.56
2.57
9.61
1.51
11.11
16.67
4.57
8.50
4.54
2.03
4.53
5.56
2.00
5.01
9.13
4.58
2.03
11.14
3.55
2.00
5.51
1.52
2.51
4.04
2.55
2.51
1.47
9.08
5.05
2.54
13.13
6.05
11.62
3.52
2.00
30.37
7.08
3.00
5.01
7.08
6.58
3.10
5.53
15.70
4.55
8.06
2.57
3.54
11.09
3.59
2.46
8.62
9.07
4.05
2.50
19.14
3.53
9.09
9.57
2.51
8.08
5.55
11.13
18.69
2.54
8.61
2.58
10.13
21.17
3.97
3.05
17.15
5.51
4.01
5.54
4.08
3.05
12.61
1.50
8.60
4.51
6.54
8.11
2.04
9.59
2.98
4.04
9.07
5.57
5.57
4.04
9.16
6.04
13.60
2.53
7.07
4.07
11.11
1.99
2.52
7.07
11.14
2.52
1.49
3.02
6.59
2.02
8.12
3.54
7.06
2.50
9.12
13.16
17.10
8.08
16.66
1.51
2.02
5.53
2.52
5.08
2.07
1.56
3.02
10.11
4.51
2.04
4.04
10.08
2.03
11.09
7.08
4.02
6.08
3.57
3.57
2.05
7.10
7.03
12.12
8.55
7.02
14.72
1.48
4.04
4.56
4.59
2.05
4.07
9.63
10.57
2.51
2.02
12.12
1.49
19.19
1.52
4.53
6.59
10.56
6.08
6.55
4.07
2.05
2.52
3.00
4.00
2.01
6.57
5.07
3.01
3.53
6.08
14.69
7.59
17.19
4.03
2.52
9.57
1.51
8.63
9.08
1.46
2.54
2.55
4.49
9.60
15.21
2.55
6.59
3.55
21.75
1.50
2.97
3.04
5.51
12.63
8.59
2.03
3.05
4.55
9.10
11.65
15.68
4.58
16.66
6.07
3.52
15.68
9.55
1.57
6.53
7.09
8.61
1.50
8.54
6.06
1.52
9.64
2.54
6.10
1.99
2.02
3.97
11.62
5.59
1.49
19.14
9.63
14.13
8.11
24.77
2.03
4.54
1.54
8.58
5.10
10.11
16.13
16.17
4.58
2.50
7.59
5.01
7.54
15.60
6.02
28.74
2.59
17.67
3.53
7.57
6.60
3.57
2.03
4.54
1.48
4.06
3.01
5.03
4.04
1.99
8.60
2.56
2.01
1.48
10.62
2.03
4.62
5.55
6.01
17.13
5.04
5.05
15.69
5.07
3.02
4.53
2.52
7.07
8.60
13.63
2.03
8.58
7.09
3.50
2.53
1.51
4.50
9.60
1.98
9.59
11.13
6.05
15.16
7.55
8.60
10.59
10.61
3.55
2.49
4.03
6.58
2.54
5.57
19.19
4.56
2.08
23.73
5.04
3.56
13.64
2.53
11.69
14.08
3.47
8.62
6.10
5.10
3.02
2.01
17.67
4.56
4.03
1.49
10.58
3.03
4.03
10.59
18.20
13.14
3.51
3.53
4.03
11.16
8.09
2.49
7.01
15.15
11.63
3.56
3.58
12.64
16.15
12.63
20.69
3.52
5.52
22.74
4.13
5.09
2.05
1.48
2.47
4.99
3.06
5.06
2.53
3.00
10.59
4.52
6.57
3.04
4.07
11.56
9.59
3.55
5.53
10.57
4.03
4.04
2.50
2.03
5.58
7.09
1.48
13.18
3.51
14.65
14.17
8.04
10.11
3.04
10.57
5.06
2.99
2.58
1.99
5.49
20.20
11.62
1.49
2.04
3.54
7.63
5.07
7.59
2.46
16.17
7.05
10.57
3.58
6.04
9.62
2.99
12.62
4.07
1.99
21.73
8.10
3.06
2.54
2.52
11.13
6.03
5.04
15.16
2.03
8.61
2.05
2.02
6.08
3.53
5.05
2.49
7.54
7.56
2.52
4.05
4.07
2.01
7.08
9.10
8.10
2.01
2.53
3.54
21.23
7.09
9.60
14.19
1.54
1.50
4.47
2.54
1.53
28.28
4.53
6.60
2.55
4.09
1.46
3.53
10.10
14.68
6.58
5.54
4.03
5.04
7.09
4.54
4.09
3.57
1.47
4.97
6.56
18.19
10.61
3.55
18.71
9.62
3.02
14.14
9.07
1.53
24.21
2.57
5.02
2.51
3.47
9.10
4.08
3.53
11.64
5.53
1.51
3.52
13.14
2.53
4.56
33.31
4.51
6.52
3.52
1.56
4.55
3.54
4.05
4.05
3.07
2.05
2.01
3.53
5.02
2.54
2.02
14.12
2.00
19.71
1.57
10.12
16.15
3.52
1.50
2.02
2.51
3.50
9.58
3.56
8.10
1.49
8.61
2.54
1.49
16.73
9.56
3.97
9.67
11.07
6.10
8.09
4.05
8.56
9.62
7.10
2.04
4.05
8.06
2.51
3.03
7.55
7.08
2.52
2.53
3.53
8.06
2.02
13.19
6.56
12.09
6.56
12.08
6.57
3.03
3.55
16.59
5.53
5.57
1.53
2.05
2.00
4.10
2.58
1.47
10.61
1.50
3.54
11.63
5.56
5.54
5.59
1.55
6.60
14.68
23.23
15.65
5.00
5.06
10.15
13.20
12.11
3.55
24.22
10.61
4.05
10.08
2.01
1.50
4.52
6.56
3.52
15.63
3.09
7.60
25.74
8.10
18.15
14.64
10.08
6.57
9.57
5.07
3.52
12.16
4.01
1.49
3.01
5.02
2.51
10.11
11.64
2.07
6.57
13.64
1.52
2.57
5.05
3.06
2.52
6.53
4.53
17.14
11.13
9.08
10.09
6.49
5.09
12.15
7.09
9.62
3.53
9.11
4.07
6.55
7.53
2.04
5.53
4.53
2.53
2.52
6.07
17.16
5.63
2.09
1.97
1.97
3.48
11.59
8.54
10.58
3.06
3.07
9.59
2.51
3.03
20.24
6.07
3.50
6.56
6.62
1.46
10.62
4.05
24.78
3.57
11.17
10.59
1.52
7.03
2.02
13.62
11.09
4.59
1.51
4.00
5.08
4.53
1.48
12.67
6.59
10.62
7.06
3.53
2.51
20.21
8.07
14.73
6.56
2.05
9.09
4.57
8.61
2.47
21.22
4.05
3.54
2.49
9.08
6.08
4.59
19.21
3.52
16.69
1.49
19.68
6.07
6.09
1.98
8.58
5.55
2.03
4.03
8.64
2.02
4.02
4.00
1.52
3.02
1.51
3.06
4.04
2.03
9.10
5.52
16.12
5.08
6.57
5.59
15.61
1.54
12.67
8.60
6.08
6.05
5.03
1.98
4.55
15.21
7.60
3.53
5.50
16.16
7.07
5.56
8.08
3.53
11.10
1.51
5.01
4.57
5.54
7.07
2.02
2.00
3.05
3.01
4.59
11.65
8.59
3.48
12.60
17.64
9.63
8.58
2.03
6.56
2.51
5.52
17.27
2.05
5.54
3.55
9.05
10.60
6.59
17.18
1.98
18.72
12.13
3.02
2.06
5.04
6.08
2.53
11.60
2.06
13.14
1.49
2.48
21.68
12.64
5.04
6.55
11.13
4.11
11.12
1.98
7.04
6.04
19.17
5.04
13.62
17.20
3.05
16.18
9.58
8.59
17.18
4.05
2.05
11.11
3.52
3.55
10.08
3.55
3.53
4.03
3.03
5.10
9.19
2.94
2.53
20.69
4.06
11.03
6.59
3.51
5.56
13.67
12.14
1.98
2.57
10.62
4.55
3.54
4.50
7.56
9.04
3.55
45.02
8.58
5.57
4.56
12.64
4.05
4.54
10.60
2.54
17.22
10.09
10.08
8.63
4.54
14.66
9.13
1.99
4.01
2.51
3.99
8.11
10.09
2.99
7.60
9.59
4.07
4.05
3.52
2.06
9.60
19.17
8.12
3.50
11.61
3.02
2.04
1.50
3.58
3.55
34.84
10.10
2.99
2.53
12.63
4.00
8.11
6.07
4.59
10.12
5.01
2.48
3.52
6.05
2.55
1.51
3.55
7.10
6.05
6.53
11.60
5.10
7.60
5.56
2.04
14.62
3.01
9.56
3.53
2.01
5.55
6.08
2.02
6.04
4.03
1.50
7.08
3.59
4.52
8.05
13.65
4.05
5.02
1.49
15.78
3.51
5.57
8.59
3.02
2.02
2.56
1.53
1.51
3.01
8.53
1.53
2.05
1.98
2.02
13.62
14.16
25.62
4.04
8.61
2.07
1.96
6.08
2.07
3.02
15.68
10.12
1.50
9.63
1.51
6.04
8.08
2.07
5.58
1.96
8.57
6.56
8.57
5.54
7.56
2.01
5.08
2.00
8.07
12.62
22.79
5.54
4.05
2.47
16.14
10.65
11.65
8.62
2.56
4.56
3.48
3.01
26.23
9.57
4.04
4.05
17.18
7.07
27.73
2.51
6.02
4.10
9.04
9.58
6.61
6.02
8.08
8.11
6.07
16.61
2.51
8.57
9.63
6.52
4.03
2.00
8.58
10.12
4.06
10.15
4.02
7.05
2.57
3.52
14.65
8.60
11.58
3.53
6.05
15.65
5.55
14.13
4.07
10.10
2.52
2.51
3.02
2.53
2.02
6.56
9.62
7.04
8.55
25.23
13.12
3.53
5.08
3.56
2.57
4.04
18.19
5.54
5.55
2.54
1.50
1.99
6.61
5.48
8.11
2.07
1.49
3.54
3.52
11.55
4.03
1.51
9.62
18.20
2.01
2.06
3.54
12.17
3.54
5.03
2.52
8.07
3.54
8.55
10.60
2.07
4.09
2.00
3.01
3.55
6.61
1.47
4.56
2.06
7.10
7.08
2.54
15.63
6.01
17.14
3.54
2.01
6.09
4.06
17.14
6.08
2.50
5.55
5.09
2.50
1.54
14.16
3.54
15.11
4.02
4.00
4.03
1.55
2.06
2.53
1.97
3.56
1.50
11.67
4.00
2.48
5.56
7.12
4.02
4.53
2.00
6.07
5.04
16.72
4.10
2.58
9.10
1.94
19.66
10.10
8.13
4.54
2.00
8.51
17.11
2.04
2.02
5.56
21.17
4.07
2.56
3.55
4.51
14.62
8.66
8.13
20.67
14.66
2.02
2.99
2.07
2.47
16.14
8.06
1.58
5.58
16.72
2.48
2.00
8.08
1.49
17.67
14.12
4.57
13.12
6.54
5.05
14.70
7.57
4.03
1.53
1.50
2.52
5.01
3.02
8.01
3.54
5.06
3.07
9.64
3.02
4.53
4.05
2.05
9.06
10.11
2.52
2.51
2.52
7.59
5.05
2.00
8.06
7.10
7.08
2.54
6.55
2.01
6.55
3.11
23.70
6.03
5.50
2.02
1.49
25.23
3.02
3.54
6.09
9.60
13.67
1.47
5.52
7.56
4.51
2.02
4.07
3.08
1.95
5.52
5.59
1.52
11.15
4.04
4.52
5.57
19.69
2.52
6.01
8.59
9.57
2.49
2.56
14.65
1.49
2.02
2.06
6.01
14.14
4.03
11.12
3.00
9.62
3.56
13.21
7.08
15.60
6.56
8.07
2.02
2.51
10.09
3.56
7.04
14.65
11.62
11.65
3.54
3.50
5.04
2.52
5.04
10.64
2.01
2.04
9.07
10.09
11.14
5.53
5.57
1.99
3.53
5.03
10.63
7.03
4.55
8.12
6.61
17.20
15.65
2.54
2.02
3.53
2.03
3.50
1.99
1.56
2.12
7.11
12.61
2.44
2.49
5.51
2.52
4.08
5.58
8.10
8.06
5.05
2.52
6.57
2.99
5.60
5.62
3.01
7.04
12.65
10.07
18.17
3.05
11.12
3.56
3.53
13.15
11.61
10.13
7.60
2.50
4.58
2.06
1.48
8.56
3.00
3.56
7.12
3.98
6.55
3.01
6.02
3.03
21.68
10.13
8.12
1.51
2.02
5.56
7.52
9.12
6.58
5.55
3.07
3.00
2.05
2.04
3.50
3.09
6.63
5.99
3.03
10.64
6.03
9.06
8.06
2.05
6.03
5.01
5.58
11.06
8.58
3.52
9.09
7.05
2.60
33.39
11.68
5.55
4.07
4.04
2.49
10.05
11.61
6.04
2.02
3.51
4.04
13.60
8.12
8.57
3.99
11.17
6.09
3.05
16.21
11.57
11.08
1.54
5.07
17.19
13.61
3.58
7.05
2.99
3.54
3.57
5.08
3.50
5.55
3.01
14.57
11.60
1.50
11.66
4.53
3.52
1.55
1.52
8.64
4.10
6.05
2.53
2.54
3.55
8.54
7.57
15.15
2.00
4.59
2.48
12.12
16.13
2.05
2.02
6.08
11.12
8.18
6.55
9.12
5.53
7.57
1.52
8.58
6.09
1.50
5.56
4.50
8.62
3.01
18.14
5.57
3.05
8.09
8.54
3.54
33.76
7.60
12.60
7.08
7.12
5.54
4.53
10.12
5.02
2.04
6.06
2.49
4.09
3.61
1.53
5.56
4.99
2.02
2.54
20.67
9.59
5.58
4.06
2.50
2.51
5.57
4.06
1.98
2.03
2.04
3.03
12.08
3.99
6.03
4.54
2.53
7.11
8.58
8.60
12.64
2.04
6.03
1.50
3.02
3.00
1.49
8.57
3.01
5.05
6.06
2.03
3.04
13.16
13.20
4.03
4.56
3.52
2.48
19.20
6.56
4.52
10.13
9.64
3.03
8.12
2.52
5.53
23.71
10.56
3.56
2.01
1.55
6.06
3.00
13.07
8.04
2.51
9.55
7.08
12.69
1.50
16.18
15.16
1.57
3.04
3.03
5.62
6.00
8.09
2.01
3.05
3.07
2.51
6.58
7.09
11.15
4.50
4.03
15.14
9.06
9.57
1.51
1.99
3.53
3.04
4.08
7.06
10.14
1.97
1.56
4.04
7.50
2.08
18.16
9.59
2.51
2.02
11.08
2.01
2.54
9.60
4.05
1.47
9.09
4.05
4.06
13.13
5.55
3.53
4.08
6.58
6.58
3.53
22.67
4.00
6.04
2.53
2.00
10.09
2.56
6.05
3.54
5.09
5.05
2.97
2.02
10.61
5.09
14.11
5.53
7.57
10.13
2.51
2.54
5.53
14.15
12.17
2.00
13.13
2.54
3.55
4.02
2.00
2.53
8.56
13.12
5.11
3.56
1.48
5.56
7.59
6.03
2.03
5.06
2.01
8.09
5.04
3.51
1.97
3.07
5.07
3.57
3.57
3.49
3.55
8.04
11.57
3.57
7.04
2.51
3.03
10.59
8.12
10.61
20.21
1.56
3.57
4.50
1.48
7.04
4.53
5.10
7.59
3.54
3.00
2.01
4.04
4.57
9.12
1.49
25.29
6.04
2.51
6.09
4.04
3.53
12.62
1.49
13.59
3.02
2.05
3.58
12.61
1.94
5.01
4.02
4.04
2.57
2.59
12.61
2.51
9.56
1.51
12.65
1.48
11.55
1.52
2.05
1.47
4.55
8.62
9.11
5.11
20.72
3.98
5.51
3.00
2.01
4.56
6.05
6.04
2.02
4.54
1.50
6.05
2.56
2.51
8.61
1.49
6.60
6.08
4.56
3.01
15.67
9.09
2.50
5.05
2.56
11.14
8.08
3.49
2.54
2.60
4.10
8.51
15.68
5.50
7.54
2.02
7.10
1.49
4.58
2.53
2.02
4.02
10.11
13.62
3.57
10.59
6.08
6.03
6.05
14.71
9.61
2.54
1.48
4.52
14.65
11.11
5.56
9.09
4.05
6.08
3.02
6.54
1.49
3.04
15.12
25.77
6.08
5.04
2.54
9.57
8.07
12.14
4.57
8.62
1.54
3.99
1.95
25.21
8.10
5.59
10.10
2.00
7.57
13.65
15.71
8.06
4.00
9.58
2.53
2.00
1.52
1.52
8.11
6.56
2.04
5.04
16.13
1.56
11.60
2.50
8.07
2.07
11.08
7.64
2.07
1.98
9.55
11.62
5.06
1.98
7.07
2.01
2.05
2.55
14.63
6.05
2.00
5.04
2.53
13.14
3.56
14.62
2.03
4.51
2.56
9.63
5.54
2.48
3.57
8.56
4.52
16.67
8.62
3.53
3.02
2.52
10.13
10.59
3.02
14.11
20.20
9.11
19.72
2.01
9.10
3.53
14.64
9.64
1.48
8.07
17.21
4.05
3.55
2.58
3.02
4.02
6.52
2.52
8.59
5.02
37.36
4.53
13.67
4.52
7.56
5.03
2.54
5.58
25.30
2.03
12.66
8.58
2.04
3.54
10.62
15.65
1.99
7.58
4.47
6.58
3.51
13.16
5.54
2.50
2.04
1.97
16.18
5.03
8.60
5.56
6.57
11.15
2.05
2.99
4.51
4.04
19.70
20.76
6.08
1.98
14.13
7.05
3.52
5.02
16.12
2.05
2.53
11.66
2.54
4.56
2.99
7.04
2.07
15.14
3.50
4.57
12.07
7.59
2.01
4.01
12.69
3.07
1.59
2.45
4.52
9.05
7.54
4.07
3.06
5.55
5.51
5.57
2.56
2.48
12.65
1.53
6.12
4.56
3.02
2.97
3.50
2.02
5.61
3.56
3.58
12.59
10.57
6.57
2.49
8.10
4.54
2.06
3.51
3.01
24.32
6.08
2.49
3.48
5.07
2.56
1.56
2.50
9.11
4.57
4.02
2.53
4.01
4.06
8.57
6.03
13.15
3.52
8.57
15.63
4.05
4.08
11.10
4.03
7.07
5.04
4.52
6.58
10.09
11.59
1.52
5.04
10.60
2.52
6.05
3.04
5.03
13.13
1.56
2.60
6.04
3.53
23.71
5.06
6.56
4.55
15.58
3.55
6.60
2.54
15.64
4.02
5.56
21.64
10.10
5.53
4.07
2.55
4.06
7.09
4.03
2.53
4.04
7.57
9.08
10.09
4.56
3.06
7.58
5.51
5.04
8.11
2.54
1.50
6.57
2.51
7.57
9.64
9.57
4.08
1.48
3.50
12.16
4.55
5.02
10.16
6.58
5.60
2.56
4.04
6.61
5.55
13.12
8.52
19.66
13.16
7.61
4.06
1.98
15.60
6.59
5.03
1.48
5.09
1.53
6.58
3.57
2.53
12.08
14.18
9.61
2.50
7.10
14.14
14.19
24.24
11.13
7.08
1.56
5.58
2.03
4.03
7.04
2.56
2.00
18.12
15.21
27.81
11.56
2.03
10.08
12.11
1.49
4.04
5.09
8.59
6.59
2.97
9.59
6.03
7.06
2.02
9.62
2.48
9.58
7.58
2.51
2.05
3.52
4.55
3.53
2.53
5.59
5.06
12.65
2.98
8.08
11.15
5.05
17.17
1.48
12.67
3.56
4.52
5.01
2.52
10.60
2.50
12.68
3.57
4.02
7.07
10.10
12.67
2.53
5.05
2.54
3.06
8.06
5.06
7.10
11.68
4.04
3.04
9.05
10.61
9.61
3.04
1.48
5.05
8.58
1.49
2.52
6.99
3.53
4.04
4.04
2.03
2.52
4.58
9.09
4.51
14.65
7.14
16.69
5.56
3.50
2.00
6.04
11.07
1.50
2.51
7.09
22.78
4.03
2.50
1.54
9.65
2.04
8.08
18.26
3.52
9.12
7.04
5.53
2.55
4.54
5.55
20.14
2.00
8.59
12.13
2.52
3.51
6.58
5.02
29.25
4.09
8.60
4.00
3.04
10.65
4.51
15.65
1.98
4.51
2.58
6.10
9.62
9.61
3.50
3.55
7.55
11.63
4.50
15.65
2.53
1.59
9.12
25.28
5.06
8.49
1.54
2.96
3.47
14.12
3.55
4.58
5.07
4.51
3.54
6.53
1.54
4.58
9.08
10.11
7.00
22.24
3.59
7.08
2.50
6.55
5.00
2.51
5.08
4.52
11.08
3.05
12.12
15.70
2.52
14.14
4.06
10.64
6.53
4.99
8.05
11.64
3.52
2.03
11.17
4.55
7.07
2.52
13.67
25.74
16.66
2.05
4.00
12.10
12.09
2.55
1.51
5.60
8.06
1.44
3.03
2.02
5.59
5.04
6.60
2.54
11.14
11.11
5.57
11.61
8.05
2.47
8.58
4.50
5.57
6.07
2.03
3.03
8.09
5.54
13.63
3.03
11.12
7.10
7.10
2.98
3.50
17.19
10.14
3.56
1.97
5.48
10.65
11.12
3.56
3.00
2.98
3.06
2.59
12.68
8.59
2.55
3.06
7.54
9.09
2.49
6.00
9.04
2.03
13.62
2.01
12.66
2.00
16.69
11.63
7.66
9.59
3.51
2.99
7.59
2.03
3.57
2.99
2.50
5.02
4.62
12.14
4.01
5.55
2.52
3.58
5.53
6.51
4.01
4.03
2.56
5.53
8.03
3.51
7.60
11.13
4.52
7.10
13.22
17.19
4.55
4.99
4.53
2.54
3.54
2.56
1.98
5.54
2.07
13.61
4.49
6.58
1.50
3.06
7.12
27.75
6.61
4.05
7.57
4.00
4.50
2.53
5.55
1.49
4.02
20.77
7.10
8.08
4.03
8.54
7.05
3.03
6.04
2.05
3.03
5.05
22.73
5.13
9.60
11.13
4.57
7.59
1.52
10.06
2.50
5.11
4.56
9.12
1.99
24.77
7.03
10.10
3.56
9.16
3.51
1.96
15.64
2.06
4.57
3.00
5.51
3.54
15.64
7.05
5.04
8.09
20.23
14.11
3.53
14.74
13.18
2.53
8.60
5.53
5.01
3.51
3.52
3.04
8.09
4.53
10.60
7.54
2.49
6.06
10.61
5.56
4.50
6.60
4.02
12.12
5.64
1.97
10.60
9.62
4.04
11.09
1.99
2.59
11.12
17.14
20.25
5.05
9.62
17.15
17.18
8.62
1.49
10.63
22.13
7.04
13.13
18.66
4.09
3.02
7.11
4.07
2.54
10.60
1.49
7.06
19.29
2.50
7.05
2.00
7.53
5.58
7.62
3.01
4.56
1.47
1.99
22.73
4.03
14.71
2.04
3.53
9.63
8.08
2.01
2.54
4.05
8.61
5.52
1.53
13.65
15.62
4.56
5.07
12.10
7.57
2.02
2.60
2.53
20.24
4.51
13.68
5.05
8.06
10.60
2.50
2.03
4.07
6.09
6.54
8.08
6.56
2.50
5.05
6.03
8.07
5.55
3.08
3.55
2.98
9.61
9.63
6.10
8.08
3.02
5.04
1.49
4.03
3.55
5.04
5.56
19.66
9.63
3.53
4.03
1.55
3.54
7.10
2.53
2.03
6.08
18.20
6.05
11.14
9.54
4.03
4.54
5.07
3.53
1.56
2.05
4.02
1.97
9.60
4.06
14.15
10.60
14.14
3.58
5.53
20.24
9.13
4.06
7.02
2.50
9.08
1.55
5.05
2.03
8.58
2.99
4.53
6.05
1.56
1.50
11.64
1.51
3.01
2.03
3.53
9.13
9.58
3.99
8.60
2.56
6.55
4.06
4.56
1.97
5.57
3.01
1.49
5.02
2.05
6.55
2.54
4.98
8.02
10.14
4.56
4.05
8.10
7.57
5.99
13.63
1.56
4.04
7.58
7.12
13.12
1.49
2.04
3.52
7.61
4.06
3.56
1.51
6.08
5.05
17.72
16.69
2.99
3.07
11.10
7.57
13.11
20.68
1.53
3.51
3.57
4.05
1.46
9.64
6.64
6.09
4.50
7.59
5.01
7.61
8.10
7.06
3.51
6.01
13.64
3.52
10.63
6.05
1.55
4.03
12.67
2.04
12.62
1.46
4.54
9.62
3.49
3.10
11.62
8.59
2.57
4.52
8.06
13.06
5.08
2.05
35.92
7.09
6.04
7.55
1.54
1.54
5.04
2.00
3.52
5.05
11.62
4.59
2.46
10.60
13.11
1.49
1.55
16.10
14.17
5.06
12.62
2.01
9.57
2.52
1.48
12.10
4.57
9.04
8.58
3.02
2.51
1.57
13.64
13.69
1.50
20.74
5.59
10.04
13.14
7.09
5.61
1.99
2.50
7.59
4.06
7.12
1.53
22.70
6.55
5.03
1.44
5.60
5.09
3.00
2.00
1.57
4.01
9.08
9.64
1.47
11.14
4.06
1.49
9.09
3.60
8.03
19.14
2.68
7.57
2.39
1.98
1.54
14.63
2.47
2.01
5.59
3.04
3.99
5.55
24.26
2.57
6.64
