4.82
8.34
3.09
5.63
10.34
13.74
13.24
2.16
9.94
6.53
5.55
2.88
1.98
7.46
7.07
31.03
20.27
8.10
5.07
10.09
2.08
10.69
23.32
17.71
5.09
36.97
8.64
5.16
15.92
22.55
2.91
10.21
2.57
1.52
7.57
23.70
4.15
11.74
5.05
23.21
7.57
2.07
9.07
9.14
2.48
4.02
4.56
2.64
6.57
6.00
2.55
4.61
4.06
22.38
14.17
1.52
15.28
17.20
3.11
19.89
12.58
9.25
11.17
19.40
11.71
6.03
5.61
5.53
2.96
1.06
4.60
32.13
17.26
1.11
8.56
22.85
2.11
5.12
3.51
16.21
2.10
22.96
8.62
7.74
15.12
1.03
3.48
5.01
19.16
2.62
11.73
12.40
8.63
7.23
10.38
3.41
17.80
3.44
2.05
7.14
2.09
15.23
8.13
5.16
1.12
20.27
12.68
10.19
24.00
12.63
9.14
1.50
1.94
9.47
1.08
7.22
6.19
3.08
14.62
6.08
10.72
2.51
5.14
16.83
11.70
3.46
4.54
5.12
1.43
1.63
16.71
6.59
4.17
2.94
6.16
7.26
1.44
4.00
3.17
21.85
3.13
2.12
3.50
5.46
2.16
5.13
3.47
1.97
6.05
3.01
26.82
18.83
14.72
4.50
1.27
8.10
1.06
11.56
7.14
24.92
3.04
2.02
2.04
6.49
4.65
2.10
10.61
1.06
10.51
10.26
2.65
12.63
6.10
3.99
7.14
7.10
9.63
5.59
4.54
10.71
1.51
7.09
2.05
19.35
12.70
4.05
11.80
3.48
3.56
2.50
15.06
18.81
4.54
2.55
5.12
15.27
8.68
2.59
13.80
5.48
6.08
9.19
4.03
8.14
6.11
11.77
13.20
8.67
11.18
11.78
21.07
5.64
5.52
11.78
2.56
15.32
11.23
14.15
4.03
11.13
2.54
1.03
8.57
4.13
23.91
5.54
20.90
4.02
10.15
7.06
12.25
7.08
21.82
12.73
8.32
5.63
42.06
10.15
22.30
3.42
4.74
7.65
4.48
6.54
8.10
1.55
6.03
3.51
1.67
5.13
1.50
12.27
1.51
44.74
3.50
7.14
5.06
21.22
17.29
14.72
3.60
3.04
36.72
34.08
2.06
4.53
6.15
11.66
2.01
2.05
5.59
1.49
24.45
6.17
12.29
2.48
4.54
11.54
3.12
17.17
8.52
8.68
1.08
5.94
15.88
4.56
31.00
4.04
4.13
16.92
4.54
5.58
1.51
5.58
7.53
1.60
16.80
2.13
13.17
1.50
16.45
5.00
6.10
9.51
3.05
3.10
3.01
15.80
17.12
4.57
5.08
0.98
3.57
5.84
10.21
17.42
14.64
10.13
25.68
3.09
11.77
15.78
17.23
8.56
4.53
12.13
4.08
3.62
17.96
1.52
1.87
3.61
2.93
8.61
14.76
32.97
4.96
3.70
6.00
16.21
39.79
8.14
4.47
2.96
14.25
7.12
2.52
12.24
3.64
3.96
3.08
1.56
15.89
11.71
3.04
4.92
6.08
4.11
15.23
12.34
4.10
4.99
8.74
5.09
11.08
2.12
7.59
2.14
3.01
17.18
2.08
8.27
1.84
1.61
7.07
3.48
5.06
4.54
32.99
1.01
3.56
2.58
12.25
3.01
6.11
8.58
14.25
2.00
2.06
12.19
1.94
6.67
14.25
1.37
2.18
11.38
1.38
26.88
7.13
4.65
20.69
1.13
5.69
1.99
8.76
7.04
6.56
11.13
1.49
1.49
19.74
1.07
8.57
1.06
9.73
33.55
28.39
7.29
7.12
6.13
10.18
4.52
4.51
3.47
36.70
4.66
9.67
10.67
9.53
4.05
7.58
5.14
3.62
2.00
2.98
2.70
10.11
1.06
12.35
7.50
8.65
9.10
17.73
3.10
2.01
5.50
4.15
40.08
11.61
19.84
6.09
11.33
9.71
6.03
14.22
3.50
3.61
6.06
3.00
7.18
4.05
1.63
3.98
12.78
23.82
2.58
31.58
3.53
4.05
13.23
3.58
5.04
2.07
4.96
12.18
22.00
2.54
2.53
6.02
8.04
4.10
5.13
1.51
21.88
7.57
3.12
5.58
3.93
2.06
9.62
2.66
11.19
2.51
2.51
12.21
7.15
1.06
6.13
10.71
3.58
10.67
4.06
9.65
10.69
13.08
3.12
1.47
9.68
1.54
21.28
25.31
2.45
17.30
14.38
2.60
18.75
2.09
10.82
23.35
28.85
5.93
4.59
5.19
16.26
1.84
2.18
3.00
16.88
7.60
20.85
6.58
5.70
1.53
4.72
13.68
5.08
1.45
3.98
6.27
7.70
10.66
9.09
6.57
1.60
11.31
22.81
5.01
8.11
3.62
18.64
1.04
5.02
3.60
3.54
3.57
11.65
1.61
3.05
1.51
6.50
15.25
3.12
6.56
16.27
15.17
7.57
4.03
1.63
11.27
6.68
6.51
20.20
15.21
5.02
23.80
3.01
4.62
5.67
6.11
2.97
6.09
2.08
5.56
8.74
8.77
15.26
7.07
12.13
5.56
12.66
4.61
16.18
6.11
4.05
8.59
14.24
9.10
34.47
5.16
2.57
6.59
3.52
4.13
5.54
10.07
4.51
3.01
10.82
3.00
11.10
1.54
3.52
16.87
5.08
1.49
2.58
9.76
15.27
4.43
14.33
4.62
18.21
6.00
6.18
6.12
2.03
3.09
2.49
16.37
12.00
5.02
7.09
4.08
7.79
2.43
8.16
7.65
3.00
1.54
17.23
1.52
5.60
4.05
4.58
24.45
14.11
9.25
7.10
6.01
5.16
6.64
6.08
4.46
34.46
6.24
2.88
8.26
19.83
1.18
4.45
2.05
13.42
7.27
21.76
17.78
5.13
10.91
5.14
6.22
5.25
6.77
13.98
3.61
7.80
22.78
8.21
3.63
5.70
9.34
5.22
6.21
5.79
4.64
6.29
3.63
4.22
8.77
7.86
19.28
18.13
14.94
8.29
7.18
16.02
16.08
9.89
7.82
6.24
4.63
22.28
5.71
11.39
3.63
5.68
13.99
10.88
3.73
4.03
15.65
7.33
9.20
28.57
7.16
19.18
24.42
3.62
8.30
5.10
4.65
3.68
8.29
5.27
4.65
14.11
8.29
5.11
8.31
5.15
9.74
5.20
14.00
25.39
18.64
4.67
5.70
16.70
7.25
7.20
7.90
5.62
12.39
33.73
9.34
6.73
9.40
9.86
11.87
4.27
4.53
12.96
24.82
6.80
17.65
7.28
3.65
4.10
28.03
4.64
13.48
12.59
8.88
4.72
10.22
16.60
6.75
14.92
4.67
5.21
16.57
18.16
6.80
16.55
10.39
3.65
20.19
6.76
19.09
14.03
4.62
6.79
15.04
7.18
42.03
4.66
9.36
22.93
5.16
17.57
6.76
7.24
3.73
5.29
15.93
14.39
4.22
22.19
10.83
9.43
33.20
3.74
10.87
3.51
12.97
6.33
6.21
10.77
8.92
6.74
4.58
3.63
6.74
29.46
19.21
9.33
9.34
5.23
8.77
5.19
4.64
8.95
10.40
14.49
9.71
5.73
13.07
12.05
6.14
9.29
7.38
17.49
3.65
10.85
4.72
7.25
26.90
8.30
10.24
13.50
3.64
7.78
8.88
4.66
4.58
19.81
5.20
10.92
4.23
14.06
5.73
5.05
4.77
28.45
11.30
23.92
9.84
9.25
24.89
6.73
5.73
3.68
10.90
8.75
8.90
20.71
20.33
10.82
8.24
11.39
6.30
4.24
5.69
4.54
10.34
10.37
19.28
3.50
42.54
35.30
19.67
5.81
20.60
16.03
6.22
12.92
6.75
12.46
5.22
4.16
11.49
7.25
20.67
10.42
16.00
7.23
5.18
11.41
6.72
8.93
6.75
7.41
6.63
6.61
17.20
19.26
19.18
16.53
6.30
15.47
8.82
4.65
11.89
10.91
8.28
17.63
15.68
22.91
4.62
10.24
7.25
55.55
22.19
15.46
8.92
6.78
9.23
4.25
33.70
13.98
27.56
22.18
4.01
3.62
8.82
21.78
9.85
4.17
12.45
4.68
5.19
11.40
16.70
51.40
15.43
38.83
7.79
5.70
27.46
3.63
11.92
6.75
9.84
11.38
7.25
12.46
5.17
8.35
3.62
6.30
5.67
21.78
6.24
3.73
5.15
31.12
3.63
12.86
8.24
4.72
8.83
7.26
4.62
9.28
14.04
6.24
5.23
19.70
10.38
18.19
12.96
16.61
4.14
4.67
13.87
6.24
12.96
6.79
10.90
6.74
43.57
17.56
7.32
7.36
12.95
21.16
9.28
31.61
8.83
9.43
6.74
17.63
13.42
9.34
5.74
15.02
10.36
14.04
14.51
6.70
4.68
18.16
3.60
7.88
7.26
13.44
6.15
6.21
9.86
12.54
9.20
5.25
28.06
32.13
8.26
5.18
3.60
5.18
11.31
6.73
3.62
10.87
8.81
5.22
25.44
17.68
5.17
14.02
8.83
7.26
6.23
6.80
21.28
5.10
4.22
10.36
5.11
9.44
4.14
7.78
4.07
8.29
10.46
5.69
3.62
7.65
22.83
7.36
4.66
10.35
10.91
26.95
17.10
3.63
23.25
5.71
5.23
11.39
4.61
4.16
15.55
3.64
15.06
10.90
4.75
8.33
9.25
4.11
17.13
6.24
11.94
19.20
27.01
7.24
7.28
17.62
12.94
4.75
11.94
5.09
5.28
19.68
4.18
19.81
12.86
8.83
17.68
9.33
9.23
9.33
4.77
10.91
7.68
4.59
4.27
25.54
12.45
11.81
7.66
3.71
6.74
5.82
4.71
3.63
6.09
7.25
3.62
10.31
15.02
8.29
5.16
8.29
11.46
10.78
19.82
3.64
31.64
7.28
4.12
8.19
10.36
15.03
5.18
9.86
18.65
4.67
6.74
7.25
7.80
11.39
10.34
12.44
9.45
8.42
13.60
3.50
10.28
11.30
14.09
19.79
9.20
26.44
16.02
11.91
7.78
3.72
4.05
11.44
8.30
6.32
6.70
12.43
5.19
5.74
13.40
11.92
3.64
8.27
3.69
9.32
10.36
9.85
14.54
13.03
25.39
4.14
6.64
6.23
15.11
15.17
8.17
3.57
5.19
23.29
12.43
12.58
19.72
23.47
6.72
4.08
9.45
12.82
13.86
14.51
5.22
18.65
12.54
9.88
6.13
4.56
15.62
8.86
4.10
15.11
12.35
8.80
7.21
6.82
6.72
14.58
18.24
11.34
4.66
7.39
6.09
26.51
11.92
15.52
40.47
9.81
9.82
5.71
9.73
4.65
7.78
10.29
5.71
4.66
18.66
11.50
7.29
7.19
3.62
4.67
7.26
36.85
3.65
11.41
10.98
6.75
7.26
4.11
16.52
4.15
6.80
13.36
29.06
20.75
23.81
5.18
8.80
6.85
3.70
4.55
20.73
14.48
12.59
3.52
6.24
4.65
6.82
7.72
15.06
4.16
7.28
33.38
4.14
5.84
4.76
4.02
6.24
12.84
22.17
9.28
5.70
6.79
10.88
10.91
5.26
5.12
4.16
12.94
24.48
4.24
5.70
5.06
4.22
16.05
9.31
8.72
8.31
7.36
22.81
10.75
25.41
6.13
5.73
10.86
7.37
4.56
20.75
4.19
15.04
11.92
14.00
10.98
19.70
12.37
8.24
6.23
9.46
8.19
13.44
4.66
18.12
8.29
16.54
15.68
5.19
6.74
3.52
5.24
4.14
4.18
7.72
7.21
19.71
5.75
14.01
4.67
4.69
6.23
4.11
19.66
13.57
17.63
3.54
6.86
10.36
20.26
6.64
6.18
11.39
6.83
5.76
18.79
4.56
3.68
9.79
14.46
7.73
6.30
5.09
7.24
7.78
19.19
12.51
4.14
6.21
9.24
8.83
14.09
4.05
24.42
3.60
12.42
22.83
12.91
6.24
3.63
4.68
18.16
17.10
5.18
4.70
5.83
5.67
3.63
5.66
28.99
5.12
7.28
5.70
7.79
11.41
7.39
6.75
10.85
12.88
24.91
13.47
18.67
5.72
3.63
15.07
4.25
11.92
12.48
6.21
12.45
14.94
36.21
21.76
5.19
3.66
8.82
19.75
7.70
9.32
17.61
21.71
4.14
15.56
3.63
5.28
4.15
23.84
6.64
4.69
11.95
9.85
14.05
14.59
10.80
19.66
7.27
4.75
5.18
46.70
8.79
5.19
3.57
3.63
3.69
15.06
8.24
7.74
21.87
10.90
19.17
13.97
9.84
17.21
5.15
7.30
9.44
7.82
14.02
3.54
8.26
7.62
5.28
5.08
8.28
5.24
3.70
17.55
5.12
4.77
7.84
5.80
10.82
12.33
9.32
11.52
25.32
7.70
4.66
9.88
6.18
24.80
8.83
8.32
21.79
3.61
13.47
16.58
4.24
10.37
4.80
14.59
13.41
32.13
3.57
5.25
3.55
4.62
5.30
30.05
64.62
12.96
19.06
5.70
5.70
4.66
7.87
6.22
9.26
5.71
4.66
12.05
28.62
14.54
12.38
13.47
6.21
26.35
22.40
7.20
24.35
29.12
5.22
15.51
6.66
7.76
7.25
5.14
10.48
9.36
7.74
4.67
16.09
3.71
7.68
5.08
22.78
7.90
4.16
12.52
6.11
11.94
4.65
20.80
8.43
5.16
30.04
4.06
6.20
14.95
6.73
10.98
10.48
5.60
12.47
5.20
6.84
14.49
4.66
12.96
10.85
18.08
14.64
8.16
15.98
17.14
6.75
4.67
11.42
16.74
22.26
3.55
20.75
15.45
4.75
17.03
38.29
4.17
32.16
5.76
4.10
10.39
5.15
9.34
27.05
6.75
6.72
4.63
5.27
4.06
13.49
5.79
8.88
6.77
21.68
4.11
4.67
9.28
7.84
7.79
12.88
4.16
5.71
3.63
4.61
6.34
7.29
6.79
13.54
10.29
24.40
8.32
12.34
4.14
14.50
9.82
44.52
18.13
3.63
4.15
7.80
5.29
17.10
10.36
4.71
4.11
22.15
4.18
5.79
28.05
23.95
21.70
3.58
3.60
4.73
22.29
5.67
6.80
3.63
5.17
7.21
6.18
14.51
5.71
7.78
4.14
15.14
28.53
8.31
4.25
12.97
7.63
4.56
8.84
25.52
11.47
6.75
3.63
8.79
5.18
8.90
19.71
4.67
10.41
36.27
7.14
11.94
3.65
7.33
6.33
17.55
5.60
6.21
4.21
11.28
3.56
6.23
14.00
18.66
5.19
16.61
5.68
29.12
42.06
4.70
9.32
8.28
15.58
16.45
10.89
10.84
5.17
4.14
6.81
19.70
5.62
4.22
12.05
10.91
10.29
15.01
20.70
33.04
11.96
10.93
5.30
10.84
10.88
6.73
15.42
12.50
10.42
5.71
24.35
18.62
11.34
5.20
10.92
5.72
15.54
12.99
22.33
6.21
3.63
21.41
4.75
4.54
11.39
6.64
7.75
13.02
8.30
8.41
6.16
10.87
10.88
12.94
6.75
25.78
35.36
17.64
11.32
5.16
5.15
20.74
4.22
12.92
8.40
4.19
11.33
5.12
4.60
10.37
22.96
7.79
3.68
34.19
16.02
23.30
22.29
5.31
17.60
4.14
10.41
8.29
12.48
16.16
6.13
4.14
24.27
19.22
5.20
15.68
72.47
21.81
7.88
19.12
7.26
9.24
13.49
16.10
3.60
12.93
26.97
6.75
4.13
5.26
7.78
23.36
6.16
5.16
6.30
5.19
9.40
4.58
4.24
4.68
9.22
13.41
18.16
18.11
42.03
14.08
4.67
15.55
3.65
5.14
5.31
6.63
11.44
15.55
12.96
13.47
13.52
31.60
10.95
32.20
15.07
10.30
7.33
4.66
3.66
14.44
10.88
5.68
6.21
6.21
4.14
38.36
4.13
5.71
8.29
13.46
11.93
8.83
14.00
6.35
17.12
18.11
4.15
3.61
12.83
4.69
5.71
3.64
6.80
20.72
5.65
9.85
10.42
7.28
13.49
9.34
6.81
4.08
11.89
4.14
6.72
8.77
4.15
3.63
5.69
6.21
4.24
18.69
6.16
10.93
5.68
4.14
5.23
5.12
9.84
4.69
9.83
28.98
15.04
3.62
3.63
6.21
16.57
8.40
15.04
8.23
11.41
5.79
7.26
5.73
9.84
5.05
4.15
5.71
7.78
23.30
22.81
11.94
12.99
3.60
22.34
7.80
10.85
11.89
23.85
4.15
7.88
10.44
4.12
3.67
15.05
5.12
4.13
3.74
10.92
17.53
6.27
10.29
3.73
10.37
5.57
12.45
10.99
26.40
8.72
6.72
23.84
17.02
9.33
9.46
11.44
9.31
6.60
5.12
6.22
7.27
5.83
22.39
16.06
17.01
8.88
6.24
10.89
13.01
7.87
29.55
15.52
32.24
15.57
8.74
10.80
5.60
3.65
7.78
3.65
6.75
6.27
4.67
28.04
4.20
10.30
36.30
13.49
45.52
3.63
3.62
5.18
20.22
50.78
10.50
7.91
17.75
4.11
5.57
8.73
20.13
7.75
7.26
4.70
21.72
4.74
5.80
5.63
8.75
22.29
18.29
12.46
27.55
12.81
3.59
4.67
9.83
4.69
24.44
5.20
16.64
16.06
5.05
4.72
4.67
7.18
10.88
35.29
8.72
12.96
5.20
7.89
3.60
10.30
30.60
43.52
8.83
15.62
7.36
4.05
25.38
11.37
9.30
17.10
34.75
7.29
11.89
14.52
17.64
4.16
10.50
10.38
6.20
6.16
3.59
21.26
6.24
6.34
3.71
25.44
9.89
11.38
25.93
22.22
16.57
4.16
3.65
7.27
6.22
26.34
4.18
5.73
21.78
7.26
9.84
14.49
4.79
11.46
27.42
7.36
14.40
6.75
9.36
8.70
7.78
30.08
15.55
6.85
3.61
18.27
20.77
9.23
8.78
10.37
13.99
12.45
15.54
8.83
4.67
10.48
7.86
19.08
9.29
16.51
4.16
13.50
18.69
4.64
9.33
30.12
9.84
7.71
28.02
20.19
15.05
3.63
4.68
6.20
4.21
28.05
18.13
7.36
6.34
17.04
12.99
7.23
28.49
28.11
10.29
9.27
24.96
8.29
6.19
3.70
4.64
4.65
19.28
4.67
24.80
4.68
8.27
9.40
13.06
15.47
9.28
3.62
5.79
19.18
13.62
9.86
5.12
15.01
12.96
5.68
6.62
15.55
23.98
3.51
10.86
23.44
4.58
5.70
5.18
3.75
18.77
8.17
19.73
3.62
7.25
16.51
9.87
4.78
8.29
7.65
6.73
3.68
7.29
10.82
11.33
29.01
5.19
9.87
6.78
7.22
4.76
17.63
33.23
4.62
15.99
19.16
10.48
5.05
20.76
4.68
3.69
4.63
6.33
5.68
6.13
3.66
28.11
10.38
13.97
18.14
4.10
11.42
4.19
6.72
28.98
7.73
33.31
7.26
8.19
9.87
4.75
35.92
5.11
23.88
14.61
6.75
22.18
9.26
7.76
8.29
7.84
24.88
3.65
6.16
29.09
17.09
13.50
8.30
11.95
11.41
11.89
18.63
21.89
6.62
21.28
4.67
28.06
4.08
6.22
22.93
9.36
25.93
9.34
9.33
5.19
4.56
11.01
11.46
12.46
5.55
5.19
15.55
17.05
12.04
3.56
12.47
15.04
12.99
13.02
4.13
18.79
6.77
5.23
11.84
5.20
26.38
4.22
3.54
8.75
9.87
13.06
4.57
14.49
8.39
17.62
5.21
5.25
12.37
21.25
5.12
3.63
18.57
9.89
12.96
21.25
13.47
13.95
4.67
3.67
8.82
8.25
5.19
18.64
5.79
4.15
5.18
18.27
8.18
5.57
8.80
8.30
3.77
4.26
5.04
4.08
7.75
28.53
6.20
8.87
20.22
11.33
32.61
6.71
5.71
7.79
7.74
4.16
3.63
5.31
11.81
22.30
24.93
3.62
4.66
9.33
9.34
9.85
7.80
18.75
6.80
16.62
7.71
3.73
6.23
8.22
4.02
6.85
9.84
12.96
9.20
8.80
9.33
8.82
7.77
17.71
10.40
6.77
8.82
7.29
22.77
6.24
5.77
34.78
27.06
10.42
18.10
8.70
7.18
4.18
13.45
9.29
5.19
3.63
20.19
3.62
5.20
9.30
19.71
4.16
8.78
4.16
8.95
12.98
20.85
21.68
20.73
12.96
5.17
25.85
18.15
5.18
9.31
11.92
19.84
7.82
21.76
18.55
17.08
9.31
5.18
8.37
9.31
4.22
4.76
5.07
7.76
4.67
11.85
9.86
4.13
3.65
10.90
9.31
10.92
7.74
8.88
15.04
7.75
23.86
3.59
4.65
4.67
4.71
12.46
16.59
4.61
10.43
10.91
4.69
11.40
8.30
12.90
5.18
21.22
3.75
18.15
3.50
6.77
8.29
9.34
8.25
5.73
9.87
11.43
3.63
6.22
6.72
12.45
18.25
5.23
7.75
9.22
20.77
4.67
8.35
8.32
3.60
15.04
10.85
11.92
14.64
4.21
5.06
3.71
7.24
4.06
32.16
17.60
24.42
12.05
4.62
6.71
35.79
9.84
21.92
6.18
10.37
4.67
3.65
36.38
9.42
16.55
8.82
9.76
13.95
13.44
4.14
5.70
7.27
8.80
7.80
4.73
4.18
9.83
46.08
15.95
5.68
13.00
15.49
4.31
3.48
8.31
4.09
7.88
12.48
5.70
4.67
8.75
10.78
5.69
4.19
7.25
16.02
6.21
31.09
9.34
16.14
10.50
4.10
7.69
3.63
9.44
55.49
12.35
8.80
20.21
4.69
10.88
3.68
5.19
12.45
9.81
5.22
9.85
17.71
12.38
4.59
5.71
9.34
15.68
10.39
5.06
9.86
7.26
10.89
10.39
4.65
16.69
23.90
4.63
6.13
17.59
6.73
6.22
10.90
7.30
3.60
8.83
3.60
36.30
12.43
9.33
7.36
7.78
7.22
8.28
22.38
5.67
15.61
10.50
4.09
8.76
10.24
5.71
18.19
12.51
10.35
18.72
25.95
7.83
7.87
6.13
4.67
28.53
17.57
6.34
5.71
7.26
5.14
9.86
6.24
19.12
7.23
3.63
3.76
5.71
5.09
4.64
14.08
23.85
5.73
22.32
8.27
23.33
10.26
18.64
5.76
6.85
3.68
5.07
34.68
5.18
4.16
4.16
6.37
5.70
4.56
5.70
6.24
9.78
4.27
8.24
10.35
11.29
6.75
4.66
14.60
9.84
3.53
15.04
3.68
7.73
9.33
12.96
8.38
3.57
15.55
4.74
18.13
5.66
7.79
13.47
3.55
8.82
3.63
11.97
12.95
18.18
9.33
5.71
13.95
12.48
29.60
12.99
3.59
7.23
21.24
15.06
5.70
7.77
6.64
31.61
8.29
18.71
29.01
17.58
23.81
12.46
14.48
4.15
4.14
22.28
6.72
6.77
15.15
7.18
15.59
15.57
8.88
5.69
18.13
4.15
18.19
10.88
8.82
17.64
3.64
4.25
7.26
9.22
13.47
10.48
27.00
16.61
19.21
10.36
4.67
36.32
5.12
3.68
5.67
13.49
15.57
7.25
11.02
5.70
4.15
7.29
4.54
17.71
9.32
8.71
18.24
12.49
8.80
8.22
7.73
19.76
17.73
18.80
13.96
16.07
4.16
14.43
6.19
7.81
16.03
14.58
19.66
30.60
5.19
20.62
10.35
8.80
16.07
24.36
4.67
5.82
3.50
18.66
9.87
30.13
3.63
26.45
7.78
10.85
4.14
11.92
3.67
6.76
8.90
7.21
11.84
20.21
20.79
22.29
11.89
3.63
11.41
26.49
3.63
4.08
25.39
6.75
11.41
5.80
6.80
13.48
13.87
13.47
16.51
12.45
18.75
6.24
17.10
25.50
5.58
3.70
10.39
18.67
7.34
17.56
3.65
6.13
5.23
8.26
13.87
8.76
4.69
13.50
13.48
15.03
4.66
19.17
5.26
5.18
23.85
10.42
4.58
16.07
10.89
4.68
14.00
32.64
4.14
7.23
8.39
10.90
4.65
19.71
9.27
11.47
6.25
4.13
12.99
23.87
16.61
4.69
22.23
18.78
8.81
15.04
3.62
8.24
5.25
12.05
6.65
13.39
11.41
7.25
4.72
37.36
8.83
9.30
12.49
13.41
8.26
11.46
20.24
5.23
5.72
5.09
7.74
5.60
3.65
19.18
13.99
4.15
29.52
10.89
6.75
15.57
7.30
4.20
5.19
8.22
5.77
9.36
4.60
7.71
4.67
17.70
6.25
5.30
20.74
4.16
12.43
19.13
10.99
8.31
13.03
10.36
8.83
18.10
3.55
9.34
16.50
16.58
8.30
3.65
13.01
4.11
8.85
15.04
9.83
13.52
4.59
9.36
8.81
3.65
6.75
6.77
18.69
4.67
29.55
7.25
5.21
19.71
7.30
3.70
11.88
10.30
10.39
13.49
4.72
32.08
6.24
5.10
7.81
7.83
9.46
5.64
11.99
7.21
5.73
7.75
11.39
4.17
16.63
5.12
8.24
4.09
4.14
5.20
8.31
8.31
4.78
19.70
6.73
6.77
5.22
4.75
8.25
5.65
4.16
3.71
28.42
12.98
7.77
12.02
16.06
25.83
3.73
4.11
15.02
6.72
23.36
14.51
7.35
6.77
3.64
5.77
4.07
3.68
12.95
10.33
4.67
37.33
5.22
18.03
7.23
17.67
8.81
8.80
7.25
19.71
4.18
10.37
3.60
11.02
19.19
10.24
24.89
6.31
7.68
6.28
34.20
6.79
11.88
34.23
5.20
11.00
13.95
12.32
7.27
18.10
23.84
10.91
17.66
18.25
6.73
10.26
13.47
10.88
4.16
11.39
6.74
4.67
6.74
5.19
8.81
9.88
5.17
35.33
6.24
12.43
15.51
6.16
6.37
20.79
34.23
12.46
32.56
4.74
3.55
8.86
7.85
4.72
22.36
5.70
10.35
9.36
5.12
3.68
13.44
11.32
25.94
7.31
17.63
4.11
17.24
7.40
3.59
4.52
15.73
8.77
4.11
14.55
8.76
8.27
7.22
11.95
4.62
17.08
14.06
8.92
8.38
4.64
6.18
4.67
4.61
15.56
24.99
5.16
15.56
9.25
11.47
3.58
14.02
14.47
5.19
6.27
4.68
4.68
6.16
7.36
5.20
11.99
5.11
6.75
6.21
8.28
10.91
26.43
19.18
5.22
14.61
11.50
12.88
16.50
29.10
15.68
9.30
9.71
11.90
5.83
10.38
7.13
5.18
20.22
4.18
16.07
3.60
8.29
7.29
6.86
10.38
6.72
5.72
8.82
15.92
9.32
12.93
7.84
21.81
12.03
9.81
9.84
23.80
14.01
19.65
23.39
3.60
9.86
3.63
3.63
4.66
6.80
5.23
8.80
7.76
10.29
9.89
55.41
28.58
6.75
19.23
6.22
39.85
6.21
4.66
3.65
16.64
7.76
13.98
6.18
7.36
8.83
6.24
8.83
7.76
7.12
15.12
9.44
7.81
9.23
15.66
21.23
8.87
26.54
15.06
6.72
10.78
4.15
6.74
6.72
8.86
3.66
4.24
3.51
24.33
5.63
11.01
13.60
16.08
4.16
9.27
5.70
3.56
22.16
8.85
12.07
11.42
10.77
10.34
14.49
32.77
3.67
15.52
3.58
4.60
8.30
5.75
21.74
4.69
24.92
12.01
11.84
19.68
22.18
13.04
5.71
7.79
21.79
3.74
22.81
13.54
12.31
10.37
5.20
13.47
7.73
7.74
12.87
8.31
14.44
10.38
9.34
6.23
7.25
17.14
16.54
28.02
4.67
14.46
6.73
5.70
11.43
9.36
4.77
25.89
14.99
6.21
4.14
18.54
4.14
9.44
14.54
12.96
10.39
3.62
4.14
18.58
3.70
8.34
5.12
12.91
9.34
14.51
5.26
10.38
4.07
6.82
16.08
5.72
5.73
5.70
3.60
13.46
5.17
9.88
7.77
20.21
11.32
12.95
5.18
15.61
4.69
12.96
13.46
4.24
7.80
11.30
7.20
11.95
10.86
4.77
5.09
8.82
3.60
4.14
10.36
36.29
5.20
3.65
4.12
16.10
13.02
21.31
10.85
14.53
26.48
20.34
6.73
10.91
4.64
9.17
3.63
5.16
5.28
13.49
19.75
9.38
5.18
3.68
4.72
8.24
11.38
8.81
26.96
8.85
15.44
11.95
7.25
31.65
32.67
7.26
17.72
8.82
5.71
3.60
8.29
19.09
12.55
14.02
33.23
5.61
3.65
5.23
10.93
6.15
3.61
9.35
3.63
4.16
3.64
5.23
11.46
8.72
25.46
4.20
8.85
4.18
26.90
4.08
4.14
10.39
21.84
15.52
4.64
10.91
16.06
5.17
17.07
4.16
13.04
15.12
19.76
5.63
13.98
7.78
4.65
15.54
24.84
12.03
6.24
10.93
5.21
6.72
6.21
8.30
6.76
4.66
6.24
7.79
6.32
21.76
10.38
10.29
3.56
10.90
11.47
11.94
16.03
14.59
4.08
26.56
17.67
13.04
10.96
25.28
19.21
4.16
5.19
11.50
4.03
4.22
8.26
4.65
17.20
46.56
18.69
14.95
7.22
5.71
5.69
4.77
9.84
17.63
13.57
6.87
22.18
8.19
17.53
5.20
5.71
7.36
4.61
26.40
13.54
20.11
4.73
11.92
13.01
14.37
17.25
6.22
4.56
8.90
6.24
4.68
12.91
23.90
12.54
7.30
6.72
4.11
28.03
7.76
14.51
3.63
15.51
10.35
33.74
19.83
7.64
21.78
25.97
14.50
3.63
6.22
5.26
8.32
14.51
6.24
18.67
3.70
26.88
13.47
3.73
3.60
11.84
7.26
18.82
3.65
15.51
12.85
9.37
20.79
7.22
11.88
33.76
10.50
4.23
4.54
5.14
10.35
4.25
10.45
9.85
6.30
8.32
16.49
7.20
7.32
5.77
7.73
32.00
3.55
3.65
5.19
4.21
4.11
5.71
4.16
8.26
3.64
12.97
8.81
8.83
12.91
14.00
17.64
12.98
9.84
15.03
5.26
6.20
7.79
12.00
9.84
3.60
20.64
3.63
8.74
4.18
14.62
8.82
9.73
8.81
5.20
18.09
7.28
18.66
9.84
9.32
29.63
12.97
4.07
7.76
6.21
5.24
16.56
5.19
18.80
16.02
7.64
11.50
6.84
16.16
14.98
13.93
8.27
11.44
6.77
5.17
6.70
11.33
21.73
3.71
7.87
14.96
19.66
8.80
9.88
27.43
11.44
6.75
3.74
7.76
5.69
31.10
8.85
22.20
3.60
9.34
11.39
4.66
4.68
7.26
10.89
8.87
30.14
7.73
5.63
17.01
8.80
16.61
6.76
9.36
3.57
15.09
17.65
4.67
10.86
13.36
7.77
8.29
3.73
4.06
27.49
4.64
3.70
12.43
49.28
6.16
4.68
4.15
3.61
4.14
10.40
6.21
13.52
16.24
13.01
7.14
3.63
10.31
29.07
4.72
6.70
11.52
3.50
4.14
32.19
7.28
4.66
8.32
10.89
6.82
9.81
38.93
47.70
11.91
23.80
3.70
4.67
4.11
11.39
4.23
6.74
3.55
12.40
6.21
5.69
9.44
9.41
5.65
20.64
12.45
28.01
5.69
3.68
6.19
3.62
16.14
17.17
4.08
4.77
15.52
7.18
17.06
5.76
9.88
16.58
7.74
7.24
6.17
4.67
19.14
14.52
6.73
32.12
15.04
5.25
8.22
8.80
24.84
29.00
5.83
4.15
3.65
23.35
4.11
12.41
21.74
5.71
12.45
5.70
14.07
6.64
19.17
10.33
24.38
8.96
4.66
3.73
8.82
6.60
7.33
9.36
4.78
21.18
6.61
8.82
21.71
11.94
27.12
18.29
4.56
4.66
14.89
6.75
28.03
4.16
4.67
14.50
33.64
14.51
26.02
6.75
4.16
3.73
29.60
17.68
11.86
5.70
6.13
3.61
4.24
4.78
6.63
17.68
22.42
5.70
10.74
4.19
3.69
6.23
8.19
9.26
9.86
7.77
11.92
7.76
8.83
7.80
4.19
30.64
4.21
82.49
4.57
9.31
12.03
14.10
4.60
11.94
4.57
6.25
8.32
10.90
7.25
6.24
11.49
14.03
6.32
9.79
6.22
13.04
14.05
5.19
6.17
17.17
6.77
8.30
12.43
32.09
9.32
6.82
19.27
12.44
5.61
14.46
8.31
4.77
9.83
11.89
6.33
17.54
6.84
10.79
5.69
12.84
18.11
5.72
6.77
16.06
22.95
14.98
19.60
5.20
21.79
4.67
32.67
4.67
5.27
9.84
6.70
20.26
4.59
6.81
15.01
9.23
17.20
13.59
3.52
8.80
5.72
10.25
3.71
7.68
17.58
8.31
4.66
5.73
6.36
35.89
4.55
8.78
15.46
10.34
8.35
27.50
4.67
5.70
8.33
18.16
6.70
23.29
8.39
17.71
40.40
14.03
4.12
5.09
8.80
6.19
4.65
6.36
7.13
10.88
19.17
4.16
18.70
22.85
18.79
4.77
9.84
12.86
16.59
3.60
4.71
10.27
10.47
6.70
4.04
4.69
15.01
21.76
29.63
5.71
5.17
13.43
10.90
5.26
24.38
6.69
14.04
6.68
16.04
11.39
4.24
12.94
8.72
16.11
8.40
5.23
3.58
6.64
8.26
8.29
4.69
11.46
15.04
14.49
8.29
15.02
5.68
17.11
28.00
52.86
6.13
7.79
28.03
7.33
17.74
6.63
10.96
36.84
6.64
31.18
3.63
14.56
11.82
4.66
17.16
3.67
8.83
19.13
10.37
16.05
13.12
4.62
4.02
9.85
16.23
22.83
9.35
5.60
7.26
6.21
16.09
6.73
29.63
12.47
8.85
6.71
11.90
4.75
12.40
4.20
4.03
10.46
3.54
8.80
34.21
9.86
14.03
7.82
23.31
10.91
4.62
3.60
8.83
6.23
4.77
9.94
18.16
6.13
3.67
10.44
7.68
16.59
17.63
7.76
5.82
7.74
4.55
4.67
3.61
13.48
5.19
8.28
15.09
12.02
8.40
13.01
38.50
3.60
15.44
5.66
4.16
3.62
17.04
17.23
6.73
3.62
5.69
15.02
4.61
4.16
6.74
12.40
9.33
15.04
27.63
10.27
12.99
13.47
6.24
11.47
5.68
23.97
4.03
18.66
19.17
9.36
12.48
5.65
23.92
7.29
7.29
5.65
6.72
4.69
6.31
16.55
11.94
13.53
21.26
20.70
5.25
7.22
5.75
7.79
7.26
6.19
16.53
11.92
8.30
5.33
20.26
20.70
4.73
7.79
9.70
3.66
10.90
14.53
4.72
13.01
8.32
4.59
3.63
3.54
10.40
4.67
16.02
7.78
14.56
7.25
15.04
4.67
4.67
4.65
13.47
4.24
6.15
11.43
3.63
3.66
4.24
11.45
34.77
6.79
8.42
5.82
4.54
5.12
10.37
14.42
17.25
17.15
11.31
3.63
29.10
5.30
6.69
7.77
3.52
7.81
10.34
3.72
23.86
52.85
12.91
6.75
30.55
7.79
22.17
9.77
6.20
3.63
6.84
8.93
5.18
15.04
7.81
24.26
10.28
31.52
5.70
18.67
15.04
5.72
10.37
6.83
19.29
11.45
14.42
3.71
15.54
6.22
30.97
11.44
10.93
10.72
10.43
12.96
9.24
3.63
33.68
9.84
7.33
8.92
8.33
12.94
7.76
4.03
7.77
11.51
7.92
13.94
12.39
3.58
6.19
6.21
28.99
13.97
3.64
26.96
4.67
19.28
4.66
15.03
7.20
4.13
5.29
8.32
22.84
9.40
5.64
14.59
3.61
6.13
7.83
4.62
11.37
7.94
45.57
16.59
8.16
5.20
16.03
3.74
3.65
23.94
11.82
24.27
8.35
7.79
8.32
42.45
7.75
10.35
10.80
10.41
3.64
4.10
5.71
6.83
11.51
9.87
15.00
7.83
4.26
20.21
4.62
10.35
3.75
16.53
18.14
8.89
15.44
16.08
7.22
16.68
10.93
8.32
3.61
18.06
20.72
8.29
6.24
3.60
21.33
6.30
17.63
6.12
14.49
3.65
3.65
7.34
5.20
5.10
14.64
12.50
4.61
24.42
5.15
5.84
7.76
7.31
17.08
16.05
20.68
6.77
7.80
6.15
16.58
8.83
5.68
21.84
9.47
11.42
18.05
16.13
25.84
9.84
4.16
10.90
11.93
15.04
14.51
3.63
7.78
4.11
4.74
10.90
16.04
9.32
4.70
17.13
18.14
9.31
13.98
5.22
4.68
19.60
8.40
12.44
12.45
12.30
10.90
13.59
7.79
7.78
13.98
11.41
21.76
3.62
3.68
20.75
5.71
4.13
3.63
10.83
11.42
11.43
10.89
7.78
10.52
15.55
4.24
27.52
3.56
7.17
6.72
9.33
6.34
42.43
4.56
25.97
11.41
11.00
31.09
15.48
5.21
15.13
45.02
10.31
4.67
6.72
5.69
4.21
12.93
9.79
18.76
3.55
10.86
4.70
9.41
8.35
9.79
38.43
23.76
16.08
7.27
3.66
12.02
7.14
17.60
9.36
9.86
12.06
6.80
3.65
49.24
9.32
14.38
9.34
8.34
6.22
10.92
12.94
24.37
10.37
11.93
4.26
4.27
8.18
19.73
4.67
7.36
5.06
8.80
7.81
5.17
37.77
11.49
8.20
41.56
7.80
27.48
7.24
8.21
7.77
9.87
12.52
8.73
18.63
4.63
3.72
20.80
12.46
5.70
8.23
5.78
5.63
6.22
4.29
11.36
7.39
3.48
10.26
4.27
15.56
5.19
10.80
12.46
20.70
15.14
9.35
51.48
10.80
13.08
10.24
6.76
25.89
5.20
6.33
37.20
4.05
6.23
12.99
5.26
6.17
6.77
3.64
22.23
18.12
3.60
18.73
6.24
3.65
6.20
11.41
5.19
8.19
7.81
25.54
16.64
7.23
12.86
7.25
16.18
6.23
26.99
4.57
6.29
11.98
17.68
22.35
16.96
14.51
14.48
4.68
6.75
10.92
4.14
5.18
5.83
14.01
4.69
4.72
5.20
11.29
8.79
5.19
13.45
10.35
4.71
16.14
5.18
6.19
6.29
11.44
16.61
7.25
8.27
21.69
3.73
13.49
13.97
23.33
7.26
4.74
16.07
16.50
3.63
15.48
8.89
20.78
7.27
8.28
6.19
8.32
11.97
3.61
4.11
6.65
10.83
5.72
11.94
6.24
7.74
7.25
5.82
11.98
17.06
3.57
6.22
8.98
5.73
21.25
5.58
9.84
11.52
8.29
4.05
3.63
10.89
5.20
36.67
9.43
11.52
5.68
8.77
26.48
21.68
7.78
8.37
16.07
6.75
10.88
12.99
6.22
7.77
6.24
7.26
9.86
10.29
7.78
7.25
7.80
4.72
3.60
17.65
12.97
6.24
7.84
9.35
9.31
37.89
3.66
12.97
6.31
12.47
19.16
12.46
3.63
10.36
4.21
3.64
38.29
16.54
16.09
6.22
7.80
7.80
15.57
3.60
7.22
4.14
5.73
30.69
3.50
6.21
17.10
6.30
12.45
10.95
4.54
21.78
5.20
11.42
4.74
18.69
5.74
24.86
52.40
5.20
13.97
5.16
10.99
3.74
4.06
12.96
6.77
9.39
17.06
5.76
6.11
11.36
10.47
9.46
26.39
6.64
12.35
6.27
12.01
6.77
11.36
17.55
4.66
19.63
10.86
11.43
21.28
24.40
14.08
10.35
12.92
18.68
19.20
10.37
14.60
11.42
6.64
14.63
4.68
4.03
13.97
9.45
6.78
13.05
5.09
4.21
6.76
7.28
5.65
3.52
4.18
10.38
4.14
9.87
11.43
10.98
29.16
4.16
3.53
4.69
10.85
20.21
4.21
8.34
15.08
9.34
25.95
18.16
3.57
21.79
3.63
12.96
4.18
7.84
7.22
12.96
4.65
11.44
16.74
11.91
34.20
9.73
11.39
14.00
12.46
8.32
9.37
12.98
4.23
11.36
5.18
6.22
7.84
15.95
20.72
10.89
4.80
20.70
9.81
13.51
19.65
36.90
4.69
6.85
23.84
4.14
16.59
8.82
22.22
8.32
5.75
8.30
6.75
30.64
16.01
7.88
20.24
25.42
22.24
4.19
4.09
4.16
10.90
13.06
6.80
5.66
11.43
6.80
7.28
15.49
11.90
8.28
3.65
18.13
4.64
11.98
15.44
19.67
15.55
10.99
34.05
13.06
7.27
6.16
6.29
12.06
26.35
6.75
6.19
8.30
4.13
23.33
13.48
12.06
4.16
7.13
4.55
5.69
6.75
11.41
23.84
16.12
16.60
4.71
11.41
9.87
4.67
10.32
6.24
10.93
7.79
9.23
6.27
6.73
7.73
20.20
4.67
11.94
5.18
4.70
3.67
14.51
4.67
6.19
18.61
17.75
17.23
5.70
3.65
10.97
17.54
20.19
5.71
11.39
16.48
4.72
9.84
11.42
28.61
17.11
4.58
9.86
13.63
10.40
10.91
5.10
16.62
15.62
16.08
5.12
6.85
7.88
11.46
9.74
4.04
4.54
4.67
10.37
14.56
19.17
4.10
9.84
7.25
13.55
8.80
14.98
16.09
31.69
8.90
4.56
20.77
11.30
4.72
8.29
12.94
10.44
9.85
9.35
14.00
6.74
6.27
9.45
3.57
18.58
5.71
4.20
3.73
19.67
6.18
3.63
7.85
9.84
20.15
4.18
4.19
7.29
8.78
20.68
10.82
6.85
8.89
9.31
15.52
14.56
10.96
3.66
14.98
16.67
21.15
4.29
4.55
4.03
6.22
6.22
13.97
19.20
7.80
9.47
6.73
10.90
3.63
7.14
5.19
9.89
7.28
8.89
6.73
3.59
14.57
7.76
11.50
24.37
15.01
8.87
7.30
6.78
7.61
8.91
16.59
22.32
7.70
10.40
8.79
7.76
3.63
10.45
5.71
8.82
10.80
4.65
18.10
4.15
3.64
10.40
7.88
9.92
6.27
17.21
4.21
11.87
13.84
11.41
4.13
6.83
23.34
6.70
39.25
7.71
9.30
3.61
5.27
6.86
6.23
9.73
17.12
9.33
3.65
31.12
14.53
7.82
6.24
3.65
35.74
11.33
4.77
21.74
14.00
9.80
8.35
3.62
11.92
4.15
9.79
15.52
8.80
3.64
9.83
11.39
9.35
4.27
11.49
13.92
4.13
30.24
21.69
6.73
5.57
4.24
5.71
3.60
4.16
8.23
22.23
4.69
7.88
21.76
12.92
9.39
23.36
4.07
9.23
7.29
7.39
7.23
10.88
9.73
8.41
11.41
9.75
22.80
4.27
13.48
10.90
7.83
5.30
7.68
5.20
18.11
34.58
9.30
3.66
14.06
10.34
27.48
4.61
7.26
10.89
4.16
4.67
4.29
17.73
7.38
6.18
7.17
9.25
6.74
6.73
6.19
3.65
25.52
21.26
6.21
7.20
8.86
4.27
8.86
6.31
11.87
10.75
8.24
22.26
5.22
8.85
16.66
7.74
21.37
18.13
11.35
25.46
8.81
10.99
5.74
6.64
10.37
10.85
5.71
11.44
4.74
3.60
4.77
14.51
5.84
38.94
15.44
7.22
8.29
8.24
5.26
20.28
4.18
21.26
15.99
6.74
4.54
6.82
15.02
7.78
32.20
17.64
4.16
4.16
8.89
16.09
8.80
11.44
13.48
6.23
5.58
4.16
3.66
6.18
17.57
10.96
5.66
11.94
5.66
14.45
4.15
8.28
3.61
4.69
8.87
3.63
18.78
7.82
4.03
5.09
5.18
21.24
4.17
11.54
7.86
7.68
8.72
8.29
44.10
11.42
3.62
30.62
9.93
5.12
38.40
24.87
5.71
18.66
12.00
8.30
6.75
10.93
25.90
8.74
36.82
6.26
6.35
9.28
11.90
7.74
11.57
7.27
24.30
5.87
8.22
16.58
8.71
31.47
6.80
8.88
8.82
8.74
5.71
11.33
14.54
14.54
6.71
32.70
15.02
6.30
11.88
4.16
5.78
10.29
6.80
9.35
17.12
11.30
7.80
10.38
7.28
4.19
4.67
3.70
12.44
16.65
14.46
12.47
5.68
9.32
14.58
8.33
10.80
3.72
3.61
5.30
8.28
9.25
23.42
16.05
6.21
3.58
3.52
14.51
5.82
7.26
4.29
11.32
12.83
21.86
14.63
20.20
5.72
15.97
31.09
20.24
11.93
5.23
8.31
11.95
50.27
13.01
4.59
7.26
8.80
10.32
5.70
4.15
7.77
14.08
18.69
6.16
9.31
24.34
11.90
7.26
4.14
9.87
5.23
9.30
13.48
13.52
4.16
5.23
6.72
7.26
12.97
23.36
15.00
7.31
5.20
20.21
5.15
5.69
9.24
3.65
4.24
8.34
9.24
12.99
11.01
5.22
4.00
7.89
4.69
4.70
9.40
5.63
4.66
10.82
5.20
25.90
10.79
26.42
4.68
11.93
25.49
4.18
5.57
16.63
10.90
11.44
4.70
4.25
5.15
5.71
11.94
19.71
4.11
37.89
22.75
4.82
31.23
3.60
13.15
10.78
5.03
8.74
8.96
10.89
11.94
10.81
13.00
3.67
16.56
7.84
5.71
9.20
7.87
8.21
35.18
4.16
28.58
4.65
4.22
9.89
6.72
10.87
8.83
8.88
18.72
32.61
8.76
7.28
17.04
7.83
13.06
7.34
9.46
3.47
5.63
4.67
16.03
7.28
7.20
20.76
7.36
10.37
22.32
10.33
16.73
13.91
8.15
22.26
6.72
12.44
5.20
10.99
24.89
6.76
7.26
4.76
3.54
20.32
16.13
11.94
8.75
9.74
4.66
12.44
18.80
4.14
3.66
3.59
17.12
4.22
21.16
7.22
6.72
19.33
4.06
12.96
7.90
15.56
5.06
5.17
12.46
7.87
24.95
5.28
4.06
3.65
4.69
15.47
22.83
16.59
14.00
8.83
3.58
5.76
13.54
11.38
12.48
8.19
5.33
11.36
3.52
16.59
9.87
9.89
10.40
7.23
4.15
10.80
6.23
12.41
3.65
16.08
17.74
3.47
4.67
6.70
7.79
7.28
5.19
11.94
4.25
4.72
11.94
5.70
4.68
7.25
3.60
5.20
15.65
15.50
14.56
17.72
5.53
21.81
7.68
13.49
39.29
7.26
12.98
6.24
3.68
16.13
9.81
11.38
6.24
4.73
14.51
5.71
44.73
18.08
13.41
3.65
3.63
17.00
18.68
6.86
10.98
7.15
11.92
3.64
11.42
8.31
3.67
3.63
4.63
3.65
12.43
6.33
4.13
22.33
6.77
9.33
5.83
4.14
7.70
10.40
13.92
5.58
19.18
10.42
19.23
9.84
9.33
11.93
25.39
4.74
14.56
15.19
5.14
3.72
8.19
18.65
8.32
4.75
5.60
8.77
4.68
12.37
8.28
12.93
12.04
22.78
18.19
12.84
6.21
14.56
20.75
10.40
15.59
5.71
5.26
27.00
21.86
3.61
20.27
6.71
11.02
10.39
4.04
4.14
14.56
11.98
5.73
4.73
6.76
4.07
7.78
5.31
23.47
12.91
6.63
17.01
14.67
18.78
26.37
11.77
11.76
10.98
5.23
21.30
7.70
20.79
3.60
10.88
4.22
6.64
10.91
12.94
23.33
14.62
9.86
11.00
11.55
3.51
22.64
11.39
4.64
37.27
7.25
4.11
12.96
11.47
4.24
5.63
3.76
13.00
5.07
28.97
13.50
4.69
7.84
16.48
12.38
16.58
3.66
7.78
12.45
9.83
6.37
10.38
5.72
7.73
8.91
7.28
5.19
13.45
18.77
16.10
8.80
6.78
42.00
9.80
24.34
8.91
26.88
6.78
24.38
4.20
4.16
20.24
6.72
16.08
9.34
3.68
31.05
5.70
34.28
12.96
6.24
12.50
14.54
19.67
4.64
8.75
3.76
4.07
8.37
3.65
12.40
35.69
32.08
8.85
17.58
5.23
9.33
3.56
8.85
3.63
4.67
3.63
7.26
10.43
7.33
4.09
8.90
9.76
4.76
11.51
19.66
16.00
8.80
14.54
29.93
17.67
13.62
6.11
11.43
6.20
8.91
5.73
22.32
5.20
17.04
9.83
8.91
28.56
25.02
19.69
32.13
3.60
25.38
14.05
4.67
10.93
7.78
6.29
23.39
3.68
6.14
14.48
5.61
8.84
16.64
15.12
7.84
14.54
11.52
8.43
17.12
16.40
4.65
10.37
20.66
6.13
5.71
8.83
6.24
9.85
10.91
29.08
6.28
4.70
4.62
7.79
9.84
6.66
21.27
5.71
7.76
10.88
18.17
18.65
7.78
8.85
20.24
17.09
4.75
8.23
65.89
13.98
20.25
7.79
5.19
33.22
4.13
38.45
7.28
11.44
3.63
3.63
17.12
8.30
3.64
12.99
4.67
16.57
5.23
11.36
3.60
16.12
11.93
22.29
6.93
37.39
17.62
10.78
4.69
5.17
12.43
17.65
7.34
10.40
7.79
5.14
6.23
12.34
7.26
14.08
9.34
20.27
6.75
4.77
3.63
5.57
5.17
18.65
5.83
19.17
15.04
4.67
4.72
3.58
5.73
5.66
3.75
3.70
4.12
6.16
3.65
8.71
7.28
4.06
15.04
31.10
4.26
18.21
10.25
21.81
7.78
3.63
4.17
10.33
4.18
3.64
8.86
6.76
44.59
21.76
13.95
5.28
6.64
14.99
3.72
12.96
4.05
10.44
8.30
5.64
17.14
11.91
10.39
3.63
7.17
11.37
6.75
5.26
20.19
3.73
9.27
4.57
12.05
13.55
3.57
41.06
16.03
20.19
4.11
4.18
13.97
39.92
7.88
31.15
5.57
9.92
21.25
20.19
6.16
10.93
34.06
3.62
6.21
10.91
32.20
19.26
3.57
9.32
4.14
14.56
6.74
5.67
13.49
6.75
3.65
9.35
15.07
4.66
6.75
12.94
5.69
7.84
5.19
5.65
6.75
14.53
4.74
5.13
17.26
18.67
8.26
14.16
11.41
4.56
3.68
12.04
3.62
4.02
5.71
10.38
7.33
19.77
8.21
7.25
6.11
9.34
9.51
7.71
20.87
4.11
48.31
6.25
3.68
6.21
9.77
10.84
4.16
4.61
9.46
8.25
16.70
21.24
3.52
12.46
5.22
21.80
24.26
7.76
5.71
6.74
17.63
5.69
24.94
7.81
20.81
7.23
22.36
5.84
6.61
16.56
9.36
3.63
8.28
8.24
6.86
14.53
20.22
15.07
19.04
12.45
5.71
12.96
4.16
7.86
24.92
7.24
10.35
15.49
6.35
33.34
6.68
27.53
8.92
14.42
23.40
23.76
25.41
3.63
5.70
17.00
7.36
12.46
5.24
27.97
5.20
12.94
20.64
14.08
12.96
7.68
10.89
7.78
4.15
6.29
4.19
4.11
8.77
17.73
3.63
4.65
24.99
10.37
17.04
4.15
5.65
3.63
13.97
7.79
9.34
6.22
12.39
9.35
6.79
4.11
5.18
7.24
5.83
8.88
4.67
13.60
10.27
7.17
20.70
22.38
21.87
6.19
10.92
3.70
6.25
27.96
8.19
21.23
11.42
36.32
37.94
4.67
8.35
7.89
6.64
8.72
42.58
8.86
12.02
5.70
5.70
7.26
12.41
6.32
14.51
8.30
4.58
8.29
8.88
6.29
7.28
5.17
5.65
5.69
9.84
6.21
5.33
6.75
20.20
7.71
5.31
4.16
9.86
10.31
6.13
6.83
8.28
4.58
16.61
9.86
3.73
5.74
5.21
20.75
6.12
5.31
5.12
19.73
27.97
3.69
10.32
6.75
11.44
10.36
5.28
6.73
6.19
8.27
10.87
6.34
22.42
8.86
8.21
8.19
18.05
13.57
4.65
10.35
20.74
10.79
5.74
4.64
20.24
3.63
21.26
5.76
10.37
8.81
17.12
17.57
8.27
9.36
12.46
10.87
6.72
7.27
29.02
7.36
4.08
38.47
3.60
37.93
8.87
8.78
6.77
12.36
5.20
22.79
13.53
6.80
7.22
13.98
10.91
7.28
32.10
3.70
11.92
33.27
6.20
5.20
8.28
3.68
21.73
4.64
20.71
3.70
5.73
10.40
10.86
15.58
28.94
4.74
5.22
4.66
37.86
4.64
11.34
4.65
4.14
6.76
5.18
13.60
3.63
15.18
6.13
13.97
13.07
4.72
4.70
7.17
5.26
9.28
7.22
24.82
8.37
11.95
6.13
63.70
12.56
13.36
20.22
25.50
3.76
11.36
19.73
19.19
9.90
9.33
7.30
5.68
13.49
4.69
3.50
22.74
16.70
3.74
19.74
7.19
7.18
8.80
6.73
5.71
8.80
5.68
6.75
3.65
5.19
13.54
4.16
3.54
13.51
8.81
5.77
13.50
5.71
7.27
17.60
6.24
18.16
5.28
7.81
13.07
8.70
3.68
6.16
4.67
4.21
8.26
8.29
27.52
16.08
18.18
12.45
7.26
3.70
4.09
18.27
8.74
28.53
17.65
5.16
10.41
3.60
7.28
9.31
4.68
11.93
21.25
9.36
29.62
9.33
7.26
19.82
14.00
22.85
24.47
6.35
7.17
6.23
6.73
27.07
5.07
5.19
10.52
16.66
16.16
8.24
11.29
7.20
15.02
3.75
6.09
11.48
17.11
9.88
4.59
4.67
4.18
8.24
14.49
6.23
13.50
6.31
10.89
27.48
5.61
4.61
5.19
15.01
14.05
6.22
6.78
10.45
7.86
3.55
10.93
5.19
29.60
9.33
19.23
5.29
27.95
15.55
12.59
3.54
10.96
28.48
10.41
7.22
3.66
7.31
5.12
22.19
10.37
7.28
4.66
8.29
40.37
9.33
8.27
3.65
10.35
16.21
6.62
13.47
16.19
12.95
4.68
6.15
52.91
9.36
6.29
18.63
6.14
27.52
13.50
4.68
5.79
6.11
24.42
11.94
10.49
20.80
20.71
4.64
4.12
4.64
4.16
7.80
56.12
3.51
7.77
14.06
6.87
5.66
7.17
37.49
20.80
6.70
5.84
32.01
11.23
57.73
9.35
12.55
12.42
11.44
10.40
3.64
6.22
11.39
8.80
10.87
5.68
10.35
8.37
22.32
20.16
21.71
4.18
11.41
8.78
6.22
20.32
4.05
14.03
15.19
6.73
8.31
6.64
6.76
4.77
15.09
10.89
7.74
5.68
9.40
4.69
4.12
4.14
15.52
3.60
5.74
9.34
5.18
7.19
4.14
22.21
34.79
7.25
11.91
6.73
4.68
11.94
6.26
11.88
24.34
6.23
4.13
5.31
4.16
6.62
32.13
9.34
4.61
10.42
11.98
8.76
12.93
6.24
17.73
7.23
23.33
5.20
4.16
5.33
14.47
9.70
14.53
14.06
8.35
5.12
13.47
5.73
6.22
5.30
10.78
4.15
9.76
25.02
8.18
14.01
15.53
5.82
3.65
4.58
6.75
18.66
26.51
20.24
25.96
7.77
12.45
4.27
5.61
21.25
6.12
5.17
7.33
12.97
12.93
5.10
24.37
8.88
22.79
6.24
17.61
15.01
8.92
7.76
6.24
7.12
8.79
18.12
24.00
20.75
9.31
3.71
11.41
16.51
9.86
6.75
6.88
8.21
13.07
12.97
8.75
27.44
5.20
13.94
9.42
7.33
23.83
6.72
4.69
8.78
6.75
5.84
5.68
3.52
10.98
12.00
5.68
21.22
5.76
7.21
7.73
10.81
7.24
5.19
6.23
9.87
21.73
12.49
6.79
9.33
5.12
6.19
6.27
13.54
8.91
12.50
31.18
5.74
14.48
17.10
5.71
18.56
18.19
4.13
11.46
13.62
9.35
9.79
4.62
3.62
12.88
7.26
19.74
17.64
4.15
10.40
8.82
4.66
7.28
4.16
6.19
4.65
3.63
10.42
10.39
11.36
16.08
10.38
3.71
3.52
6.82
7.28
3.63
7.28
3.62
19.70
7.28
3.66
4.58
9.33
5.79
5.69
3.53
3.65
45.63
4.15
15.06
5.29
3.61
9.78
7.67
5.72
18.17
23.32
29.58
6.21
4.16
10.80
18.69
10.40
4.67
23.88
13.50
5.20
23.97
6.26
4.67
38.37
17.50
7.78
12.88
5.28
5.62
9.31
9.44
6.75
8.32
9.90
3.60
8.17
16.58
13.47
14.08
10.41
6.23
4.10
4.14
8.27
14.47
8.35
10.77
8.79
44.05
25.90
4.18
5.76
32.67
8.35
9.25
4.62
11.44
12.45
10.39
8.24
6.78
11.44
4.10
5.18
7.36
10.40
18.64
30.57
5.28
6.74
7.65
4.16
16.59
5.76
14.53
4.14
8.82
3.69
8.30
50.81
8.84
7.17
12.87
5.71
7.92
8.88
6.67
4.07
6.16
8.25
24.94
12.54
5.12
15.55
6.31
12.58
15.45
4.67
11.92
21.66
49.19
5.76
3.57
4.16
17.22
17.79
7.27
9.74
3.71
6.21
27.94
7.73
26.99
4.14
4.72
14.00
19.73
4.11
20.19
4.15
11.97
7.74
14.59
23.29
7.27
4.14
14.53
7.21
19.75
10.90
16.65
36.85
20.15
27.52
7.21
6.72
24.98
8.29
5.12
4.18
11.92
11.95
7.23
22.86
23.40
5.28
9.87
5.19
8.29
17.51
7.18
13.98
13.06
24.91
28.11
3.58
15.07
9.41
3.54
11.41
7.73
7.81
5.15
3.65
18.73
6.22
12.46
35.19
4.24
21.67
9.84
4.17
6.76
8.84
17.15
5.66
15.05
9.84
10.37
28.99
22.32
4.16
5.12
4.69
10.95
5.69
5.32
5.16
5.19
20.73
4.59
7.73
15.06
47.71
4.67
5.20
16.05
12.40
9.88
35.28
5.17
7.94
4.11
8.21
6.81
4.05
4.22
20.31
28.00
14.45
15.04
4.19
6.63
26.46
10.97
22.27
8.85
7.90
9.36
8.23
13.02
45.68
10.80
27.95
11.87
5.84
4.64
4.08
4.16
8.69
7.94
15.06
6.13
15.04
5.22
13.50
10.86
3.78
14.02
29.07
3.65
11.42
21.23
5.23
18.10
4.21
4.04
9.32
17.22
12.44
11.43
4.14
5.82
13.38
12.99
7.17
8.33
5.17
9.31
4.18
11.92
11.49
7.23
5.23
7.68
14.51
4.64
18.69
12.93
4.15
18.65
20.24
9.32
16.16
4.59
8.86
4.80
10.37
9.73
4.74
4.05
6.75
28.52
3.78
5.72
9.34
6.63
7.36
10.37
6.77
6.37
6.21
31.24
6.68
20.11
15.52
3.71
5.74
15.01
12.44
6.32
7.90
29.58
5.07
5.71
6.83
10.49
9.30
23.90
9.29
18.06
12.42
23.89
7.24
5.20
20.80
8.32
19.81
5.68
7.28
11.94
8.81
13.49
5.68
25.00
12.41
7.71
16.07
5.16
10.91
10.86
9.33
3.62
25.92
9.31
6.19
11.48
26.51
6.66
9.37
8.24
4.64
7.24
7.40
18.16
11.47
3.59
6.71
6.69
9.31
16.19
6.74
11.83
23.90
8.28
22.84
10.78
13.49
8.92
12.96
11.29
7.91
20.88
15.59
12.31
9.87
36.37
16.13
26.97
6.68
7.79
15.96
4.15
4.18
4.66
8.83
19.73
4.19
9.91
18.70
18.74
7.77
3.62
21.25
35.28
20.75
14.08
5.18
7.78
5.13
18.57
19.74
4.72
9.86
6.85
15.62
5.71
5.17
7.26
3.63
17.11
13.56
13.91
4.62
7.84
4.66
10.99
5.74
5.15
11.85
12.00
4.26
6.66
8.72
9.30
4.12
9.87
24.94
8.85
18.15
8.78
15.41
4.65
4.17
3.68
4.64
3.68
8.71
30.58
19.71
8.93
6.75
46.68
22.30
14.54
11.44
7.23
16.50
17.64
9.47
9.80
7.15
9.33
6.23
5.17
28.54
5.71
8.30
4.69
4.72
7.86
8.40
21.17
3.47
5.05
11.41
14.00
15.68
6.74
8.83
9.20
5.70
11.01
6.65
8.92
4.13
7.78
14.95
4.14
3.63
6.77
39.49
3.63
5.15
6.69
6.32
5.18
3.62
4.55
4.67
5.72
10.47
15.07
4.19
11.40
5.12
15.96
5.68
9.33
10.40
10.48
4.69
4.56
5.18
4.66
8.40
6.10
30.73
7.25
19.18
31.65
9.26
10.34
7.79
7.25
5.20
5.18
9.49
16.19
7.33
7.76
4.13
7.14
5.07
4.27
19.59
10.88
3.64
7.36
13.36
13.46
9.35
5.70
4.67
21.23
11.53
5.11
15.53
14.38
9.85
4.21
13.49
18.69
7.91
4.16
18.59
8.90
8.84
15.19
5.64
5.18
29.92
5.69
4.11
12.86
13.51
11.43
25.00
5.23
3.57
3.73
7.38
13.87
10.29
5.73
26.97
4.16
8.88
4.74
18.67
10.29
17.56
5.68
4.16
5.32
18.17
10.37
13.45
5.32
3.57
5.68
12.91
4.67
22.89
9.86
19.76
10.88
6.75
9.86
11.42
12.45
10.43
10.29
8.31
14.01
26.96
4.14
4.64
11.38
41.06
15.15
18.08
5.07
3.57
4.74
20.61
13.55
11.37
6.29
4.70
22.80
8.42
5.15
8.78
3.70
8.21
3.52
7.21
9.34
4.80
13.49
10.38
4.80
14.95
12.43
4.19
20.12
30.15
4.19
5.66
16.02
9.36
13.42
4.80
9.90
8.29
10.26
6.86
5.60
11.47
29.12
11.97
15.53
5.21
5.15
5.67
17.07
4.66
20.75
3.63
13.49
5.71
12.00
7.79
8.27
17.14
10.46
8.43
15.55
11.33
5.08
4.16
13.52
45.74
23.42
9.86
3.65
27.60
7.66
19.14
7.79
4.16
13.50
4.52
12.94
16.74
5.18
11.93
5.57
6.74
5.18
7.27
3.65
4.68
3.61
16.14
10.53
16.64
9.22
4.15
6.86
17.12
4.56
6.21
15.53
4.66
10.43
6.13
16.07
4.12
5.73
25.47
14.02
17.12
9.34
20.71
28.50
20.24
4.09
9.87
7.28
4.14
15.65
10.37
5.78
9.76
20.19
7.79
33.17
10.43
8.71
9.35
6.78
10.80
4.03
3.63
20.23
14.58
15.04
8.85
6.22
4.11
9.84
10.37
5.32
4.67
14.10
11.94
13.92
8.25
12.48
21.77
4.68
25.47
4.69
11.93
17.11
13.50
9.43
4.75
9.77
11.32
7.25
9.89
26.10
9.35
7.25
3.58
22.82
5.69
12.96
9.86
31.13
6.78
18.18
10.40
9.87
19.31
3.70
4.69
6.69
6.82
12.32
9.79
11.02
6.77
10.27
18.12
4.15
3.61
11.37
10.98
15.55
19.28
9.34
13.97
9.81
26.37
6.24
45.50
5.25
11.47
6.35
13.04
5.67
10.23
6.20
22.80
5.67
12.48
6.67
3.63
5.20
6.88
12.46
10.38
10.91
11.91
7.78
4.70
5.28
3.62
21.26
6.35
13.44
6.21
5.18
11.91
6.66
4.16
4.68
7.78
7.79
26.41
6.77
19.34
3.51
9.30
4.67
39.89
7.89
6.74
11.44
5.17
9.74
15.57
6.24
6.73
6.81
11.39
5.22
18.19
16.64
6.74
3.65
10.34
9.22
22.32
7.28
12.01
6.25
3.73
6.23
20.29
8.70
4.67
14.56
15.65
14.04
4.06
23.86
5.65
4.69
8.82
10.39
7.34
8.19
20.35
5.12
5.73
13.57
23.85
13.07
21.70
5.74
21.73
9.31
47.13
15.68
15.51
4.24
5.12
11.40
6.22
9.82
3.68
20.23
13.57
5.74
16.62
10.32
9.33
13.49
7.84
9.84
4.59
10.40
6.74
5.25
4.27
8.37
6.11
5.58
11.33
7.41
8.32
7.17
16.15
5.18
11.90
8.77
8.29
25.79
4.24
23.97
3.55
8.78
8.85
9.79
13.57
38.03
24.94
10.93
5.61
6.28
17.15
4.59
27.33
9.39
11.27
5.22
6.21
11.90
4.03
4.14
6.35
7.14
14.53
8.78
24.91
11.42
8.40
6.72
9.46
5.08
7.89
13.49
4.70
5.70
3.56
7.26
6.75
7.15
5.20
39.43
9.31
11.90
14.52
5.12
9.84
7.79
9.82
4.19
7.78
7.84
18.69
4.59
3.62
4.14
19.15
8.84
14.53
8.35
17.86
6.29
5.55
18.13
9.81
15.08
11.95
27.44
4.08
7.34
3.57
4.14
19.21
18.74
3.63
9.36
5.67
3.65
10.96
12.48
7.62
17.17
3.70
6.70
10.45
5.26
5.16
3.66
20.65
6.70
19.20
35.64
9.39
27.52
5.75
6.24
14.55
10.52
13.44
11.55
4.04
4.11
5.18
4.18
6.21
6.22
5.70
17.06
4.68
15.57
8.87
4.08
12.93
4.64
6.23
4.10
6.28
4.67
3.60
3.69
16.08
20.27
3.73
4.73
7.15
17.01
9.33
12.40
12.45
4.67
5.74
6.85
7.20
17.16
7.68
8.27
12.44
7.79
17.05
6.69
5.69
7.86
6.19
6.80
42.05
16.06
23.30
19.70
17.13
5.83
5.58
21.77
60.16
10.42
15.56
22.84
16.57
14.57
11.47
24.42
12.55
6.73
33.29
7.25
13.42
10.91
10.87
18.53
37.76
10.99
13.52
5.79
5.74
8.35
8.23
6.31
9.24
6.70
11.36
12.99
6.70
4.69
18.16
4.17
9.36
9.43
25.43
33.18
12.92
10.88
16.16
13.36
13.52
4.20
13.44
6.32
9.85
7.15
5.28
16.13
44.04
7.74
5.31
21.68
10.47
5.71
5.12
13.50
14.14
5.70
3.63
5.11
3.64
39.36
4.76
9.43
6.27
6.13
5.72
16.56
5.81
3.58
17.50
3.66
4.63
11.44
20.24
31.07
6.76
4.61
4.16
19.20
12.56
15.02
4.16
8.35
14.57
9.30
9.40
14.44
6.32
6.22
15.40
27.12
16.57
7.33
5.61
11.97
9.38
15.07
8.85
7.17
16.05
9.71
5.86
12.03
3.51
6.59
4.16
7.77
16.61
5.69
10.90
39.41
8.78
20.31
12.44
15.09
4.66
3.55
11.82
3.62
9.78
7.80
7.23
8.91
10.88
13.52
17.55
5.68
5.73
4.14
30.59
5.70
9.33
4.67
4.69
12.51
15.04
5.65
4.83
3.70
15.55
6.70
5.34
1.52
1.49
19.06
6.62
1.67
6.02
2.37
21.52
4.67
8.14
6.41
5.16
9.16
15.20
3.88
2.45
6.03
2.01
2.10
5.24
8.68
1.05
4.56
6.08
4.51
10.19
22.27
26.28
11.73
12.28
9.65
9.61
26.45
2.51
10.18
5.65
1.64
6.67
11.10
6.04
12.65
2.04
3.02
2.57
1.92
10.17
14.76
6.13
3.08
2.52
14.36
9.22
7.00
11.71
2.63
13.67
5.05
15.07
5.11
18.87
1.47
4.07
3.51
16.69
14.81
38.03
5.73
3.56
9.05
2.60
23.86
36.66
11.75
32.54
8.59
5.01
7.07
4.24
15.20
3.07
5.00
7.12
10.05
7.11
12.14
8.72
2.53
2.61
45.09
6.06
5.01
4.00
11.26
36.48
2.99
13.81
6.19
3.62
1.97
8.61
7.60
9.62
7.18
7.67
4.09
4.07
2.54
4.52
3.07
3.44
24.35
2.10
22.42
25.42
6.05
2.05
13.80
20.81
19.82
10.58
2.11
3.04
1.58
12.23
20.81
25.48
9.60
1.34
2.61
1.59
1.59
12.19
15.64
7.57
2.40
9.72
18.40
2.01
12.87
7.72
1.53
4.02
7.56
4.22
4.53
15.74
3.19
3.99
1.98
3.08
3.52
9.09
4.53
3.10
26.44
2.52
3.52
7.73
2.95
9.13
3.58
3.07
3.54
1.66
11.07
1.16
4.96
13.16
34.62
7.18
3.38
17.85
5.13
2.46
6.61
5.62
1.54
2.97
8.04
3.57
23.37
4.03
7.67
8.21
6.13
3.18
2.94
1.53
15.22
8.62
1.04
20.26
6.11
3.55
8.21
5.69
16.27
19.75
2.47
3.66
3.04
1.67
4.46
11.09
9.51
7.14
15.15
2.04
1.57
20.52
1.92
13.28
14.21
10.77
3.71
3.92
1.00
4.61
12.61
5.75
18.11
11.20
1.62
8.01
3.07
8.59
11.59
8.72
6.63
1.51
14.21
9.60
5.16
2.00
2.51
3.02
6.52
5.13
3.55
8.72
5.04
3.80
18.29
11.17
7.68
14.12
13.74
4.02
5.02
1.49
7.05
2.10
4.59
6.62
2.47
5.06
12.16
9.13
14.29
3.60
11.14
19.25
11.26
18.78
7.07
2.58
16.21
16.75
12.32
23.44
3.06
7.15
14.82
3.58
3.56
7.50
3.10
26.37
5.06
5.57
10.73
16.83
1.48
13.12
1.11
6.03
1.51
7.13
18.22
8.56
3.68
16.22
3.56
9.29
9.63
7.13
22.85
17.15
2.44
4.10
5.12
4.06
1.97
8.21
10.74
3.01
1.02
3.53
14.83
3.14
29.46
12.18
8.51
5.02
11.49
28.28
5.24
6.20
5.81
16.13
6.13
4.67
7.35
8.29
3.77
27.49
5.09
9.79
6.71
4.74
22.67
6.32
4.18
5.54
15.56
3.59
12.92
5.69
12.94
11.52
7.67
21.28
4.14
18.69
7.79
7.79
13.54
7.22
4.18
4.75
3.69
14.50
5.18
7.63
9.26
4.68
8.41
18.16
7.15
23.40
7.38
4.14
8.22
10.92
5.22
7.85
4.64
8.75
7.36
9.72
3.64
14.60
34.61
5.12
8.93
17.69
12.48
9.80
11.91
8.36
30.53
15.60
11.85
28.60
8.24
4.05
10.99
9.46
12.44
7.19
6.85
8.83
12.33
13.39
4.74
25.99
12.91
21.86
16.56
6.75
16.66
6.74
16.05
4.76
8.28
13.52
8.29
8.20
8.75
7.27
20.21
9.86
4.67
8.34
7.78
14.02
6.75
13.55
3.63
17.23
6.13
12.86
3.73
16.07
6.72
5.31
4.11
10.78
4.06
5.19
4.14
8.28
32.67
19.31
18.19
7.77
3.53
9.78
7.27
10.36
7.25
8.25
3.61
5.73
16.20
13.59
4.04
4.56
17.59
5.69
5.28
10.88
23.42
5.20
14.96
14.00
23.46
27.47
13.63
4.64
5.23
7.68
14.96
4.20
3.63
6.73
15.02
12.42
10.34
5.28
6.78
8.96
6.18
10.85
6.61
10.81
18.14
11.38
25.98
23.43
5.12
12.43
6.73
19.65
8.92
14.58
8.80
5.08
5.68
3.66
3.67
23.89
29.57
34.19
9.34
22.34
7.25
6.75
6.32
18.65
18.59
9.89
34.80
6.22
3.63
21.86
22.82
11.41
10.37
4.65
6.74
5.20
20.73
9.88
9.36
7.26
11.38
4.22
6.69
6.18
29.63
12.57
31.17
7.69
3.62
4.24
6.26
31.56
31.07
4.65
20.68
6.78
5.72
16.61
13.48
3.65
5.18
6.83
18.62
7.31
14.02
10.80
4.14
6.11
10.48
3.68
3.62
16.61
22.37
11.96
5.23
3.52
14.53
4.03
4.18
3.81
6.77
7.84
6.11
4.13
11.44
4.64
6.70
15.57
14.00
9.41
7.18
11.44
4.61
7.27
34.83
11.42
17.63
11.47
6.22
13.44
28.98
4.16
16.61
3.76
11.41
9.71
12.99
5.19
5.18
13.47
13.03
7.26
5.58
5.28
13.49
8.27
10.29
9.97
7.68
21.79
20.87
8.32
4.69
5.70
14.04
8.27
8.24
5.73
34.37
4.14
13.94
10.78
5.81
16.05
5.07
11.41
3.63
8.34
7.35
6.76
9.31
23.98
9.33
7.89
5.20
12.88
22.19
33.22
9.34
10.96
7.25
36.82
3.60
4.67
7.84
10.88
4.67
9.34
7.17
8.93
8.83
16.00
4.19
8.85
6.81
4.58
15.48
24.83
4.69
7.79
8.82
5.20
10.88
7.85
3.56
6.70
7.77
4.12
10.92
15.04
8.80
3.76
18.64
14.92
42.02
4.66
5.18
17.80
10.35
6.06
7.89
6.19
5.60
3.60
3.60
4.67
4.13
13.59
5.71
4.59
17.25
42.05
3.50
20.21
4.25
8.31
11.41
3.52
3.65
7.81
3.59
11.44
14.57
4.08
15.55
17.72
15.04
4.55
7.36
14.56
6.76
4.60
5.18
8.25
11.95
9.33
9.87
26.93
13.11
4.16
3.49
4.16
4.67
12.95
20.23
8.40
17.09
16.06
7.82
15.55
9.27
30.51
6.75
9.87
7.89
24.86
6.37
9.20
11.94
11.84
6.85
7.15
15.50
3.67
25.01
8.30
4.65
3.59
6.65
4.17
3.60
6.71
7.26
19.31
18.18
34.21
7.76
4.16
22.20
7.26
15.04
5.71
4.67
18.13
35.82
8.33
4.12
21.28
14.54
8.34
5.17
5.72
3.61
19.74
5.21
10.39
12.03
7.26
8.75
16.13
15.49
5.19
43.62
10.88
4.75
15.12
8.74
16.61
4.64
5.71
7.90
6.73
10.86
5.63
5.70
8.82
12.45
7.81
10.38
4.11
17.62
4.75
6.23
3.60
15.54
4.09
7.80
4.13
22.40
21.38
6.77
18.71
22.22
11.84
15.55
5.17
7.28
20.88
22.86
4.16
11.79
33.22
9.84
20.23
20.29
6.80
6.65
10.84
23.82
7.28
4.18
5.71
9.91
5.33
14.05
5.68
8.71
4.67
7.69
4.11
3.63
4.18
6.30
8.30
11.94
8.34
15.62
14.51
13.92
6.22
10.32
3.60
12.48
15.70
8.76
3.70
3.60
19.76
17.60
8.29
4.67
7.28
29.04
5.18
7.32
37.39
4.10
27.55
10.32
7.19
15.09
17.74
3.57
15.58
5.25
14.06
7.84
8.67
17.58
8.91
8.16
46.64
28.00
4.16
10.40
24.43
12.37
19.71
21.25
4.15
13.50
16.72
5.70
13.47
4.67
6.32
8.24
4.02
3.60
4.19
5.20
8.88
23.38
17.61
7.73
9.24
7.81
6.75
6.36
11.52
9.21
13.94
5.09
4.69
9.33
7.92
4.67
4.15
17.15
11.79
3.58
5.31
16.60
8.31
6.68
16.58
28.53
12.93
14.00
11.95
12.47
3.60
7.83
10.43
13.60
14.06
5.68
10.41
9.25
34.26
20.67
14.05
19.25
11.95
3.57
4.16
6.83
16.16
16.56
31.22
20.08
6.19
6.62
11.87
15.62
8.75
30.06
4.14
22.87
14.56
7.79
12.50
4.62
4.72
6.24
14.07
3.73
8.32
5.60
7.70
3.63
5.71
5.73
3.60
25.37
8.43
12.98
4.66
8.33
15.42
14.54
3.63
6.23
7.24
19.20
4.67
14.03
8.27
3.64
4.19
14.02
18.64
5.71
4.69
14.51
7.31
5.68
6.18
4.67
6.24
20.33
7.28
21.31
24.37
3.66
11.25
5.81
4.55
8.82
44.62
5.29
5.71
9.27
11.94
8.27
4.70
22.82
5.26
12.53
18.14
16.04
11.96
7.84
6.64
4.12
13.45
7.22
5.16
10.90
14.01
7.78
4.67
5.20
5.18
5.30
9.84
6.72
9.73
13.62
3.49
19.18
14.01
8.43
3.52
18.65
21.88
10.85
15.06
4.64
7.81
5.14
20.14
4.14
5.71
11.44
6.75
7.70
26.45
5.28
12.48
4.12
3.68
15.97
3.57
15.05
12.96
3.67
47.33
8.95
5.68
4.10
6.91
9.85
6.49
3.44
13.76
3.07
3.53
5.20
1.93
10.50
12.52
19.21
3.92
3.51
2.99
18.18
5.06
3.01
2.54
16.20
1.04
10.62
9.57
6.13
2.50
11.12
3.00
22.75
11.04
17.12
1.07
14.86
14.25
2.14
26.02
7.69
4.95
11.60
1.06
4.52
3.11
10.20
2.49
6.61
34.60
1.95
1.06
5.64
3.09
6.62
5.05
0.99
8.57
9.25
9.76
4.92
2.13
20.77
38.54
1.57
16.76
1.97
1.09
6.11
7.10
8.74
24.37
1.58
3.98
4.53
13.31
7.43
17.83
2.15
13.14
7.03
9.80
36.08
3.02
8.70
7.63
2.00
8.45
7.11
16.77
6.16
7.18
20.02
10.24
2.83
4.49
9.67
8.09
16.17
9.70
9.72
2.59
18.30
4.99
2.08
15.70
3.54
2.51
5.76
2.00
22.82
28.01
9.15
6.14
4.61
3.06
3.55
2.00
3.57
8.60
18.71
7.72
9.78
10.06
10.69
13.68
10.80
10.03
10.71
4.70
18.26
7.03
7.66
2.48
19.84
11.15
2.02
2.55
2.03
1.57
9.60
2.59
11.68
18.83
9.76
9.58
4.51
3.52
3.03
4.11
1.88
4.23
3.39
16.32
12.62
4.70
7.17
7.67
6.69
3.89
19.47
7.12
11.13
14.15
17.88
14.15
28.54
3.06
13.24
10.13
13.77
17.34
12.83
14.11
14.37
3.15
2.83
2.05
9.53
3.04
11.75
14.20
10.22
9.95
2.07
2.64
17.18
19.99
5.61
8.74
4.56
25.85
1.59
17.75
6.61
2.47
17.72
3.58
12.21
3.04
3.66
12.72
8.18
8.72
8.69
4.00
6.19
1.95
3.03
11.57
9.68
12.76
6.13
2.98
8.11
10.84
2.92
12.66
6.01
4.00
38.16
1.66
11.30
2.06
4.60
11.13
12.18
19.24
8.26
1.83
3.11
7.12
2.18
18.17
13.74
2.67
5.73
1.35
5.19
17.69
14.69
5.03
10.17
4.60
7.15
3.05
7.04
2.50
15.64
7.62
14.74
1.59
3.72
2.05
6.53
7.14
2.00
5.47
19.32
3.05
3.03
2.01
8.19
22.96
5.51
10.66
3.58
20.90
14.74
14.14
5.08
43.34
20.75
6.66
27.64
4.06
2.51
9.67
1.59
3.59
6.09
14.62
7.15
5.44
14.72
1.58
13.12
4.53
5.09
17.33
2.58
2.62
2.91
8.72
9.09
2.90
8.85
8.14
8.68
2.05
3.51
12.14
4.56
8.13
12.66
5.50
13.28
3.52
11.60
7.20
10.18
3.03
8.21
3.15
7.53
13.28
3.05
16.21
2.14
6.54
1.98
2.56
8.13
2.00
7.21
4.36
13.72
6.21
2.44
10.31
16.79
38.72
8.61
7.60
25.37
18.81
11.75
3.53
10.12
9.68
12.69
18.27
5.08
5.22
2.53
3.39
10.67
1.74
2.09
19.37
14.18
4.05
25.31
3.04
1.51
3.51
5.66
10.17
37.10
3.91
7.12
6.63
3.00
3.09
10.65
6.08
16.75
12.76
17.46
14.69
5.48
11.68
19.12
16.38
7.58
14.72
4.15
1.04
12.78
4.61
6.53
8.08
8.64
9.17
6.09
9.63
28.02
27.88
15.87
11.66
2.11
27.55
1.49
17.08
2.03
4.64
2.57
18.22
7.01
10.71
6.11
7.62
1.49
1.95
1.10
1.58
4.11
4.56
8.55
8.61
14.23
7.07
8.19
1.56
1.59
3.14
3.96
15.36
4.54
1.98
7.74
7.04
10.69
5.76
9.18
8.61
6.53
7.73
21.47
9.04
1.04
6.59
4.03
3.54
7.06
30.16
2.53
13.22
7.70
24.76
9.07
3.02
3.54
8.63
4.05
2.04
5.04
6.08
12.76
2.07
37.87
3.82
17.17
1.00
9.30
9.60
1.47
12.07
31.61
6.68
2.07
9.65
7.18
5.05
11.61
2.52
17.25
4.11
10.62
15.25
10.61
27.00
8.13
10.71
10.29
5.05
10.55
6.43
13.66
2.24
3.57
4.02
13.84
1.54
20.20
13.20
26.33
1.56
3.09
2.08
2.44
7.97
6.20
13.65
3.45
3.66
5.15
11.27
15.67
1.49
4.60
1.48
2.07
13.71
6.64
1.60
12.15
7.16
7.57
22.71
8.02
2.70
1.58
12.25
15.18
15.21
2.99
1.00
2.52
1.05
9.04
12.63
5.03
1.62
9.78
8.58
7.17
8.10
2.00
2.59
5.48
3.57
30.58
17.86
1.43
2.59
4.12
5.95
13.63
4.05
2.53
19.36
8.73
1.44
22.41
21.25
4.63
3.53
5.64
8.77
1.42
2.52
11.72
19.72
12.08
18.31
6.79
16.69
8.04
11.63
3.06
4.08
12.13
7.66
5.05
5.14
5.09
12.22
8.20
14.18
11.04
4.51
4.69
4.48
4.09
16.16
2.54
2.64
9.60
3.14
22.73
6.04
3.03
18.78
3.53
2.45
3.14
23.41
11.73
10.16
1.45
28.34
3.50
22.45
2.52
7.63
2.53
7.57
14.14
3.06
16.29
9.25
8.08
9.75
8.61
2.44
5.06
10.59
6.56
5.57
7.10
18.80
5.59
27.45
2.14
5.63
1.44
24.26
8.16
4.56
6.56
1.50
3.65
3.95
16.42
2.60
9.62
6.26
1.40
6.52
2.55
8.05
3.56
12.26
2.41
13.17
3.02
7.20
7.57
6.55
3.03
2.02
2.00
6.14
34.02
3.69
2.59
2.50
1.99
1.42
13.10
7.19
7.61
1.02
11.95
12.12
5.55
5.44
3.88
1.64
2.72
5.70
7.64
20.75
2.48
8.20
5.60
19.68
3.94
1.55
6.19
6.15
26.28
10.70
19.68
27.97
3.48
6.01
27.54
11.65
14.19
28.09
23.37
6.56
6.06
4.54
7.55
7.11
4.21
4.15
2.90
3.00
4.17
4.09
4.56
10.10
26.26
4.14
7.61
1.51
6.80
20.39
4.42
7.05
6.59
4.61
3.05
3.53
3.65
13.34
10.58
4.06
15.64
1.57
2.55
2.01
11.67
13.11
10.80
4.90
2.68
2.50
1.49
7.65
21.15
33.17
10.69
11.13
10.75
3.45
8.11
24.52
20.37
21.24
3.14
10.23
6.58
6.61
1.00
6.56
7.58
10.63
9.09
6.61
14.20
23.75
1.53
9.70
24.08
1.89
5.58
6.59
7.72
4.02
11.15
2.51
4.47
13.29
2.98
1.50
3.20
5.15
7.51
2.00
4.64
15.37
22.24
10.06
14.23
2.04
11.60
6.65
9.10
5.04
2.07
21.45
1.57
22.34
2.13
9.62
4.54
13.05
23.20
2.59
8.60
19.91
5.05
15.22
4.49
5.60
2.54
1.46
6.03
5.25
11.81
3.58
3.56
2.38
19.19
10.27
2.53
21.20
2.99
4.19
14.14
3.57
4.05
15.26
4.11
3.00
10.26
10.19
10.62
5.97
3.12
18.64
9.08
13.58
5.04
2.57
1.58
20.91
6.21
15.14
4.05
18.86
18.33
11.15
3.04
1.49
1.03
11.75
6.04
1.49
4.05
6.56
7.69
34.50
14.18
11.20
20.43
5.57
4.56
6.64
5.58
8.43
16.27
31.26
3.78
2.53
6.10
6.59
8.50
3.53
10.65
6.66
10.08
1.00
14.80
4.72
12.62
5.51
24.95
11.59
5.04
11.33
17.87
11.64
6.67
7.03
2.55
2.51
27.99
5.53
22.96
7.18
9.58
2.02
11.68
2.94
21.74
8.05
7.81
7.57
2.55
6.13
9.03
11.63
9.29
14.77
1.47
2.06
2.53
10.09
5.17
9.06
9.59
8.64
13.15
6.56
1.47
9.16
9.22
15.86
2.13
17.74
3.02
2.48
10.11
13.68
7.54
2.52
1.52
2.05
7.07
9.68
27.11
1.53
6.30
6.56
7.06
1.52
18.22
5.53
3.70
11.11
28.38
2.54
13.66
0.96
6.66
8.19
1.95
1.56
6.91
13.17
0.99
4.18
4.60
8.11
2.11
5.34
5.65
23.41
1.61
8.60
13.26
28.71
1.99
14.84
8.05
10.23
4.59
6.06
1.47
5.67
2.03
4.09
8.61
12.75
5.49
10.10
8.56
7.57
3.14
8.67
1.01
6.06
9.12
19.24
6.73
19.01
1.42
24.40
2.50
17.78
20.37
3.13
4.60
13.74
21.39
5.19
4.59
7.55
1.90
4.03
2.53
6.58
4.58
3.11
6.15
2.46
4.02
4.00
5.11
13.17
3.61
2.12
6.07
6.58
11.74
2.00
17.94
3.57
3.99
11.09
43.66
1.05
15.24
8.56
2.15
15.23
11.72
14.30
23.44
22.87
2.04
5.52
1.96
2.54
1.62
1.86
9.22
31.97
2.50
24.85
29.15
26.39
11.74
1.04
4.51
3.12
11.78
2.88
5.20
2.43
27.36
17.70
5.70
8.71
9.18
4.47
12.75
4.67
3.12
2.98
3.63
9.07
10.05
1.99
5.45
4.65
8.05
13.23
15.79
5.13
7.72
13.20
6.03
10.58
7.60
13.81
3.97
13.70
24.98
1.61
7.22
13.68
17.84
4.61
12.13
4.11
9.66
2.61
1.44
2.48
11.66
3.56
2.05
7.62
4.61
1.50
5.65
3.97
6.15
29.87
6.04
40.07
7.10
8.77
4.09
3.49
1.17
7.62
7.63
9.74
1.38
9.59
22.83
5.13
5.68
7.15
9.58
5.97
13.67
6.66
3.05
15.23
6.64
8.15
3.60
7.31
1.38
4.48
5.60
1.96
2.13
14.85
5.42
7.69
11.08
29.39
17.82
1.72
8.70
8.51
6.09
2.55
20.37
9.62
1.06
5.03
2.65
1.95
3.44
1.05
5.13
15.80
3.07
1.60
10.63
6.11
28.96
4.04
6.53
10.56
15.72
9.62
14.80
11.72
13.29
4.15
3.12
12.69
6.51
2.53
6.12
3.10
5.63
13.66
2.69
1.29
14.60
3.21
5.73
41.87
15.16
3.66
18.70
24.83
1.58
7.57
11.15
12.54
6.18
4.14
15.97
1.98
3.02
18.80
6.69
2.89
30.02
3.49
23.91
21.90
9.19
7.00
24.41
27.93
22.95
1.40
4.74
4.42
12.67
1.07
19.75
3.49
6.70
6.14
14.29
7.12
4.01
11.12
7.11
13.76
28.98
12.76
23.26
3.61
13.20
14.70
2.42
1.25
25.57
1.44
9.53
11.20
4.53
2.14
39.59
18.68
4.59
6.10
4.55
2.19
5.25
2.43
18.21
11.14
16.05
15.86
6.58
2.59
3.07
1.90
6.09
6.69
10.64
21.86
9.15
3.64
3.50
12.25
1.96
7.63
5.63
21.89
4.04
5.57
3.06
8.20
13.28
9.78
23.29
2.13
11.45
5.63
18.20
1.62
1.45
3.23
5.12
5.51
19.76
2.59
5.46
1.61
3.59
11.22
1.47
13.65
18.23
20.91
2.59
23.81
10.21
10.23
6.00
17.09
23.85
7.12
6.68
1.62
4.57
8.11
1.11
2.98
4.45
1.19
1.41
4.06
1.63
13.21
3.44
9.00
8.59
30.51
5.12
9.21
2.39
3.59
9.28
11.27
3.51
7.02
6.24
4.41
1.52
32.54
3.99
3.78
24.99
8.02
16.24
6.61
3.62
7.58
4.74
6.57
26.88
1.55
17.78
12.18
25.96
14.75
10.73
7.57
3.04
17.65
1.52
5.05
6.08
6.15
5.53
23.28
14.25
9.36
2.44
3.43
3.15
15.15
9.71
10.62
2.64
6.58
1.89
4.14
5.58
9.82
18.27
2.05
7.65
18.26
7.10
5.12
10.23
7.56
4.98
5.18
43.70
23.43
19.22
4.05
16.71
6.55
10.16
12.75
7.18
6.59
3.42
14.77
3.52
8.18
5.12
5.73
15.39
4.12
1.92
6.98
11.05
4.72
13.21
9.66
3.41
3.70
3.62
6.46
12.80
3.46
1.54
1.08
10.04
2.06
3.98
3.68
3.92
3.72
4.91
15.84
2.20
3.08
2.94
25.35
9.16
1.50
1.47
8.76
6.04
12.29
2.94
1.95
4.76
4.57
2.93
11.70
3.06
10.66
2.08
2.18
17.79
15.31
8.14
2.43
5.64
27.89
17.87
13.72
4.58
2.91
7.60
5.21
3.97
14.23
10.31
4.96
5.64
23.02
11.09
3.55
22.27
54.23
9.08
1.14
3.52
4.68
12.71
13.69
31.91
5.71
8.55
3.09
3.26
4.09
33.16
4.02
4.49
4.25
11.98
4.42
4.08
14.71
10.79
7.16
9.23
1.36
17.89
15.26
7.15
9.69
17.27
4.47
5.98
4.16
10.88
1.44
8.15
3.13
14.20
10.68
30.92
5.51
2.57
1.46
7.76
10.98
2.94
7.18
1.95
6.66
2.66
5.04
6.11
21.36
3.97
19.84
1.06
4.74
9.53
17.82
2.08
14.80
5.07
16.32
11.68
2.05
2.50
1.47
3.56
5.13
3.49
1.46
1.61
1.63
30.34
12.69
2.51
10.12
1.58
9.04
5.56
8.10
9.24
2.47
12.60
2.12
23.43
28.90
6.65
11.71
3.95
7.71
9.20
6.00
3.60
1.55
10.10
12.18
1.67
33.27
3.84
12.18
9.08
19.74
11.31
6.00
20.38
14.33
30.02
6.10
8.60
3.45
6.63
1.46
3.08
2.14
4.95
2.09
2.07
7.18
22.26
2.17
33.53
3.11
12.19
26.36
14.31
6.53
3.53
20.83
6.07
3.56
3.17
5.61
5.41
3.23
2.58
3.97
62.91
15.76
30.59
6.29
2.05
2.97
1.03
5.94
4.56
6.59
17.25
2.08
6.00
13.14
23.41
8.64
1.68
3.51
11.76
7.10
2.03
4.09
17.23
16.34
5.62
5.62
7.07
3.02
6.53
8.79
16.29
2.06
4.06
35.56
18.84
3.53
3.95
28.94
1.60
5.08
7.54
23.91
1.68
2.53
3.05
1.44
8.06
2.53
7.47
6.69
1.47
12.32
16.81
10.22
2.95
8.08
4.10
5.49
39.26
8.71
4.48
4.51
19.89
14.16
26.85
18.32
3.59
9.23
12.66
24.82
44.27
3.04
5.11
4.02
17.77
3.57
12.31
8.16
6.94
5.21
10.10
29.03
10.67
15.16
2.10
3.55
6.00
3.10
7.21
22.47
2.47
5.03
10.18
11.76
3.53
2.02
0.95
18.33
1.13
21.26
2.04
5.04
7.98
8.21
13.76
5.78
17.76
17.24
17.20
6.64
9.05
3.47
14.19
2.11
6.64
9.20
1.43
2.58
8.09
9.14
7.48
13.16
21.98
5.15
5.01
2.11
14.69
7.61
6.62
4.52
2.49
30.62
7.17
7.16
8.47
6.60
3.05
7.09
7.65
4.46
7.70
31.62
5.15
2.97
1.04
4.09
6.07
17.40
20.27
22.31
7.55
5.14
3.03
3.58
7.19
19.43
18.30
7.67
3.97
12.72
4.17
4.55
5.15
18.75
7.53
2.11
28.50
21.24
5.14
7.66
17.70
2.48
4.56
1.97
5.15
2.50
1.07
7.69
10.13
12.67
36.54
26.00
4.13
8.62
19.92
3.43
34.04
13.08
11.24
4.14
1.56
13.66
6.63
9.10
9.71
9.19
2.58
2.05
6.11
15.22
4.56
1.97
8.24
13.29
22.86
2.01
2.37
5.69
9.17
4.44
10.65
4.99
2.06
3.61
2.50
4.56
9.04
15.84
8.69
7.72
9.57
6.12
14.14
7.05
8.10
5.13
10.70
4.04
1.56
8.00
5.11
3.07
5.47
9.72
3.59
13.25
6.69
1.97
5.68
4.59
13.12
11.13
5.57
9.56
8.75
4.08
6.53
13.24
12.22
10.64
2.93
10.21
8.77
16.80
2.02
10.23
8.69
21.43
7.08
6.64
1.63
4.57
6.62
9.68
11.10
19.48
4.92
29.36
33.32
10.18
6.10
8.26
4.17
4.43
4.14
11.25
1.41
9.02
3.05
4.00
5.20
1.90
9.77
1.69
8.15
5.08
1.50
6.51
7.10
8.55
8.08
8.11
4.65
5.72
5.63
8.63
3.47
13.24
4.58
4.52
13.14
2.56
5.66
1.47
5.01
20.32
15.82
16.91
1.50
1.49
1.02
8.60
10.09
3.56
18.41
1.44
21.41
28.96
6.08
20.32
25.33
6.59
21.95
2.40
2.11
24.43
4.53
1.35
6.18
8.13
17.82
28.90
4.72
4.73
11.04
6.55
9.06
6.19
3.05
4.03
10.58
21.43
1.48
13.77
21.71
2.63
6.16
16.31
7.11
18.17
5.15
2.05
5.74
4.05
8.69
5.04
2.02
7.64
6.59
13.66
6.13
13.72
1.54
1.53
19.85
7.65
6.11
5.18
8.65
8.08
3.03
6.10
11.25
10.60
6.45
25.92
8.20
7.09
29.01
6.61
4.17
9.70
4.05
6.57
3.65
20.74
13.16
16.35
1.45
9.64
4.57
8.66
22.88
3.65
8.11
15.21
13.31
20.78
3.62
4.15
4.48
5.54
5.52
9.70
19.79
32.53
1.48
1.14
11.14
14.81
7.60
2.53
2.11
3.44
11.57
4.97
29.03
13.66
2.03
8.24
9.71
10.59
13.25
49.80
5.12
3.57
6.69
21.42
9.18
4.09
1.87
1.50
5.08
7.08
7.70
3.65
1.96
37.06
14.77
1.45
2.59
5.07
3.11
5.54
7.19
2.54
4.99
3.58
4.56
8.73
4.13
3.04
7.70
9.12
3.47
7.52
5.60
8.71
3.57
1.55
15.82
13.64
11.18
3.09
6.55
3.04
20.47
9.60
2.11
1.46
33.06
6.19
16.85
11.62
8.12
8.07
13.28
49.27
5.08
17.19
4.10
17.24
9.67
2.97
2.60
6.11
12.72
5.11
5.63
8.19
4.62
12.16
5.56
9.59
3.37
24.87
3.00
4.08
10.20
3.72
9.13
11.22
7.08
14.16
9.66
5.20
2.01
10.08
20.32
1.43
16.17
2.04
1.18
2.41
14.21
4.11
6.09
6.12
5.05
21.95
1.51
5.13
1.55
17.32
6.99
6.09
16.24
6.10
10.72
1.92
17.92
8.26
2.53
7.60
5.15
8.13
19.24
13.26
4.67
3.00
4.59
2.99
25.40
14.64
1.61
2.51
13.19
5.59
4.08
3.41
1.58
19.37
9.21
10.15
4.14
18.28
10.58
5.18
14.75
25.83
1.52
4.96
3.64
2.48
9.60
9.37
15.87
13.14
12.07
7.64
2.26
14.24
3.62
36.18
12.56
12.15
9.65
3.04
11.21
13.79
20.28
8.65
25.45
5.50
4.51
2.03
2.50
2.08
2.14
10.11
3.55
11.67
2.13
8.12
3.54
7.10
13.70
2.06
4.65
2.46
24.41
2.98
13.70
11.72
7.17
6.46
2.18
19.69
5.88
24.45
1.65
3.54
6.64
7.61
3.11
6.59
3.58
7.68
3.52
10.67
3.62
12.11
4.09
11.21
4.59
29.98
49.84
3.44
7.10
2.10
9.14
8.66
6.13
4.01
12.19
7.12
4.16
15.07
4.13
5.04
1.67
17.25
38.11
5.09
12.05
5.10
6.10
4.53
2.55
34.58
3.56
11.75
1.97
1.52
32.65
5.55
13.25
12.71
6.03
7.19
1.05
19.79
1.49
3.98
2.67
3.55
1.49
10.21
3.97
4.58
2.11
5.58
11.41
9.06
7.60
20.34
8.28
7.56
4.00
10.11
24.22
8.17
19.41
7.64
11.81
6.07
1.41
2.53
7.68
7.62
3.53
8.05
12.07
5.04
6.15
6.75
41.19
3.01
10.58
19.87
9.16
3.00
1.98
1.97
1.93
4.16
8.23
21.81
9.60
9.24
8.11
10.74
9.16
2.45
18.37
6.67
17.44
8.03
3.06
4.56
2.03
2.05
5.65
2.98
55.83
15.75
2.40
8.74
7.02
3.00
4.14
14.37
1.98
6.99
12.82
3.09
2.13
9.11
2.53
2.42
2.19
18.83
5.98
5.06
26.85
8.76
8.73
4.73
3.88
4.43
7.06
3.61
8.13
6.13
1.58
3.54
2.96
6.06
20.25
7.56
4.16
11.84
2.93
3.60
24.97
16.18
6.53
6.16
5.58
2.58
1.50
5.64
18.80
27.52
7.21
5.10
9.96
3.67
1.50
19.77
2.47
3.14
14.21
5.09
8.11
7.07
8.74
12.19
6.05
4.00
12.77
5.15
7.04
6.11
3.01
12.28
16.23
23.31
8.15
14.22
24.97
12.25
9.28
9.58
5.09
9.24
1.43
9.15
9.52
2.48
1.07
22.00
1.94
6.16
4.10
3.45
2.03
14.16
2.16
3.03
4.09
22.31
6.56
1.68
3.94
12.40
7.13
13.21
7.04
40.27
7.19
3.11
2.50
8.05
14.77
31.01
14.72
23.28
8.54
3.61
12.82
2.01
2.50
6.09
1.58
1.53
3.45
14.74
3.05
22.30
1.52
9.17
12.82
35.63
1.43
24.19
5.67
19.34
1.53
12.78
5.01
27.83
1.03
7.62
2.54
1.35
2.12
4.95
6.18
7.18
14.88
2.44
17.72
4.03
16.22
5.12
9.76
15.77
2.56
12.19
5.56
7.23
7.72
13.17
4.56
10.02
4.58
3.73
5.47
2.09
17.26
1.48
14.72
10.04
15.34
9.15
9.11
4.58
2.54
12.18
4.02
35.65
3.04
1.57
4.02
3.55
2.12
13.75
5.09
4.11
3.04
13.12
14.24
5.12
10.49
9.15
3.52
14.24
21.28
10.26
5.47
32.08
17.92
3.09
11.57
19.86
6.15
2.10
11.21
5.00
9.21
3.10
8.57
4.58
2.55
13.65
10.70
8.14
22.99
8.76
17.64
6.50
29.80
2.17
13.35
11.34
5.00
6.08
6.66
4.56
4.01
1.06
16.69
1.97
10.13
1.47
9.20
5.67
17.78
1.46
5.52
18.32
19.37
19.87
7.47
14.24
1.45
10.66
29.12
8.68
4.48
10.73
41.60
3.91
1.18
5.22
10.20
3.53
2.56
33.13
2.02
27.39
3.06
4.03
21.84
6.25
13.75
12.86
12.69
12.72
10.19
1.40
5.56
13.64
11.64
19.27
22.99
4.10
2.42
18.40
4.05
10.74
2.50
7.66
19.39
5.01
19.30
5.17
1.54
1.47
2.08
13.60
6.12
8.05
9.55
7.19
6.11
7.63
5.60
24.42
2.01
2.03
1.98
10.30
9.28
1.57
7.54
2.72
9.55
9.61
3.54
6.02
7.21
11.65
5.08
14.24
38.03
13.63
26.41
7.55
8.67
4.72
13.27
27.42
18.63
11.04
6.06
1.07
12.08
7.54
2.03
16.28
2.08
13.72
4.54
1.07
4.96
4.72
10.66
19.92
4.60
1.55
3.12
14.11
6.08
7.21
11.73
27.42
8.09
8.72
5.47
3.59
8.57
1.54
18.29
7.73
5.54
5.08
10.65
9.56
2.05
5.57
1.60
21.43
10.72
23.34
1.08
3.65
1.88
13.58
22.92
9.62
14.38
8.22
1.60
10.08
9.63
23.29
13.74
6.05
6.10
13.22
8.67
17.84
5.63
3.54
13.02
18.35
4.02
37.16
5.25
35.61
10.56
6.16
13.63
5.63
7.67
14.71
17.81
17.71
3.63
4.13
5.66
12.05
20.82
1.92
17.20
10.12
26.39
18.34
1.57
37.64
1.56
12.64
18.72
17.18
7.68
15.16
2.66
10.30
3.47
2.97
16.62
6.67
9.70
1.96
8.04
6.54
7.59
5.05
6.69
1.58
4.02
12.75
7.60
8.19
6.11
21.41
4.56
7.02
3.68
11.27
19.82
5.00
6.16
11.72
17.64
2.45
4.07
5.18
4.50
12.08
10.67
21.92
40.58
9.05
5.63
28.81
3.73
4.91
1.16
13.80
7.04
3.06
4.03
7.04
3.55
27.51
5.04
9.28
6.63
9.56
2.12
23.34
8.10
27.46
5.01
3.51
13.60
6.16
2.63
7.60
3.61
9.69
6.17
5.55
1.50
9.74
18.77
4.11
1.91
5.60
21.44
11.79
4.52
26.01
5.04
6.68
2.51
7.62
1.91
24.90
17.83
10.77
9.19
6.93
3.90
4.21
2.47
16.38
10.62
36.06
10.21
3.92
14.68
5.23
1.97
1.46
2.59
13.86
18.33
1.65
8.16
1.87
4.13
2.59
13.25
11.68
4.52
4.08
2.44
10.59
5.06
3.58
5.16
4.09
8.61
26.85
5.58
10.00
14.32
7.69
7.61
1.63
6.53
8.12
12.15
1.06
10.61
4.12
5.28
11.19
7.12
13.57
1.12
12.13
7.11
2.53
3.54
1.55
2.36
1.61
3.12
1.42
4.11
1.05
16.82
19.26
5.10
5.07
3.58
1.51
6.60
22.38
4.05
1.56
25.38
33.43
1.04
13.66
14.77
7.68
9.63
4.61
22.49
4.60
9.15
31.44
9.00
2.01
1.58
10.49
11.29
5.02
2.16
10.78
8.02
13.28
9.60
2.11
43.26
24.82
8.23
4.14
1.97
9.23
10.30
2.50
26.31
3.09
2.59
5.23
1.39
4.59
17.76
6.57
7.76
2.96
10.61
10.57
8.77
3.68
3.37
5.65
4.16
7.70
7.10
5.13
17.20
2.06
6.53
3.11
10.05
3.03
1.49
4.17
2.61
13.17
2.18
6.46
13.11
1.12
13.17
2.06
7.07
12.66
8.63
5.59
9.12
13.07
4.64
4.22
8.60
15.19
5.04
4.67
16.33
2.96
65.01
8.05
12.58
8.17
10.69
2.55
4.53
6.15
14.74
6.16
29.06
1.46
7.57
17.80
2.03
5.65
5.14
3.94
1.54
16.91
8.13
4.56
17.82
3.58
5.06
4.03
9.54
4.22
17.79
3.09
5.05
2.97
3.09
3.05
34.53
2.63
2.54
2.57
6.05
11.64
9.10
9.86
3.67
21.80
2.10
3.67
10.17
13.63
2.02
10.65
1.49
3.62
2.01
16.22
17.25
4.00
7.16
2.58
1.66
16.26
2.08
12.08
19.77
4.64
23.86
3.53
6.63
10.69
2.62
7.52
8.69
1.98
10.02
9.75
7.52
16.75
2.48
7.60
21.96
4.69
3.52
12.26
9.12
20.22
1.47
4.53
21.94
11.23
1.62
12.68
19.79
5.12
4.09
20.33
2.61
4.04
1.52
35.65
14.29
7.98
17.76
15.16
11.28
10.19
5.49
5.11
2.50
5.09
1.42
3.71
8.22
2.44
12.12
3.14
2.42
11.58
5.73
10.73
3.61
5.01
8.19
9.67
7.11
4.52
9.66
3.64
6.56
35.50
9.16
7.28
18.73
1.11
14.74
12.71
17.20
4.54
7.63
2.51
8.71
17.12
4.25
13.73
10.09
4.59
24.37
12.82
1.00
1.98
0.98
14.75
13.29
20.85
10.53
13.21
2.65
10.02
4.70
7.20
8.58
8.65
7.14
2.10
8.06
11.68
2.54
11.70
9.61
4.09
10.20
25.49
6.10
14.19
3.05
2.47
2.45
9.09
8.17
9.07
21.42
7.71
2.49
18.64
7.56
7.74
3.70
9.03
32.07
5.18
30.94
1.64
22.43
9.61
4.44
12.08
10.70
9.21
7.12
2.48
16.80
7.16
5.59
14.69
33.02
3.60
3.53
5.66
21.33
6.50
4.54
7.16
1.58
3.06
5.11
8.09
2.02
20.34
19.26
5.19
1.47
5.01
21.25
12.67
23.97
13.32
3.51
8.11
5.02
1.55
4.55
4.12
4.65
2.44
11.68
15.78
10.27
19.42
1.95
10.67
8.03
10.58
7.13
3.56
9.79
22.40
1.92
7.25
4.00
11.18
22.28
3.93
14.60
1.70
23.37
9.07
8.63
2.01
1.06
20.42
1.98
11.66
20.73
15.87
8.24
5.57
7.05
1.94
25.36
16.26
9.76
24.89
4.05
1.99
12.50
1.75
5.69
28.62
7.54
3.97
4.60
3.07
13.58
2.07
1.56
12.67
11.58
1.54
1.50
1.72
8.21
2.03
5.86
4.07
25.47
8.75
2.55
9.13
2.48
25.50
20.06
1.65
11.76
3.55
2.03
10.70
4.60
10.18
1.93
31.90
1.63
22.49
12.68
4.50
3.66
15.28
5.51
4.61
10.12
5.69
2.60
4.10
10.08
6.03
16.24
3.52
2.45
1.53
7.17
5.05
17.79
7.16
21.03
1.48
12.25
21.79
12.85
7.60
1.97
16.68
2.55
1.52
23.72
6.67
4.20
1.98
3.51
15.82
3.65
3.08
4.02
2.03
10.16
7.09
11.30
4.56
4.55
5.04
30.97
12.69
9.68
22.42
15.30
13.76
6.08
10.03
3.05
8.11
2.01
12.68
6.62
16.29
16.23
3.06
10.74
19.34
1.97
4.56
2.58
11.87
15.83
6.04
3.06
11.47
2.45
24.92
2.50
9.12
5.10
13.72
8.23
2.58
7.60
2.56
5.53
14.45
9.64
1.44
4.57
3.03
9.68
9.78
4.64
3.87
7.58
29.05
7.14
10.86
2.07
10.63
10.69
5.54
21.75
7.60
13.72
2.55
3.55
3.04
32.01
6.61
25.81
13.34
12.78
8.63
14.11
5.01
43.15
9.67
3.11
1.54
11.77
2.95
9.64
1.58
3.03
10.10
10.62
5.62
3.05
4.00
2.10
2.42
35.04
3.07
1.60
2.50
1.53
10.82
3.00
10.19
11.71
7.61
36.51
7.68
8.62
1.52
3.08
9.75
2.44
14.69
4.07
1.04
11.29
5.58
46.90
7.02
19.85
2.02
7.66
6.61
9.79
12.76
1.97
2.84
3.10
6.71
3.43
3.37
12.79
3.70
6.44
8.14
14.84
5.59
1.06
6.08
9.11
14.77
4.08
5.20
10.18
6.51
9.18
34.54
7.58
8.08
5.60
14.74
3.99
6.59
3.63
4.97
2.01
3.21
37.63
11.68
5.08
17.21
1.15
5.54
1.87
2.66
10.52
5.52
7.82
7.15
3.59
3.47
7.54
7.54
4.16
31.54
2.49
12.16
11.78
16.77
11.72
4.01
4.71
3.93
5.08
1.58
9.65
5.60
1.55
6.51
7.08
3.06
4.14
6.65
2.06
3.16
13.69
5.09
19.23
18.14
9.62
1.54
28.98
12.73
32.50
7.65
3.65
4.62
2.40
4.50
3.59
15.68
1.63
2.63
4.40
5.56
14.81
7.15
8.15
10.66
1.97
3.56
11.73
6.04
11.76
9.24
3.47
3.57
4.46
17.21
15.21
11.26
5.62
3.62
4.47
7.59
5.75
10.14
10.50
6.15
3.66
29.51
10.71
7.60
3.47
9.54
1.11
3.53
10.74
18.77
3.57
7.67
1.55
2.65
1.33
7.10
3.16
2.57
9.47
16.84
14.86
5.05
2.01
8.11
10.20
9.68
41.07
16.13
8.16
9.77
12.22
7.17
13.85
15.66
6.21
9.00
21.18
5.51
2.61
4.16
2.95
5.53
4.24
8.64
7.69
5.54
5.60
4.51
3.49
13.28
1.32
2.62
11.23
4.61
21.41
10.59
1.96
4.09
16.32
7.69
6.24
5.04
10.11
4.54
14.08
10.77
3.07
2.06
3.46
18.27
9.83
4.08
2.13
3.47
3.12
4.41
1.47
21.27
4.08
7.23
6.61
11.20
7.53
5.07
11.81
13.70
20.30
6.59
5.54
3.69
16.93
21.73
12.65
1.09
3.14
11.07
6.10
4.05
3.07
7.12
11.09
1.49
2.50
2.53
5.00
7.21
19.76
3.03
28.40
7.69
22.31
4.16
2.50
20.89
8.78
9.22
13.22
3.42
1.11
12.18
4.60
9.04
14.65
10.53
1.56
3.54
13.40
4.39
4.59
16.38
13.67
4.05
8.21
3.57
5.51
6.70
12.22
2.53
2.99
7.06
4.58
2.62
22.80
13.67
1.51
1.17
4.57
5.10
12.13
27.87
6.67
12.79
4.08
3.44
4.18
16.24
1.89
8.62
6.68
5.13
1.42
15.24
3.20
12.76
19.88
5.16
9.44
5.55
2.61
5.67
11.52
6.05
3.67
3.00
13.85
5.04
12.10
21.23
5.07
5.02
11.30
5.62
30.96
8.67
2.14
2.89
9.28
18.84
16.65
3.98
4.02
2.08
8.65
10.61
2.62
2.65
5.02
18.75
1.67
1.44
9.70
9.79
17.27
2.54
1.32
5.61
7.63
2.05
1.49
8.55
3.16
19.97
4.41
18.36
13.70
2.00
17.79
7.15
15.23
4.44
13.22
17.31
10.72
3.59
6.64
8.11
16.24
24.89
4.51
17.81
6.08
8.08
15.29
32.43
15.26
5.16
1.52
3.68
5.52
6.13
2.13
1.45
13.77
6.16
7.06
4.98
19.75
27.38
13.81
6.10
13.58
9.61
2.62
21.97
1.93
7.74
6.02
10.70
17.85
5.05
9.28
1.44
13.68
2.64
7.04
8.54
2.57
15.27
4.08
14.24
1.47
7.13
11.17
21.79
11.25
9.17
18.89
7.69
3.55
2.50
18.66
5.59
7.09
8.57
9.60
9.67
11.19
7.89
5.03
1.46
4.83
3.10
4.22
10.79
17.28
5.09
6.21
4.08
2.87
14.56
8.16
8.17
2.99
2.44
11.28
7.64
8.01
20.37
19.96
3.95
6.71
2.51
9.07
1.59
6.56
6.49
2.61
13.88
2.10
4.08
3.56
6.69
1.42
10.49
2.55
4.64
5.62
4.45
24.91
1.60
5.66
2.51
3.01
9.73
8.51
5.52
18.32
4.17
1.09
9.23
7.11
1.58
3.06
3.89
4.99
2.04
4.10
5.47
7.60
48.35
2.61
27.09
11.70
6.18
15.21
3.94
1.52
11.17
2.18
2.64
3.17
5.46
15.19
14.15
4.51
4.50
16.86
2.14
8.73
3.07
5.99
15.78
1.44
11.62
12.16
8.25
15.20
1.50
2.08
3.59
14.63
7.22
8.09
7.04
4.11
5.56
3.58
3.10
23.90
2.99
15.73
2.64
10.24
3.38
5.60
3.57
10.73
2.54
1.40
1.63
5.10
8.12
11.15
20.83
4.55
2.59
15.32
18.29
2.46
2.13
1.09
1.94
4.51
20.98
12.25
5.64
5.96
26.05
23.83
6.76
2.64
7.06
5.17
3.98
14.81
2.43
5.60
14.72
3.59
8.57
52.67
3.58
12.26
6.15
42.73
6.49
7.01
6.58
2.13
8.50
2.62
8.16
15.76
6.09
3.65
15.33
20.81
11.54
11.14
22.32
7.68
7.06
2.54
20.45
4.58
5.55
14.24
1.51
3.62
2.09
23.32
19.31
6.53
2.56
9.65
5.52
7.57
2.51
1.53
41.23
2.03
10.63
13.67
9.13
3.05
9.71
2.57
10.17
2.61
4.05
5.61
5.07
15.18
6.06
1.61
5.12
13.69
5.12
1.57
4.03
15.23
7.14
3.59
16.70
11.21
7.09
4.61
18.80
1.47
1.63
4.13
2.40
18.85
7.63
10.24
8.13
10.48
4.56
4.99
9.03
20.87
22.48
22.96
2.98
5.67
17.22
9.17
6.11
6.13
13.26
11.26
8.10
2.92
17.26
6.17
14.25
5.16
2.57
5.98
12.08
2.48
6.08
13.66
6.19
24.83
15.85
4.66
17.73
5.60
7.19
9.67
5.03
2.19
13.70
24.78
11.16
17.61
8.08
3.10
9.74
2.54
6.59
1.48
6.66
8.12
39.21
6.59
5.54
1.44
1.06
2.08
3.95
11.16
7.19
7.18
9.60
23.48
14.33
5.60
2.90
10.12
7.60
14.72
1.62
3.70
5.12
3.41
4.10
8.10
2.01
2.02
3.69
11.56
17.42
2.50
11.62
5.07
8.59
3.14
16.34
14.78
15.22
5.07
4.95
3.19
13.24
6.52
3.99
3.62
5.60
2.56
41.71
5.55
1.43
6.58
4.25
11.78
1.46
9.23
6.61
10.17
7.56
20.25
12.24
9.15
8.14
18.34
2.01
3.25
38.64
2.41
3.44
2.05
3.70
1.40
2.25
1.47
8.10
4.05
15.32
1.39
12.67
11.28
2.08
4.11
1.90
32.58
14.22
22.95
5.12
2.00
10.28
8.69
2.38
0.91
1.22
3.90
4.16
16.62
2.00
26.91
4.13
8.17
2.53
3.02
13.23
6.11
5.57
4.06
10.10
5.17
20.41
9.73
10.16
13.81
2.48
1.39
2.53
3.04
7.63
3.58
10.75
8.61
3.03
10.69
12.75
3.96
9.63
17.80
3.46
14.75
7.21
7.12
1.50
2.52
24.94
16.87
6.54
8.14
6.15
11.62
6.59
4.02
5.63
9.60
16.43
23.92
10.04
24.38
3.52
7.15
10.17
2.56
6.21
4.04
15.35
6.10
11.75
3.48
1.47
6.18
28.98
12.10
3.53
7.61
1.55
9.19
9.17
1.44
19.88
5.10
8.70
6.65
5.14
33.52
6.11
9.15
17.74
12.21
5.10
8.71
19.79
13.60
28.48
5.45
14.77
1.50
2.16
2.01
31.07
5.05
4.58
1.98
4.61
12.21
8.20
2.51
5.63
5.51
5.10
12.29
12.12
4.08
12.65
12.78
8.17
14.38
9.54
9.61
8.66
3.47
2.16
16.40
1.90
6.02
5.43
2.15
1.71
2.54
10.69
22.99
22.30
7.15
1.54
5.68
2.42
13.23
30.43
7.55
19.42
1.51
4.56
0.99
10.68
6.61
5.51
13.33
6.18
11.77
8.07
9.09
6.65
9.23
3.42
12.67
9.46
6.27
1.38
12.34
1.02
7.22
1.98
10.17
8.16
15.70
10.22
8.75
4.57
19.23
1.06
11.58
3.06
2.06
8.31
2.52
15.81
2.40
6.05
15.74
3.62
3.03
4.60
2.99
1.55
8.06
4.12
2.06
22.87
40.79
17.77
5.06
9.10
15.30
2.60
1.43
7.12
4.53
5.61
8.75
5.67
11.12
12.03
11.10
8.58
4.58
2.61
7.65
18.37
8.70
5.50
2.93
4.11
10.83
13.59
1.89
9.16
5.11
1.05
5.06
9.19
4.60
22.40
6.13
31.09
2.01
17.21
1.51
3.54
36.99
7.70
5.20
11.73
7.59
6.03
6.70
1.52
10.13
21.39
1.40
2.18
7.64
7.66
8.02
4.54
1.57
10.19
1.11
16.28
3.41
2.54
2.05
1.57
16.70
12.71
11.34
2.94
8.19
13.79
5.05
1.98
11.04
26.55
1.42
6.16
4.77
4.05
4.00
14.83
3.66
2.45
9.21
22.22
3.59
1.99
16.67
4.04
2.02
4.23
2.05
9.73
2.43
6.50
6.32
2.85
4.51
14.84
31.47
6.13
5.12
25.67
5.16
9.57
13.31
10.47
2.54
5.18
4.07
1.97
4.59
18.78
15.22
5.53
7.21
13.14
3.60
6.10
29.99
8.13
5.16
6.02
4.56
8.11
10.59
9.19
21.99
5.56
15.73
45.67
13.65
19.90
10.24
21.92
18.77
15.21
5.14
3.69
25.85
4.48
2.04
1.54
11.20
4.01
17.80
2.48
5.67
28.84
6.08
8.58
3.60
7.04
3.04
19.31
17.87
8.33
6.77
12.70
2.53
8.47
4.10
9.73
2.07
5.50
1.53
6.99
2.03
1.50
20.09
6.52
13.79
12.85
11.73
4.99
24.12
4.04
4.53
15.25
1.58
10.16
14.10
7.27
49.78
4.00
4.07
10.73
31.53
8.10
21.34
22.26
6.54
4.61
3.57
4.06
10.67
3.65
26.99
32.51
9.07
23.35
5.18
1.52
16.29
9.78
4.02
6.03
2.46
9.06
4.07
2.51
8.72
2.08
2.42
17.25
10.18
7.59
26.00
4.06
3.04
7.19
2.56
4.72
6.18
1.37
16.91
5.62
1.49
8.08
3.61
18.70
1.99
1.95
11.18
12.82
4.10
19.71
1.41
2.15
6.05
1.47
12.09
12.69
21.49
7.73
11.32
6.57
6.54
4.58
2.02
12.29
5.55
21.51
25.89
1.83
5.95
6.67
11.31
15.20
2.95
1.04
7.17
8.12
8.66
18.30
6.49
4.58
1.60
5.16
2.96
20.89
2.54
12.21
13.77
5.51
14.75
9.32
14.80
2.59
3.52
12.60
3.54
17.32
2.57
2.51
3.58
9.77
6.60
3.53
16.66
3.10
22.88
16.34
10.12
1.11
4.03
17.21
5.12
8.18
2.01
9.53
2.50
2.29
5.95
10.76
25.49
5.01
5.64
1.40
15.17
2.60
5.11
0.96
19.26
2.66
11.72
7.09
1.49
13.42
8.76
19.87
22.73
3.92
7.05
12.22
6.07
26.42
52.35
1.63
4.20
2.10
3.53
4.38
4.58
2.12
4.24
2.86
14.75
10.06
17.22
17.33
12.77
7.98
8.13
16.82
12.73
16.88
25.94
2.09
3.53
9.55
10.68
10.61
1.03
2.52
10.61
4.60
10.12
1.58
10.67
3.04
3.95
16.72
6.52
2.61
3.11
13.31
6.60
14.74
1.57
1.62
4.14
3.42
4.96
37.15
3.60
25.56
4.91
1.66
9.17
43.87
29.33
1.44
7.04
2.11
2.11
9.16
6.10
5.05
10.62
20.83
1.49
8.59
3.03
3.02
6.16
6.60
2.60
7.06
5.10
1.61
10.17
15.36
2.98
3.45
1.44
4.10
3.13
4.91
4.73
9.14
2.92
16.35
10.24
12.72
2.54
14.73
7.11
6.02
7.70
13.86
3.64
1.39
4.03
4.56
7.54
3.52
9.66
10.67
4.04
1.56
4.10
2.52
12.71
4.09
3.50
2.58
3.03
3.58
13.15
1.97
1.07
12.28
7.15
3.92
2.00
2.18
2.06
15.71
5.04
12.18
1.53
3.46
15.84
20.82
5.50
8.19
2.07
15.78
7.68
0.96
1.66
4.18
3.01
13.73
8.08
4.55
12.22
1.67
12.65
4.45
6.62
3.57
4.54
8.68
4.59
13.76
5.02
1.97
3.65
6.16
5.11
1.44
2.54
12.69
2.67
13.18
3.00
12.29
1.51
11.65
14.76
18.28
12.66
13.22
32.55
3.05
1.47
2.56
19.44
2.64
7.05
4.02
19.89
17.77
10.83
6.10
11.17
4.45
12.59
10.62
16.27
4.07
8.15
8.74
2.54
3.10
19.91
5.00
7.09
10.64
2.03
5.08
2.56
22.42
4.53
12.79
1.53
4.01
2.59
3.48
2.03
18.34
2.51
10.70
16.91
1.89
5.50
6.24
6.70
5.51
7.13
33.02
16.28
1.49
3.62
4.03
6.64
7.60
6.54
23.97
4.03
5.11
8.07
5.12
10.19
7.63
12.19
3.03
5.56
1.58
1.56
1.50
17.27
2.55
9.02
16.25
13.29
9.67
14.31
5.66
8.16
15.81
3.86
2.88
1.58
5.09
3.62
8.72
8.20
8.08
4.53
3.04
1.51
7.63
13.75
27.93
16.28
13.21
4.52
2.09
2.07
8.66
2.96
5.04
11.17
22.74
2.57
16.11
1.14
5.53
6.64
3.48
3.01
5.27
9.61
10.05
9.16
12.82
4.69
24.94
9.06
21.87
27.88
14.24
2.57
5.04
6.15
6.67
2.12
4.05
5.58
4.04
7.62
1.00
1.50
10.66
12.23
5.04
15.75
20.44
7.74
1.89
1.58
13.03
5.59
40.09
9.22
33.31
23.03
12.70
13.30
3.49
4.63
5.19
3.51
1.58
5.65
8.97
5.47
20.26
3.60
16.77
2.47
15.77
3.12
1.50
17.17
11.18
16.38
9.68
8.16
13.22
25.86
12.18
4.14
6.13
25.99
9.17
2.05
2.06
1.97
21.26
17.65
11.29
2.92
8.69
3.63
4.53
3.97
7.71
24.32
1.67
15.26
8.08
8.16
3.01
6.47
3.57
2.54
7.15
3.47
3.14
3.01
30.00
3.97
3.75
5.01
12.17
12.74
23.97
12.92
3.47
4.62
5.46
3.09
3.57
13.16
10.21
1.65
18.75
7.02
9.20
19.72
1.62
5.92
24.79
4.74
11.20
4.99
4.14
2.66
6.44
19.40
3.09
2.90
16.20
4.25
21.44
10.56
4.05
24.99
16.30
20.77
14.75
1.60
11.08
4.51
13.63
2.53
2.98
2.04
3.03
3.20
14.24
1.88
24.96
7.68
2.53
4.15
3.03
51.29
2.48
25.85
8.67
3.62
2.07
6.26
6.06
1.54
4.61
14.08
2.54
10.57
7.12
18.75
5.17
11.20
22.44
4.59
10.64
2.92
1.98
8.10
8.70
2.08
13.82
4.20
3.04
3.37
6.51
3.17
7.15
4.90
5.65
9.10
20.79
6.12
26.40
2.41
11.74
5.77
10.83
7.67
5.06
6.00
1.13
16.07
4.63
7.68
5.01
20.25
10.11
6.12
11.57
22.35
9.76
1.06
13.13
4.19
10.16
20.96
6.67
11.57
25.93
21.82
24.53
2.02
10.19
5.04
3.51
2.04
8.04
10.14
3.06
4.52
9.71
2.57
3.56
40.08
4.02
12.68
4.66
3.98
6.86
22.47
4.63
7.48
12.91
4.07
1.58
13.05
20.76
13.83
4.65
16.32
4.86
4.16
2.20
2.43
3.05
8.18
36.03
3.52
1.93
1.60
9.69
10.56
8.73
9.22
9.10
16.84
15.16
6.16
10.19
4.54
11.25
6.63
18.66
1.64
3.99
10.56
18.90
1.56
1.47
3.65
12.76
13.59
17.38
15.19
14.26
2.12
28.95
4.19
4.94
35.08
9.57
11.74
9.42
5.50
1.57
10.31
20.80
16.29
1.13
5.03
16.67
8.18
4.48
3.44
3.68
7.18
12.15
4.01
4.21
2.09
1.93
19.26
7.62
2.11
11.73
5.43
7.56
10.14
10.24
10.10
15.35
22.84
2.51
2.56
2.48
0.96
12.65
12.60
1.03
8.08
15.16
7.79
20.05
5.23
3.00
8.45
4.07
6.12
21.35
6.61
2.07
22.48
13.74
4.08
18.66
8.11
2.11
17.23
4.00
5.10
2.93
5.01
21.39
8.75
1.36
3.62
6.26
2.02
5.01
24.02
1.58
6.61
15.82
1.42
9.58
3.60
14.25
7.57
14.26
1.59
18.84
1.98
7.47
13.17
7.05
8.67
6.70
8.30
7.67
5.38
26.02
14.30
1.51
14.24
1.40
2.54
6.56
3.71
1.66
6.02
10.69
3.58
2.98
5.09
1.93
5.12
3.06
26.38
3.05
12.67
5.14
2.97
21.38
19.20
10.67
3.09
1.93
2.56
1.17
2.48
18.96
2.97
4.02
2.56
5.13
1.95
4.03
4.16
17.41
2.64
2.99
3.49
1.51
8.70
11.25
1.42
18.77
5.10
6.21
10.78
16.26
2.43
29.43
4.21
2.90
19.28
5.77
2.06
1.48
1.46
14.77
4.94
3.08
9.92
8.80
10.08
2.97
26.34
33.55
4.55
6.74
3.95
9.13
31.54
4.61
6.01
3.49
17.30
8.72
14.32
9.71
11.21
11.59
59.33
3.03
6.17
2.50
13.16
8.74
4.65
1.99
6.65
6.60
3.64
8.06
6.52
5.00
7.22
2.08
5.54
17.78
35.58
8.19
30.92
33.95
7.19
1.92
11.68
5.71
7.06
9.15
10.22
1.62
2.58
4.05
4.53
1.61
9.59
7.13
6.65
11.23
12.13
31.44
7.04
3.04
3.07
3.01
7.18
15.33
2.56
16.27
6.07
3.17
5.62
9.17
18.85
21.92
5.13
29.82
5.00
4.60
14.19
3.63
1.49
2.04
10.81
1.99
4.10
4.43
5.07
6.61
3.15
2.00
3.52
31.42
17.39
26.05
2.96
6.51
32.55
6.53
3.99
6.10
17.82
2.20
1.34
11.19
1.04
3.62
12.26
6.56
2.52
8.60
11.04
4.15
15.83
1.12
8.75
13.19
16.19
7.20
1.97
1.95
1.62
28.98
2.97
20.88
4.49
1.49
1.01
1.57
2.60
6.12
8.02
11.70
18.76
6.60
2.56
5.67
6.16
3.94
5.02
5.61
4.67
4.59
8.74
1.50
12.61
12.11
3.99
2.07
30.46
22.96
7.57
3.42
3.68
4.71
1.53
8.76
22.37
5.56
2.50
2.38
17.68
10.11
6.21
3.55
8.72
3.52
13.33
7.11
10.64
2.00
6.68
3.09
15.14
1.60
6.96
2.11
11.24
3.99
15.22
8.24
12.73
9.58
1.12
8.57
2.52
16.11
3.05
7.22
14.77
32.58
10.11
6.09
47.76
7.07
2.58
14.74
9.04
1.57
12.54
5.10
33.22
8.14
4.58
6.51
34.03
1.53
28.94
6.12
3.08
1.55
6.52
38.66
5.63
2.35
2.66
13.67
1.15
3.69
4.02
26.93
8.15
9.09
4.02
4.73
4.04
24.29
7.97
7.13
10.72
4.03
11.21
8.68
6.60
2.57
14.77
9.05
18.24
10.79
6.10
2.96
4.41
5.21
14.14
4.22
9.68
10.27
19.20
5.49
4.10
11.02
6.12
2.64
4.49
3.57
4.56
14.31
21.85
13.26
4.01
10.76
2.55
5.57
1.55
5.04
6.65
1.65
4.95
12.28
4.60
2.12
7.52
5.14
10.08
2.03
22.85
3.05
4.03
2.08
7.55
1.53
2.43
2.66
3.54
5.75
5.47
11.71
1.52
4.08
18.67
1.01
1.15
12.70
6.51
5.09
6.95
5.59
5.59
9.76
2.11
11.23
14.19
4.19
8.67
15.65
1.52
4.08
4.01
3.12
16.10
2.65
6.72
6.04
3.62
3.05
3.04
3.05
16.69
2.94
33.47
3.99
7.22
3.76
4.09
2.01
15.23
5.10
4.63
10.00
2.58
4.54
14.76
2.05
17.36
2.55
10.24
3.45
4.05
2.54
11.10
8.83
1.55
6.04
3.65
2.08
6.91
3.99
3.52
5.61
7.74
7.07
4.61
11.28
7.24
15.24
7.60
8.54
8.12
4.52
8.22
2.99
13.72
1.11
29.95
45.13
2.57
3.09
23.33
21.39
7.04
7.10
11.59
9.19
16.19
4.51
1.55
7.66
22.80
3.10
17.95
7.01
18.41
3.04
1.43
1.63
13.14
12.35
4.02
9.24
3.52
11.77
11.71
9.61
2.51
7.64
6.11
22.36
3.61
2.56
24.41
11.66
6.06
17.76
7.06
2.02
6.65
19.42
9.22
5.55
11.12
3.05
15.30
6.68
6.08
18.87
30.55
3.50
32.00
7.54
3.57
4.59
5.09
7.50
1.26
9.15
2.94
4.42
4.60
2.49
9.78
4.54
16.75
14.26
24.52
10.20
3.59
3.53
5.43
6.23
9.84
9.03
17.35
7.69
5.58
4.42
8.58
17.29
2.11
11.73
8.56
20.88
1.98
5.21
8.72
4.96
7.17
2.18
1.42
2.46
5.57
20.90
10.63
6.09
2.58
2.55
10.09
8.20
4.93
5.20
7.68
11.55
8.26
15.10
5.50
7.08
6.00
5.70
29.07
11.21
16.77
32.69
6.15
4.39
4.24
12.70
1.90
5.93
5.73
20.75
4.58
15.19
13.11
5.18
8.66
4.08
4.20
1.54
5.00
7.13
1.89
22.38
2.04
9.23
3.54
14.25
5.99
7.06
4.59
14.27
5.63
5.53
8.05
1.55
1.97
15.76
26.48
1.56
4.08
8.19
9.66
5.55
7.02
10.16
5.19
11.22
22.33
7.01
3.13
3.39
1.46
10.64
2.69
10.09
5.20
2.07
5.47
8.24
16.59
16.77
17.21
6.13
30.53
6.59
32.16
2.00
6.08
2.57
10.69
18.30
1.90
2.13
6.13
6.52
6.07
13.63
1.62
5.63
2.11
8.68
4.43
1.18
4.59
5.63
2.00
3.04
5.13
11.60
5.15
1.65
2.96
3.03
7.02
24.36
1.99
5.18
1.46
11.32
20.46
6.04
5.01
6.65
9.71
1.98
8.07
40.18
3.06
11.19
6.69
8.63
1.95
2.13
4.56
12.13
17.29
13.63
18.36
21.01
7.19
1.54
9.61
6.06
9.53
13.26
16.81
2.04
10.85
15.15
9.09
15.20
5.59
8.09
7.27
1.47
21.33
7.14
19.84
2.10
12.64
2.49
11.74
10.64
5.06
2.48
23.85
2.56
11.57
3.04
6.19
5.07
13.86
2.69
20.45
7.53
10.17
1.49
10.23
27.81
2.59
9.05
12.17
6.50
18.32
26.96
1.60
1.49
7.17
1.04
10.16
28.56
3.03
4.05
3.68
21.92
4.00
3.96
8.03
7.29
22.40
2.42
11.17
10.20
16.75
4.42
4.21
15.30
5.61
1.97
0.99
7.13
1.38
8.77
2.11
3.41
4.21
1.49
7.31
22.31
9.05
5.57
1.52
7.08
7.65
5.63
7.11
1.59
3.58
19.88
8.72
6.61
21.95
19.74
14.12
8.63
6.12
11.15
3.00
4.08
1.62
7.59
2.51
3.61
3.55
5.64
4.58
3.69
7.60
12.64
2.12
7.94
3.08
8.54
2.42
4.65
12.79
14.89
3.58
3.58
18.77
6.56
7.04
3.57
11.18
9.71
26.40
8.07
4.14
3.52
2.07
27.86
3.03
35.61
6.07
2.55
10.65
9.76
9.73
2.00
1.36
6.59
10.20
5.74
1.96
5.52
7.71
16.74
17.67
24.35
3.48
3.15
5.68
3.06
5.60
1.53
20.73
9.03
4.05
3.69
2.04
4.62
14.30
4.51
16.18
11.18
7.55
16.29
2.62
8.55
20.37
9.68
5.06
12.81
16.81
11.12
5.60
0.99
8.74
12.16
4.03
24.88
5.71
4.61
7.03
6.16
18.67
2.48
7.18
3.57
3.49
2.08
3.54
26.45
3.60
24.82
4.65
8.06
2.51
6.47
4.56
2.57
12.22
2.57
7.09
23.98
3.10
4.08
4.41
9.55
2.23
3.03
5.07
9.57
4.30
7.18
9.62
1.58
18.66
25.84
4.57
3.01
15.27
3.05
5.15
9.12
3.21
22.41
5.54
14.73
9.63
1.95
1.94
5.23
9.58
6.13
4.12
7.06
10.67
17.83
3.53
12.73
6.13
2.15
14.27
1.92
6.54
1.62
9.15
20.75
4.02
2.18
8.17
3.61
4.59
4.22
6.09
2.99
6.55
1.07
2.39
1.50
3.60
4.62
2.13
18.68
14.25
9.12
3.55
1.58
2.05
4.54
22.82
5.68
7.02
7.95
8.21
4.69
8.08
3.02
4.62
32.06
3.57
2.44
5.68
6.63
22.03
14.19
2.08
16.27
3.51
9.58
8.16
24.42
2.54
9.67
14.42
1.96
1.95
19.23
9.75
10.66
2.11
9.24
6.52
3.19
5.92
3.14
16.83
4.60
8.20
9.68
4.45
2.13
24.79
10.77
10.25
3.93
2.60
4.60
24.41
2.04
3.55
3.48
15.12
5.06
2.54
12.75
12.84
7.19
3.45
5.45
6.55
29.39
4.09
5.18
10.27
9.23
2.53
8.19
8.64
5.07
3.60
2.05
21.99
7.58
2.06
16.67
15.22
4.56
2.50
12.82
5.09
3.52
7.57
3.95
5.68
6.58
5.66
5.00
3.56
10.53
7.17
10.77
19.80
1.54
8.08
3.48
8.71
7.67
20.31
4.53
6.79
19.11
12.35
7.53
2.68
9.18
2.96
13.12
2.16
17.28
6.67
5.70
29.36
4.51
4.54
3.09
3.11
20.78
9.13
3.45
24.80
3.14
4.03
5.66
5.07
2.54
6.13
9.59
13.76
22.77
17.28
8.58
23.01
9.68
14.80
18.85
45.73
59.54
3.55
7.06
5.01
12.19
17.74
9.18
5.58
1.63
3.15
1.95
4.03
11.68
3.53
9.19
7.62
8.74
2.37
7.17
1.48
2.57
1.71
35.17
10.10
1.98
1.47
5.10
8.85
3.94
13.67
33.00
7.08
5.15
14.83
8.59
6.64
11.79
3.97
6.05
2.60
2.45
3.60
4.06
26.31
23.85
23.47
16.36
9.64
3.03
8.56
6.40
2.24
1.63
7.63
5.72
2.60
27.99
7.54
19.72
6.53
10.70
17.12
24.85
2.51
8.68
4.18
11.79
1.98
1.97
2.45
5.06
5.39
2.70
1.54
8.68
7.65
9.23
2.94
6.95
8.71
27.52
1.42
5.57
10.18
15.83
1.47
5.55
1.46
17.33
7.12
7.57
3.03
14.30
7.15
8.14
1.03
2.10
1.63
7.65
2.94
1.56
8.08
14.23
18.64
13.78
1.99
14.74
15.73
3.61
14.63
2.51
9.71
13.80
11.14
7.17
3.50
4.23
2.85
2.04
17.27
2.43
6.18
6.61
4.51
3.01
36.11
9.76
9.20
18.83
14.19
9.57
2.48
4.12
8.10
8.67
13.70
6.17
5.56
11.75
3.51
9.74
16.73
5.09
9.75
27.94
23.28
2.06
11.52
4.12
4.14
1.98
3.06
8.17
16.18
2.57
5.54
7.66
21.25
16.69
24.46
8.21
6.54
15.22
8.13
2.64
4.62
21.31
1.56
4.17
10.74
3.07
4.43
1.55
13.12
3.16
2.10
2.44
7.58
7.70
6.63
1.52
40.71
6.07
12.72
21.82
1.42
1.99
14.10
11.25
7.23
1.01
13.25
1.43
4.11
1.99
4.06
16.35
1.93
2.56
1.11
13.09
6.60
5.16
3.56
7.22
26.96
1.59
5.68
4.50
13.21
10.66
7.65
19.12
7.12
1.57
8.25
9.67
4.04
3.57
8.61
3.59
18.12
2.26
16.27
5.06
15.66
25.46
6.66
2.95
16.76
19.22
8.05
5.63
7.06
4.13
31.62
11.15
1.62
28.94
17.81
2.03
7.57
29.35
9.22
5.09
3.42
32.00
5.04
11.84
10.70
1.54
15.73
2.11
2.08
8.51
3.14
4.50
13.25
12.19
7.09
24.91
16.72
1.54
8.55
2.97
2.09
3.06
12.21
5.12
9.07
25.40
3.55
11.20
19.86
7.62
2.04
11.23
2.00
4.08
6.02
3.12
2.61
27.35
1.57
13.17
5.07
4.54
7.71
6.08
12.14
10.74
14.69
7.55
27.93
7.10
2.53
7.67
14.31
4.06
24.93
6.05
3.53
14.62
24.95
21.89
14.34
1.54
14.17
11.17
13.20
3.61
4.97
6.61
2.03
6.08
15.30
5.79
12.53
9.19
6.62
15.15
12.22
3.57
7.64
8.08
2.69
6.48
0.93
12.57
17.15
4.60
1.11
6.70
7.21
4.05
5.60
3.58
11.57
8.82
18.29
1.93
4.64
1.57
36.69
3.00
13.52
2.02
4.15
17.80
8.19
6.09
22.83
7.14
14.80
2.68
2.02
3.54
5.64
3.07
3.87
6.02
12.21
2.62
9.71
11.24
9.01
9.78
9.14
6.57
15.22
5.50
13.16
12.76
3.08
28.93
6.66
3.56
6.62
30.00
4.05
3.49
8.96
26.35
10.28
8.26
7.98
26.46
8.19
10.57
4.59
5.60
8.24
2.52
5.97
16.84
13.79
3.98
5.06
14.20
7.11
25.84
3.58
5.09
1.04
3.11
1.48
6.61
14.79
4.17
6.26
13.75
4.97
11.16
13.81
3.09
16.16
1.98
23.36
7.32
3.65
9.21
7.06
5.44
5.58
7.03
11.10
12.86
5.14
11.32
2.97
3.93
0.95
2.16
4.07
11.08
8.11
28.06
10.84
6.71
10.14
9.30
15.12
12.60
4.55
1.00
7.58
3.57
6.13
1.96
2.60
9.62
20.42
3.04
5.10
14.31
8.67
1.95
4.50
9.67
5.07
1.55
2.99
2.02
2.20
3.89
1.58
25.02
2.49
13.65
27.80
7.07
13.29
11.79
2.57
3.61
1.44
12.31
5.10
4.66
1.97
3.12
2.99
4.00
1.59
8.06
8.09
4.56
2.94
6.22
1.87
7.21
1.58
12.25
1.51
8.75
2.99
2.08
3.50
2.61
13.55
8.19
12.16
2.57
12.83
9.14
1.93
4.58
4.18
4.02
12.20
1.52
8.57
4.58
13.24
11.64
7.64
6.53
17.38
15.29
1.33
4.16
6.14
6.05
18.34
9.15
3.07
1.98
1.53
1.56
7.58
8.77
15.17
2.88
2.63
3.66
4.06
31.51
8.65
1.61
10.67
18.29
5.19
16.74
1.55
3.45
5.06
8.16
6.63
2.46
2.09
4.08
3.57
2.10
19.24
11.12
4.56
2.53
30.48
6.09
19.43
6.64
3.45
3.09
1.54
11.11
6.64
1.54
5.21
6.08
7.64
4.57
4.15
4.01
9.73
1.57
1.94
3.09
5.58
3.55
15.12
2.67
49.25
4.02
19.71
7.13
30.95
8.10
4.59
2.48
9.09
1.47
14.79
6.23
3.05
6.52
18.31
5.53
2.89
6.24
1.45
21.84
4.61
1.56
13.78
5.03
5.13
9.79
2.04
3.05
8.67
1.47
2.15
13.10
3.62
2.45
15.65
9.62
5.98
7.14
10.33
3.70
4.12
2.05
2.46
6.48
2.09
3.55
3.15
13.03
3.57
5.47
8.16
4.76
1.89
14.31
13.62
1.72
1.39
2.90
10.20
2.71
3.05
14.28
4.03
3.98
9.66
6.11
1.51
25.79
19.79
5.09
9.69
8.66
12.16
9.09
5.20
2.99
13.30
20.72
4.02
3.06
2.99
13.26
7.15
12.22
7.60
8.19
3.08
6.10
7.16
16.68
11.77
4.67
3.98
5.50
13.15
3.68
12.76
17.21
3.05
7.71
2.00
26.32
4.46
18.30
8.28
11.63
7.47
15.89
3.58
8.21
1.51
9.13
18.89
13.72
26.93
7.55
4.05
2.63
5.60
12.30
3.87
4.00
1.76
6.17
6.96
10.19
10.07
2.03
7.05
17.29
15.69
13.98
6.17
3.29
1.52
9.77
9.76
24.35
7.16
15.22
7.64
2.05
11.18
27.48
1.57
3.07
13.68
9.13
5.08
2.65
1.42
2.08
8.10
20.85
10.53
12.18
5.12
2.05
13.31
6.42
2.56
2.16
1.99
17.73
1.51
1.69
26.41
11.25
12.99
7.03
2.56
8.74
3.10
8.03
14.64
35.06
14.74
8.15
2.07
5.17
7.65
5.46
17.21
4.07
21.44
21.46
6.06
5.11
3.15
9.05
17.98
8.07
1.05
3.41
1.95
2.11
1.60
20.85
2.09
4.50
8.04
15.84
5.62
5.06
5.55
1.38
5.08
6.07
16.35
8.74
37.62
7.12
5.02
4.58
13.86
2.46
2.58
17.78
6.05
5.60
27.54
1.38
2.01
13.81
3.10
12.81
2.00
5.12
7.47
13.09
0.96
6.11
35.90
6.27
4.65
8.72
2.08
7.59
14.11
17.23
2.60
4.62
10.67
4.52
2.53
6.19
12.67
12.17
11.19
4.52
7.09
1.53
2.07
20.74
1.05
5.52
15.76
11.20
8.61
2.06
6.56
1.94
3.09
11.75
8.74
8.06
1.50
1.54
4.09
7.73
12.76
1.86
5.14
2.03
1.00
14.34
6.09
1.03
2.54
22.80
9.50
6.63
7.08
7.17
2.05
1.50
1.49
1.53
9.62
17.75
20.74
7.58
1.49
1.60
10.25
2.50
21.44
2.01
15.32
6.11
28.96
8.61
5.61
10.77
1.91
11.20
4.52
8.08
10.17
3.03
13.73
4.63
11.85
8.10
14.22
15.27
10.75
7.04
1.52
3.67
15.71
9.10
36.63
9.73
12.16
7.61
5.73
20.88
3.01
7.17
1.49
2.42
5.63
18.63
12.62
8.09
4.98
5.71
8.08
1.94
1.54
4.69
6.11
10.79
4.00
1.45
4.54
20.38
11.36
9.61
4.42
10.64
11.20
3.52
8.07
24.47
5.61
4.03
8.19
4.03
11.20
12.86
8.14
2.53
8.59
3.56
4.60
4.12
12.62
4.58
1.95
6.14
12.22
7.02
1.54
5.68
6.10
3.49
12.31
1.88
29.44
6.08
3.60
5.54
4.11
6.09
5.12
4.07
2.12
33.55
17.81
5.06
4.09
4.64
5.06
9.06
1.58
6.14
3.49
3.54
24.35
15.11
6.16
2.13
22.34
7.74
1.55
4.45
3.63
10.10
4.51
12.23
3.73
6.27
5.09
3.63
12.09
9.06
4.53
19.89
8.67
12.10
1.70
7.52
7.57
3.47
14.77
4.59
14.85
5.07
6.43
4.63
2.46
8.26
6.53
5.02
7.71
33.11
6.23
13.26
10.62
4.10
9.79
5.04
2.97
4.64
14.83
10.71
2.39
9.02
6.07
17.23
5.11
5.10
15.72
13.84
1.55
4.50
4.60
1.49
10.99
4.59
1.50
5.78
5.44
14.30
14.34
10.51
11.05
1.58
21.86
7.66
13.30
15.37
13.05
19.89
9.57
5.46
4.54
5.18
3.55
2.54
18.81
3.66
3.17
5.08
3.98
4.54
20.83
5.03
3.04
3.04
12.77
6.21
2.47
4.56
4.63
2.13
1.49
5.61
9.74
2.02
6.48
2.20
20.24
3.91
1.47
11.04
1.58
3.60
2.18
5.09
2.55
7.63
3.46
14.18
20.33
3.01
8.63
14.19
5.52
15.77
6.13
38.67
2.05
8.55
3.59
4.09
4.97
1.60
1.98
8.17
7.13
10.69
1.51
1.07
5.13
1.43
32.57
6.70
5.03
22.91
5.61
18.30
6.66
17.25
24.42
7.60
1.58
7.59
2.54
9.74
5.11
3.99
25.40
7.09
14.28
16.24
3.05
6.08
15.20
23.30
2.57
8.14
8.63
5.52
2.59
6.06
6.62
7.57
3.53
1.50
7.15
2.59
9.70
2.51
25.42
18.75
12.79
2.42
22.76
1.56
30.55
4.62
5.09
7.15
10.13
3.55
3.15
2.61
2.91
10.78
3.43
13.34
8.21
6.02
6.62
2.56
13.19
2.06
42.10
12.22
3.07
3.56
5.13
4.08
12.29
5.06
11.71
5.44
2.54
11.16
5.45
4.03
13.65
9.68
14.78
2.08
3.60
16.25
8.08
14.28
2.87
4.56
17.86
14.80
10.69
10.24
35.54
2.54
3.53
1.55
17.63
4.10
4.72
7.70
5.58
4.53
5.59
8.60
5.65
5.47
7.12
15.82
23.39
7.20
4.22
7.09
9.25
7.95
5.04
4.17
11.15
16.69
17.70
16.26
2.05
13.89
6.54
11.26
15.80
9.20
9.06
4.65
13.26
12.19
5.09
11.60
4.24
9.10
16.17
4.21
9.79
9.03
19.22
2.48
8.59
2.14
2.97
10.12
2.01
12.33
8.59
1.91
2.58
3.59
6.16
6.68
3.04
1.57
22.44
3.09
8.51
2.07
1.53
5.52
12.71
1.55
6.11
6.61
1.98
7.67
4.06
3.17
9.64
12.24
7.11
4.53
5.47
24.79
2.56
3.62
1.48
6.24
9.61
5.04
7.59
28.48
1.63
3.16
17.81
26.67
22.72
15.31
2.51
10.16
16.37
2.03
2.53
4.57
4.58
13.71
3.02
7.60
2.60
3.67
2.38
18.26
2.91
2.16
3.13
3.49
5.49
2.99
2.06
1.11
11.78
2.63
3.97
5.91
12.16
3.08
11.29
17.94
6.12
2.46
14.67
1.44
8.75
1.51
5.08
16.18
2.24
3.86
7.71
11.13
1.61
1.95
2.15
6.15
15.82
4.08
19.66
11.63
22.26
10.83
7.59
20.34
4.49
10.70
9.27
16.77
5.61
3.97
6.00
3.01
10.74
17.48
13.85
15.27
9.73
4.08
4.42
25.68
12.64
11.67
2.07
7.62
1.52
11.12
2.58
21.00
16.86
3.09
6.17
7.66
18.17
3.46
5.71
5.19
2.54
14.24
5.65
5.01
2.86
13.71
4.19
3.47
13.84
8.07
10.75
14.61
2.37
27.54
4.33
10.65
11.04
22.83
1.63
7.49
10.18
2.03
4.68
12.69
6.50
10.50
2.03
3.06
23.87
6.21
21.98
26.96
4.52
15.15
12.86
13.23
16.69
45.74
6.19
5.16
5.47
6.07
5.13
20.82
27.83
7.55
11.68
4.10
11.73
3.01
7.60
11.81
6.17
3.04
8.33
1.86
13.12
3.51
5.67
2.05
28.89
16.37
27.13
4.61
7.48
6.03
8.70
3.12
21.38
4.47
1.09
1.49
12.21
12.61
6.58
3.48
9.22
1.47
20.27
5.55
9.31
1.91
2.14
9.68
20.84
4.11
10.57
7.63
2.07
5.07
1.57
5.47
14.24
9.60
1.21
30.16
1.32
1.58
23.43
8.63
4.56
1.42
2.23
4.04
16.19
4.43
6.21
16.83
21.25
3.52
12.63
1.99
1.56
12.24
10.60
16.83
7.61
8.68
7.10
4.04
17.31
7.72
3.15
1.94
6.56
5.49
1.59
7.61
5.13
5.58
7.18
9.71
9.09
13.62
3.97
1.66
1.94
13.73
23.47
2.49
9.15
8.67
24.94
7.74
2.64
9.20
7.55
15.23
14.05
14.69
3.01
2.51
1.59
2.94
14.23
23.35
13.77
11.63
12.26
2.53
8.60
9.20
8.69
2.56
8.21
8.06
1.49
4.43
1.08
6.18
6.23
4.64
6.02
1.52
1.44
34.59
1.54
21.84
11.21
5.56
18.86
16.31
20.21
12.05
6.52
9.68
9.22
6.72
18.36
5.57
4.17
4.89
2.97
3.29
21.75
4.54
9.18
1.55
3.45
2.92
9.18
3.20
10.09
1.55
7.69
1.94
5.14
11.25
3.57
21.69
4.09
2.86
10.21
16.11
2.55
3.70
11.32
6.46
6.00
1.12
3.46
5.20
1.95
19.86
10.09
2.05
12.68
22.80
7.57
6.19
23.44
2.11
5.53
24.40
7.09
15.36
6.11
3.58
7.58
3.00
1.48
3.55
1.18
47.80
6.45
3.46
9.19
3.97
8.13
6.58
8.16
2.09
21.04
10.24
12.61
16.31
15.11
7.54
11.52
2.60
5.26
11.81
6.13
4.57
7.09
9.13
15.15
3.99
9.13
5.56
1.11
12.79
2.05
31.57
14.23
13.74
9.23
2.43
3.94
10.16
8.06
9.62
2.11
1.63
8.08
10.24
1.55
8.19
21.38
8.08
5.07
5.03
1.64
10.11
8.13
3.57
41.11
16.29
6.58
23.50
12.23
5.66
6.55
5.12
11.06
11.57
4.68
4.61
2.48
5.00
2.57
7.08
3.49
6.70
12.25
8.66
19.29
16.22
2.59
11.65
17.25
9.17
8.26
4.61
7.68
10.67
12.17
9.20
4.11
6.11
13.66
14.19
2.08
2.58
5.06
4.66
6.11
31.54
3.99
24.92
17.83
2.17
1.40
12.76
2.50
6.68
6.09
2.98
9.13
3.53
16.27
2.18
16.27
3.68
5.96
16.59
8.19
28.40
1.05
3.54
20.95
5.15
8.14
7.57
10.22
2.98
3.05
12.69
4.54
26.42
2.02
4.96
16.83
4.01
9.29
4.68
3.06
24.91
9.09
1.98
2.57
1.53
16.96
31.14
22.96
2.47
16.71
13.01
5.18
7.12
16.69
17.88
4.64
5.66
9.10
11.03
10.59
11.71
1.52
2.03
30.93
3.48
6.11
7.52
1.92
2.19
5.12
19.42
2.06
3.55
4.03
3.55
8.08
4.13
6.60
2.08
15.68
6.05
9.06
12.23
5.70
4.02
4.46
9.13
9.15
21.98
1.97
4.54
1.55
15.79
2.03
2.01
7.57
20.80
1.54
0.96
18.43
23.48
16.54
4.53
4.50
6.04
2.94
7.52
8.24
2.43
1.97
17.78
2.53
2.01
3.65
15.25
1.98
34.69
42.69
3.05
6.60
3.41
7.60
2.02
6.20
8.71
12.19
1.97
3.76
5.46
47.91
13.17
4.06
8.08
4.60
1.42
12.24
6.15
5.55
4.54
8.74
19.25
2.89
6.20
14.73
2.60
13.82
2.95
17.79
14.22
4.56
1.98
15.19
4.59
14.76
6.04
2.05
21.75
18.90
4.50
16.27
1.16
6.15
16.37
1.58
8.20
2.53
3.06
2.93
2.06
17.17
5.95
11.88
12.78
9.53
5.20
6.18
4.99
5.55
9.17
12.28
1.54
42.05
4.71
4.10
4.60
3.70
18.26
27.47
2.43
1.06
14.31
5.65
1.39
6.13
3.00
5.93
1.51
1.66
4.15
8.69
5.10
2.55
9.49
2.03
4.96
7.61
7.00
9.72
12.30
9.19
2.14
4.90
1.13
16.29
10.69
6.53
2.11
43.86
13.01
2.56
6.12
2.54
2.60
14.26
8.57
17.24
23.20
6.66
10.20
8.59
2.51
10.16
3.10
9.23
13.21
13.23
17.31
7.62
3.57
4.61
7.58
15.19
7.67
19.38
2.89
4.54
1.46
5.14
2.51
5.71
5.51
7.64
32.99
1.03
5.64
42.83
2.45
2.14
3.57
23.35
3.05
28.97
2.16
1.92
6.06
13.71
1.55
10.11
7.60
2.53
5.14
3.14
3.47
19.63
17.34
10.21
2.43
0.96
36.49
1.56
17.31
2.10
3.03
10.19
10.35
4.00
5.56
10.77
4.02
24.38
3.48
8.14
5.05
2.57
22.89
3.51
1.48
18.77
14.74
31.24
6.62
2.44
7.22
10.02
8.12
3.05
10.64
8.51
10.17
9.25
18.92
13.57
14.67
22.42
5.68
5.13
2.68
11.60
1.10
9.19
2.01
3.12
1.47
1.65
12.05
10.72
13.07
1.60
18.32
6.15
1.48
24.29
3.54
2.11
1.50
25.16
7.71
16.30
8.72
5.52
1.57
7.54
5.63
2.41
4.07
5.00
6.56
11.70
6.06
17.43
22.67
4.15
1.60
5.95
1.55
10.62
4.05
16.84
8.04
6.71
9.17
12.17
2.08
9.36
16.86
1.78
11.17
10.28
3.63
2.55
2.39
6.10
8.67
26.29
12.83
7.10
29.53
3.04
1.65
9.06
13.80
38.14
3.28
10.65
2.37
5.68
14.14
3.04
12.21
8.58
19.39
14.23
2.15
5.10
15.81
1.99
7.10
8.02
18.27
1.89
11.30
12.94
4.45
10.83
1.41
7.65
6.67
8.27
23.50
11.13
23.79
1.55
11.06
9.11
31.39
8.72
3.68
4.51
6.16
10.74
13.55
4.05
3.14
8.67
5.04
18.85
15.17
13.23
5.00
6.68
2.48
6.05
3.64
13.81
2.53
6.54
5.22
21.49
13.04
10.81
12.19
27.32
3.04
8.08
2.48
4.60
1.40
2.01
7.64
3.08
1.60
2.05
6.16
3.49
2.11
1.59
24.44
1.51
7.10
1.50
6.56
6.12
4.48
4.04
11.16
12.67
17.41
3.44
1.99
12.23
12.22
34.61
7.65
2.06
2.04
4.20
3.18
3.50
4.61
6.54
3.45
18.37
5.76
2.53
10.71
6.01
1.50
1.53
7.67
1.83
8.55
5.22
1.42
17.30
15.78
6.64
7.21
4.55
7.14
3.65
5.57
22.40
22.30
21.86
7.65
10.66
4.50
8.99
6.20
1.96
20.86
11.44
1.55
5.97
2.51
19.25
12.21
6.14
20.26
7.16
3.44
2.64
29.54
62.53
2.97
2.58
3.71
11.22
18.35
3.03
8.56
12.16
15.75
1.10
25.81
3.54
3.12
1.91
21.03
18.13
17.84
7.21
17.11
2.05
18.22
33.15
6.71
47.31
6.58
6.60
1.07
4.59
6.54
13.82
3.51
5.06
1.54
5.02
6.18
24.90
2.00
15.69
20.33
5.27
15.41
14.56
36.61
6.57
5.08
1.67
25.87
10.12
2.16
7.59
6.05
20.25
8.24
4.54
13.60
11.81
1.18
4.00
4.54
12.13
7.15
2.58
20.66
4.99
6.65
6.02
22.82
3.67
4.10
13.84
9.15
3.58
9.64
2.40
8.22
10.57
1.50
19.42
1.59
4.22
4.93
1.16
4.52
40.50
12.61
1.50
4.61
10.18
7.12
1.99
4.06
3.59
10.75
16.27
6.15
9.03
6.72
16.31
14.34
3.02
10.04
9.11
7.57
2.72
2.19
4.71
1.93
5.39
3.01
11.13
7.22
5.58
2.95
17.39
1.41
5.66
4.64
1.49
22.87
1.96
1.55
5.57
4.56
5.57
10.05
27.11
10.68
12.68
4.16
10.68
1.47
8.63
2.11
12.31
21.27
12.14
8.67
5.61
8.53
12.59
1.58
17.36
5.14
2.45
5.16
4.59
1.60
10.14
15.81
1.42
23.38
2.47
3.47
2.01
16.15
1.63
3.95
9.18
4.70
3.99
5.69
11.18
22.39
2.60
4.57
7.53
10.65
6.59
3.05
4.07
8.69
10.10
4.14
7.52
7.67
1.35
10.68
4.65
2.60
9.14
4.59
3.93
4.56
39.59
2.46
3.06
6.93
8.70
3.01
2.02
7.48
8.05
3.90
