4.25
2.87
1.98
3.51
9.02
3.00
1.00
1.00
4.00
1.00
0.51
0.50
6.50
1.00
2.02
13.88
2.05
0.27
8.48
10.51
13.01
2.51
1.99
0.50
1.00
4.00
1.01
3.49
12.00
6.52
8.00
6.99
5.00
3.00
3.01
0.50
7.99
13.02
1.00
1.00
3.04
2.47
1.50
4.51
9.51
8.25
1.04
2.26
2.98
2.51
7.53
2.96
1.01
14.32
4.50
2.51
2.49
4.08
3.81
7.56
7.00
4.07
8.08
2.59
3.29
3.00
12.11
7.49
3.06
3.52
3.10
12.07
11.09
4.57
8.10
9.64
4.16
9.56
2.42
6.54
3.71
6.64
9.07
4.39
3.54
4.01
3.12
9.52
8.21
6.51
3.65
2.37
5.42
2.58
8.01
4.12
9.04
2.49
10.56
3.52
4.03
12.19
12.66
4.03
12.70
3.15
15.15
2.50
11.66
7.89
2.59
4.66
13.41
4.76
2.95
15.71
7.31
10.47
5.49
13.87
4.38
5.29
2.97
3.36
3.56
8.36
4.50
4.63
6.09
2.31
10.39
4.37
3.64
4.14
2.98
9.61
4.56
3.18
5.47
7.97
6.11
2.49
3.64
11.63
4.02
3.33
7.60
3.87
5.31
4.63
6.66
5.27
10.52
4.00
3.03
3.34
10.16
6.24
3.81
3.35
4.26
9.65
2.82
8.71
6.85
3.54
20.46
9.66
20.77
15.40
6.45
9.81
4.50
8.09
16.19
19.63
16.93
5.95
8.36
4.53
13.67
5.93
9.53
9.84
5.89
3.20
3.87
6.43
4.16
10.27
8.88
7.69
6.97
3.91
11.54
4.06
4.39
7.51
3.52
4.38
3.50
7.06
3.69
3.32
5.97
5.62
6.24
3.14
2.97
4.48
6.39
5.24
7.72
5.39
12.19
3.58
5.86
11.61
3.92
5.75
4.89
4.05
4.05
3.69
4.99
3.69
5.77
11.71
14.57
7.60
4.88
4.03
3.48
6.94
16.93
5.24
4.28
3.08
3.06
2.90
3.06
5.02
7.79
15.11
3.95
3.00
2.98
6.50
2.53
14.69
10.98
3.54
3.18
8.06
5.56
13.38
5.78
4.41
5.28
6.16
3.93
7.07
5.28
10.03
4.11
4.43
5.24
6.27
5.49
19.21
12.12
4.90
4.10
4.09
3.94
9.72
5.86
8.65
6.40
4.02
4.32
13.05
8.72
4.93
6.32
7.21
4.88
3.29
4.89
8.00
5.70
11.92
4.64
10.96
3.55
3.93
3.64
5.51
4.46
5.20
3.88
7.59
4.97
7.12
4.73
8.87
3.34
6.20
3.79
6.82
12.39
6.72
4.40
11.66
8.84
3.01
11.66
3.75
3.50
4.35
5.45
13.30
4.13
31.90
4.16
4.02
3.55
3.53
21.64
3.63
3.18
3.68
8.27
3.38
4.75
8.13
13.31
4.32
6.37
5.59
6.16
14.80
6.71
8.06
3.89
4.03
3.72
3.92
3.32
3.57
4.64
12.50
3.42
4.53
9.23
3.53
4.67
4.03
3.44
5.80
6.47
3.09
7.75
6.70
4.27
3.28
3.72
8.13
5.63
3.40
7.09
9.48
5.79
8.19
17.77
4.88
7.56
3.74
5.02
15.71
15.12
11.68
36.93
4.14
4.64
3.59
7.53
30.58
6.51
4.92
8.73
5.00
5.36
12.91
8.09
6.03
5.05
6.08
3.97
7.46
3.92
9.47
12.87
3.35
9.05
3.34
6.98
5.06
4.72
2.98
4.69
9.14
4.82
10.65
4.60
5.92
6.02
7.76
6.28
5.11
5.09
11.22
10.51
6.18
9.57
8.47
12.72
6.96
11.73
5.71
4.59
11.13
5.52
4.65
8.25
4.72
10.18
3.81
3.92
21.92
6.16
14.59
7.04
9.25
3.49
8.10
9.52
6.63
6.61
3.60
4.03
5.10
6.76
8.35
3.50
6.56
5.73
7.99
4.50
5.84
8.56
12.16
4.52
3.60
3.54
5.55
4.16
4.77
4.24
4.46
6.89
9.07
4.10
5.45
12.13
7.65
8.78
4.53
3.56
7.07
5.97
5.07
6.80
6.22
4.46
4.49
8.03
5.62
3.86
5.21
6.80
8.77
4.82
7.03
5.12
6.64
4.16
7.62
10.17
5.32
5.23
7.13
8.85
17.17
3.21
6.19
10.23
19.99
6.53
4.60
4.60
4.61
13.17
3.86
4.01
7.87
21.28
6.56
9.82
7.03
9.04
7.99
5.18
3.52
6.96
3.07
7.09
5.36
5.84
3.36
12.84
3.65
11.55
3.34
6.03
6.66
9.81
5.01
12.16
7.27
9.09
5.14
13.61
8.73
4.82
3.35
8.79
4.66
3.92
5.91
10.76
12.75
20.82
4.04
4.67
5.44
6.94
6.64
4.84
5.73
6.95
4.07
3.28
3.68
3.51
6.78
12.39
5.25
6.16
4.22
4.06
17.99
8.29
13.83
11.33
4.79
6.74
21.15
4.31
3.51
8.66
7.50
20.79
3.41
4.62
3.38
9.54
4.20
6.72
3.72
4.44
4.53
9.19
5.31
4.56
5.54
5.65
3.40
5.12
13.86
6.03
9.81
7.01
9.23
8.17
8.61
5.23
5.48
4.44
5.11
6.12
4.95
11.42
9.22
12.76
10.40
5.94
5.35
4.20
3.98
8.60
3.54
12.60
23.68
5.17
5.60
5.55
6.71
7.74
4.85
4.89
13.60
3.39
3.93
4.86
12.67
5.36
4.22
17.47
3.33
3.42
15.67
38.82
14.42
7.58
8.35
4.09
4.46
4.33
3.59
5.01
3.05
4.19
18.36
18.36
4.46
3.57
10.45
12.41
5.23
14.36
3.71
4.99
5.70
11.84
4.40
5.58
5.14
8.81
5.28
3.53
5.77
3.52
4.40
6.81
5.00
5.04
3.64
3.94
4.13
8.69
23.78
9.51
9.44
7.70
4.16
3.57
7.17
9.27
5.96
6.91
14.46
3.49
8.15
9.15
7.00
8.89
6.13
6.01
5.31
15.84
3.31
5.37
7.02
4.83
4.03
10.27
6.79
4.94
6.10
12.48
3.98
4.62
3.44
29.45
4.13
6.05
5.12
6.79
7.19
6.68
7.92
13.58
5.10
8.10
3.58
8.31
7.54
5.91
11.26
3.89
4.18
3.98
4.51
9.99
10.06
14.09
8.49
4.69
10.04
9.69
5.58
4.08
4.67
4.45
6.16
13.14
7.23
3.53
18.59
14.19
10.07
3.14
5.74
6.62
7.07
6.01
3.57
7.06
26.60
5.57
4.54
8.38
21.23
9.79
3.64
3.97
10.64
9.50
4.95
3.29
3.59
6.62
6.69
8.31
9.59
4.13
6.43
10.14
6.64
10.18
8.40
3.52
3.38
9.22
11.49
3.40
5.07
3.25
3.52
14.21
5.68
5.30
7.13
6.44
8.27
10.15
7.22
3.90
8.16
4.32
4.38
5.27
4.38
24.39
3.45
4.48
4.22
5.88
4.76
3.14
14.80
3.53
4.59
3.62
22.72
10.73
4.32
5.00
5.72
9.93
7.43
4.04
3.68
3.47
7.92
3.45
10.08
5.66
7.76
3.62
4.22
7.66
7.64
3.52
4.55
7.61
4.35
9.84
23.65
5.87
9.52
9.00
7.67
3.88
3.45
19.41
7.25
10.64
5.47
6.37
7.65
3.60
8.72
4.48
5.37
4.86
9.90
4.18
4.34
5.44
7.73
4.11
3.21
3.67
12.17
3.57
4.68
4.62
12.78
3.92
7.66
3.66
7.91
3.87
4.62
8.62
24.91
3.99
5.52
8.66
5.49
3.98
3.92
5.98
3.73
8.18
3.59
8.56
16.00
8.57
9.12
10.66
5.65
6.24
4.96
4.03
4.08
6.98
3.46
4.07
3.94
12.57
9.10
4.66
6.14
4.09
11.26
5.62
3.71
13.79
3.84
7.64
12.39
6.30
3.34
3.91
6.98
4.04
3.53
9.02
4.60
6.26
4.07
6.16
8.89
11.23
5.23
12.67
14.39
10.44
3.57
10.74
8.07
5.70
5.20
5.28
6.00
8.63
11.75
4.99
5.07
12.59
3.26
3.71
3.82
6.02
14.30
8.87
5.99
5.81
9.83
5.50
11.34
7.09
6.54
4.92
4.21
3.12
6.02
4.58
8.16
3.52
7.07
3.53
11.66
5.71
5.99
3.64
6.65
15.68
16.79
4.99
3.62
3.51
3.52
4.59
9.19
10.94
6.15
4.49
4.97
5.92
8.21
7.47
16.81
4.93
9.01
6.62
7.26
4.37
8.31
10.82
6.10
5.61
19.17
14.25
6.16
8.22
8.12
25.76
5.66
4.22
4.60
4.92
3.93
4.54
5.40
4.27
4.29
6.59
8.51
6.95
3.90
13.13
5.01
10.23
4.05
21.02
12.24
8.71
6.19
6.22
4.02
7.07
5.59
11.60
4.24
13.62
5.52
3.19
7.02
10.55
11.79
18.98
12.83
13.40
9.81
14.88
10.89
13.14
26.16
20.49
10.70
11.17
13.80
11.12
12.00
11.39
15.94
12.06
21.21
13.25
14.98
10.90
13.02
13.18
15.07
10.14
12.42
11.52
13.12
12.51
15.49
17.94
12.03
19.36
23.17
10.24
11.59
14.21
12.14
20.74
12.24
18.26
11.58
23.26
10.70
13.79
15.22
12.45
16.81
13.45
15.86
14.48
10.50
10.21
11.28
11.01
10.48
10.66
10.88
16.54
12.92
16.50
10.74
10.81
19.27
13.45
10.29
18.35
10.82
12.28
10.74
17.09
11.24
14.99
12.44
12.51
10.96
10.90
10.29
10.82
10.57
14.26
15.90
10.55
11.87
15.44
11.74
14.16
10.39
10.22
10.87
11.52
13.34
12.44
11.82
20.08
13.43
26.40
11.58
13.31
17.40
16.02
11.28
13.58
10.82
10.11
12.35
13.71
13.28
14.26
14.87
11.02
30.64
16.30
10.79
18.48
10.30
19.76
33.71
9.81
9.84
13.96
10.88
10.88
11.19
11.55
12.62
15.28
20.31
12.79
12.43
10.94
10.83
12.06
37.62
12.69
13.51
20.97
10.21
23.02
10.03
10.42
9.78
10.94
13.87
17.23
12.03
11.76
13.09
36.48
15.44
10.90
26.16
11.54
15.53
10.79
14.91
10.90
11.96
11.83
13.54
11.05
13.45
31.57
10.69
12.99
16.67
10.90
13.29
10.80
15.16
13.36
11.34
18.08
10.46
14.09
10.20
19.67
16.50
15.79
16.38
12.58
10.38
14.88
11.90
10.56
11.07
9.84
13.19
13.96
13.30
10.28
12.76
13.82
17.16
10.51
14.29
11.72
12.61
16.26
13.46
15.06
20.72
24.93
11.28
10.01
13.95
14.68
11.39
10.24
11.36
26.04
10.53
13.04
23.00
17.14
16.88
12.81
14.88
17.08
14.51
11.13
9.88
14.87
21.87
15.13
11.31
10.74
10.94
16.00
11.17
17.01
13.28
10.08
11.51
13.01
18.47
10.49
17.32
14.20
22.45
21.57
17.83
10.86
14.24
16.95
12.62
10.22
20.37
9.84
11.98
19.11
11.52
11.53
12.60
13.87
10.61
10.52
10.37
16.85
19.52
16.91
10.13
14.71
16.77
15.20
14.11
20.75
22.24
11.39
16.34
9.87
11.28
14.72
10.38
11.36
21.89
12.05
10.69
18.16
18.74
12.11
10.65
12.42
13.18
12.46
10.16
10.75
26.66
10.90
20.87
12.34
9.90
13.08
12.50
19.34
15.66
18.91
30.34
15.18
12.62
10.88
11.44
33.94
11.06
17.65
21.01
21.20
11.01
24.82
11.42
13.48
10.46
10.74
16.98
24.39
27.51
14.16
10.22
11.52
12.67
22.89
13.34
13.46
20.80
12.00
15.54
12.66
16.23
10.35
11.88
14.33
11.85
13.81
12.68
20.98
10.50
15.92
12.92
20.78
12.43
13.73
14.45
11.39
12.80
10.38
15.67
10.85
18.54
12.48
23.83
12.93
16.18
23.02
10.90
10.97
13.10
11.75
20.45
10.35
11.62
12.35
10.17
15.88
16.03
11.20
18.16
14.08
12.90
17.64
10.13
10.36
16.02
11.18
13.04
11.53
10.13
13.07
16.82
18.59
10.08
13.78
11.48
10.74
15.04
14.13
25.23
26.99
12.11
13.13
10.72
16.93
25.12
18.81
10.39
12.14
10.19
16.80
10.81
14.84
14.45
11.08
10.35
12.26
10.35
17.53
14.11
10.27
18.14
14.30
11.72
14.40
11.94
10.40
13.52
10.29
11.28
18.55
16.17
11.69
13.58
14.02
13.73
13.47
10.56
9.84
20.69
10.65
23.70
27.28
14.98
13.79
10.37
10.97
16.21
15.27
10.50
16.78
10.38
17.28
11.04
15.18
11.92
10.93
12.80
10.37
11.95
10.99
12.74
18.66
13.54
12.46
14.56
12.37
15.95
12.54
10.37
11.71
12.90
16.86
18.75
16.56
10.31
13.70
10.58
11.74
17.44
22.27
14.18
11.13
12.03
13.71
12.40
11.92
21.38
17.36
15.81
10.64
12.04
13.38
20.83
10.54
16.05
41.78
11.74
14.87
12.11
11.36
14.46
12.29
12.77
16.13
15.57
23.10
20.13
11.39
10.21
16.00
14.03
11.07
12.90
10.50
12.93
11.26
13.88
16.78
14.14
15.56
12.26
10.23
9.86
12.24
9.85
15.85
25.29
15.99
13.08
14.45
10.99
11.15
11.94
16.05
10.81
16.11
11.96
17.31
10.83
11.29
10.14
14.56
10.79
13.51
12.42
14.33
14.49
14.84
14.71
9.86
12.13
14.03
10.37
24.03
11.41
10.99
18.19
11.97
13.06
11.06
14.20
12.27
12.08
26.14
29.12
10.80
9.86
11.28
12.67
14.88
10.31
12.78
10.74
10.72
10.32
23.38
24.03
10.88
13.85
13.20
10.44
13.44
17.87
15.49
10.72
15.55
15.22
11.83
17.89
10.89
10.08
24.72
10.88
24.68
21.81
13.76
17.12
24.08
19.21
9.84
11.92
23.31
12.16
14.95
11.41
17.37
10.45
12.77
10.35
14.17
19.37
14.56
11.94
10.40
12.04
9.84
11.89
10.57
11.46
15.78
12.13
10.20
22.03
18.53
11.86
11.12
16.16
15.02
13.63
10.59
11.25
10.29
23.43
11.36
12.61
17.74
13.98
10.08
12.43
19.42
13.47
14.24
15.57
14.52
11.41
16.87
11.40
12.31
17.24
24.13
12.06
12.69
11.44
10.37
11.03
13.20
15.39
18.82
11.71
10.73
11.39
19.82
17.31
15.31
22.39
12.61
11.88
20.43
12.29
12.30
12.46
12.02
18.51
10.83
10.52
10.40
15.18
12.90
10.45
17.73
23.57
10.06
17.27
11.49
16.61
11.42
12.26
13.98
11.74
10.96
14.21
9.77
11.30
10.15
14.00
27.75
15.55
16.45
14.83
16.65
12.61
10.52
13.76
10.86
9.82
11.42
10.45
10.88
12.48
11.55
10.54
14.18
19.18
11.71
13.27
22.50
17.60
16.03
14.08
10.88
11.65
12.53
9.86
11.55
12.19
16.08
11.63
10.35
15.67
15.04
19.29
11.40
13.09
15.43
14.77
16.32
13.82
10.00
16.13
16.29
14.05
10.45
16.03
10.86
10.91
11.01
17.92
9.76
11.39
16.43
19.38
10.88
16.65
11.95
21.00
10.35
10.27
12.93
13.48
16.65
24.13
11.38
23.55
11.84
19.49
11.09
16.93
10.03
14.86
13.47
12.72
11.70
10.86
10.22
15.79
10.24
17.62
23.15
14.11
17.58
14.61
19.54
18.50
12.61
11.73
11.90
11.87
13.04
12.40
11.18
23.99
11.42
19.03
23.52
13.49
11.76
17.12
13.15
10.32
10.55
21.77
20.19
14.00
12.98
10.96
11.66
10.74
16.38
29.10
13.97
18.20
11.03
20.99
17.37
11.68
33.55
11.52
13.22
15.80
10.14
10.40
17.46
11.89
10.42
18.09
10.36
14.99
16.08
13.32
20.47
11.92
12.20
10.73
12.95
13.81
10.88
16.64
10.77
12.86
13.59
16.28
10.88
10.37
19.49
11.08
11.20
10.59
17.02
16.25
12.96
29.52
9.84
14.12
14.53
12.17
13.57
11.50
11.51
12.21
12.63
10.64
13.25
17.55
10.64
13.88
12.56
11.68
10.77
10.86
18.39
12.80
10.54
12.57
11.22
11.08
17.74
13.47
12.41
11.17
10.37
11.42
16.34
14.51
14.77
13.77
13.99
14.34
17.27
11.39
13.15
12.17
12.22
18.13
16.40
11.12
11.00
13.30
12.07
11.32
10.74
13.85
11.29
21.39
10.18
12.96
12.38
10.25
27.07
12.56
11.11
10.63
13.97
14.25
15.39
16.58
16.34
14.38
21.76
10.40
12.21
10.42
14.89
19.10
11.72
17.00
13.14
18.26
10.62
14.18
16.21
13.79
10.46
10.09
10.08
10.40
13.99
17.30
25.99
16.06
9.77
15.43
19.40
15.89
13.08
16.71
11.27
16.80
11.87
9.84
12.13
16.54
15.92
18.59
10.58
18.44
10.77
15.50
15.34
13.07
11.89
12.16
19.71
43.74
10.30
17.61
14.53
11.16
12.45
10.72
12.67
12.21
11.07
11.80
12.72
14.57
10.51
12.38
14.28
18.95
16.06
11.18
31.79
15.94
14.77
14.39
12.99
13.50
11.61
12.37
10.74
12.40
13.39
10.40
19.09
17.49
10.35
10.67
12.19
10.74
10.37
13.75
11.13
10.88
10.41
10.27
11.66
13.94
18.47
15.28
12.03
14.69
12.91
16.82
11.40
10.91
15.38
12.28
11.09
23.69
15.72
10.75
12.66
14.48
15.82
11.06
10.64
17.97
11.36
15.15
15.71
16.16
11.16
25.52
10.09
17.09
13.36
10.51
10.83
11.13
10.50
16.20
13.38
10.24
12.68
14.93
12.98
16.96
13.45
11.09
10.91
11.38
14.56
15.52
10.76
12.16
14.33
11.16
16.84
14.00
10.76
10.64
11.90
15.51
11.27
13.01
12.17
14.22
14.00
10.98
10.16
17.68
21.41
13.94
12.77
10.36
17.21
9.85
10.74
10.84
11.14
11.46
11.77
14.48
10.18
22.36
13.40
16.46
21.66
11.07
13.46
13.11
10.60
12.92
15.22
9.75
11.33
18.26
10.64
15.15
11.97
22.38
10.35
11.12
18.58
16.81
10.40
16.10
12.76
13.45
12.01
11.63
11.17
11.55
11.76
15.18
18.52
17.41
10.86
21.65
14.00
12.59
12.74
20.48
15.43
10.10
16.56
11.72
27.72
10.22
14.66
21.30
16.22
13.12
16.05
20.21
11.92
12.05
15.15
18.74
14.08
13.74
24.77
16.24
11.14
14.18
11.26
12.45
11.02
14.00
13.05
13.28
11.76
11.23
10.55
18.08
11.08
11.69
10.96
15.37
20.89
11.07
12.99
10.08
22.39
13.47
15.56
15.04
10.44
16.05
15.29
10.10
10.83
20.76
13.94
10.77
17.09
10.74
13.87
16.75
10.08
11.04
15.79
10.62
14.57
17.85
12.21
14.76
9.89
9.95
10.75
18.67
11.16
10.60
10.69
11.63
20.76
12.48
16.92
13.52
16.96
14.40
13.10
11.06
18.20
11.36
20.55
10.19
20.84
10.47
10.40
11.08
28.56
12.61
9.87
17.43
11.93
10.94
24.82
11.49
13.46
13.74
11.31
10.70
12.72
10.32
18.87
12.23
17.15
11.47
10.08
21.65
10.64
10.93
13.77
10.70
10.11
18.24
12.11
11.51
10.42
11.44
12.38
9.99
16.94
11.19
11.38
15.88
10.22
12.62
12.74
10.91
11.86
12.24
16.18
10.07
15.49
13.74
13.07
10.39
36.04
17.33
11.72
15.97
22.97
28.36
10.37
10.25
16.34
10.99
11.60
9.83
13.49
25.63
9.79
12.04
13.49
19.24
10.52
16.86
10.49
22.36
10.27
14.21
10.23
9.89
21.67
9.80
13.95
10.50
13.85
18.08
12.63
17.52
12.61
18.62
12.32
16.36
22.61
25.52
23.11
15.94
15.17
12.25
14.06
16.30
11.07
15.76
17.30
14.08
20.28
10.97
12.47
10.40
11.03
13.08
15.79
14.40
11.99
16.82
17.53
18.96
14.75
11.36
10.22
13.53
12.77
10.96
10.47
19.47
10.55
12.57
11.54
9.87
14.80
10.40
19.46
11.69
12.48
13.08
15.36
10.30
14.35
10.36
10.91
11.90
12.01
11.43
20.23
16.69
14.36
13.44
15.79
10.92
13.05
15.57
10.99
11.44
25.74
18.88
9.86
11.20
12.60
13.52
17.69
10.17
10.90
10.72
16.90
11.47
10.88
10.32
12.45
11.04
15.95
10.21
16.06
11.17
12.99
13.52
16.53
11.24
13.14
20.14
15.63
17.52
12.31
14.16
17.95
10.99
13.27
12.42
12.18
12.78
12.85
11.36
13.61
11.61
18.93
11.99
12.03
13.17
11.16
10.54
17.01
10.42
12.40
19.62
17.60
11.09
13.29
13.28
17.12
13.89
14.78
10.85
23.31
11.76
19.08
13.28
14.83
17.53
21.17
17.38
12.51
10.21
14.93
12.74
12.59
11.90
15.57
10.64
10.96
10.35
13.20
12.82
11.92
9.76
10.91
9.84
11.42
23.49
11.83
16.37
10.19
14.37
10.85
19.45
11.79
11.44
17.30
11.63
12.27
16.51
22.98
29.02
12.18
13.63
15.19
9.84
10.61
10.89
15.04
10.61
18.19
11.66
10.37
10.70
12.37
12.39
15.73
23.82
11.40
12.16
14.31
11.84
12.40
16.01
12.93
35.28
21.92
16.77
10.56
17.04
11.49
12.64
9.89
11.97
12.65
15.89
14.30
13.55
16.98
13.07
11.99
10.83
13.38
11.92
12.24
10.85
16.43
20.73
18.14
15.73
15.76
18.95
13.33
19.68
13.10
12.49
20.87
11.52
19.38
11.70
15.92
10.19
12.22
16.59
11.07
15.94
19.42
34.45
16.79
20.04
15.56
24.27
15.92
11.48
18.51
11.32
23.49
10.74
10.47
24.82
10.90
14.70
10.35
12.45
12.08
16.21
16.57
13.13
10.95
21.34
9.80
11.84
11.52
15.12
13.27
10.52
30.06
10.84
10.90
27.58
13.64
12.25
11.84
13.92
10.37
10.69
22.80
14.01
16.56
11.64
10.88
11.44
14.15
16.10
11.56
11.36
12.04
19.01
26.82
11.53
17.96
10.40
14.53
12.96
10.44
14.78
16.06
16.00
12.83
18.35
15.53
10.88
13.67
11.95
11.70
10.67
11.06
10.67
12.65
11.25
9.79
10.36
15.60
14.16
27.76
13.14
11.84
12.91
12.11
14.16
11.26
13.20
18.04
24.36
14.55
11.00
13.24
15.13
10.29
12.11
17.52
10.21
15.66
20.26
11.14
10.35
19.67
12.75
12.59
23.42
10.94
10.83
13.65
10.37
19.63
23.52
10.67
10.42
11.52
22.42
12.80
11.98
11.01
13.87
13.86
14.02
23.98
14.02
10.97
13.95
11.30
16.03
19.86
21.06
27.53
12.68
23.36
13.99
17.57
11.15
19.81
11.65
14.08
13.95
13.81
18.59
12.56
13.87
19.84
12.43
11.22
11.62
10.61
10.54
13.25
20.38
17.14
10.40
14.67
19.21
18.00
20.56
12.83
12.45
27.63
16.56
17.13
16.37
26.80
21.47
9.88
14.18
15.56
10.67
9.84
10.35
10.57
15.76
12.80
10.96
11.57
11.77
10.63
17.79
10.46
14.08
11.07
11.84
20.26
15.42
15.46
19.73
24.64
16.51
30.32
12.36
12.67
21.55
18.73
17.86
12.14
15.33
10.16
18.55
14.14
13.53
13.12
10.69
13.48
10.33
10.35
11.23
10.88
11.60
11.97
26.40
10.33
14.88
13.48
15.80
12.68
11.93
19.65
14.24
12.29
17.92
11.31
11.09
14.71
12.46
10.80
12.27
9.84
13.16
18.24
10.92
15.03
11.88
15.92
14.08
15.73
18.32
12.16
10.96
11.58
21.19
10.66
21.94
11.87
17.07
12.57
10.35
13.16
19.38
12.77
11.74
13.70
15.24
11.01
11.48
11.94
13.47
12.51
20.27
24.53
11.75
14.90
18.80
15.02
10.29
11.76
10.56
10.80
14.38
11.26
11.52
16.32
14.95
13.66
10.37
18.56
9.85
10.64
14.23
10.16
10.16
12.31
11.87
11.40
11.60
14.26
11.68
10.33
14.78
14.64
16.72
12.72
10.48
13.41
11.51
13.57
13.01
10.27
10.51
12.95
11.01
10.68
18.03
11.22
14.80
13.27
10.58
16.41
28.96
21.79
16.67
12.94
12.58
18.74
27.04
10.62
13.54
10.61
17.50
13.44
9.75
13.54
11.00
14.56
12.72
13.45
9.77
13.48
11.41
17.48
12.46
12.28
17.97
11.78
12.80
11.18
21.61
13.01
14.19
10.90
12.39
12.49
12.19
20.71
11.66
16.80
18.42
11.73
16.08
15.66
11.61
13.57
13.09
15.38
14.43
14.07
11.01
12.59
21.63
14.13
16.38
19.81
15.80
12.10
11.09
11.63
17.86
10.80
12.61
16.16
10.81
12.43
14.13
14.58
19.49
15.87
13.87
16.94
14.71
10.42
10.75
14.75
14.01
13.92
9.87
13.96
12.06
18.16
11.93
16.98
14.08
27.33
16.59
9.76
10.62
11.51
16.15
14.07
11.90
13.53
11.01
15.54
10.55
12.14
10.54
10.68
9.86
14.58
21.78
15.04
9.79
12.86
11.74
13.46
12.39
25.98
12.54
10.76
9.83
17.22
10.61
19.11
13.13
12.24
10.46
12.75
14.55
15.39
11.39
18.88
12.96
17.20
15.41
10.90
21.02
12.69
20.24
12.07
11.44
17.98
11.63
11.38
12.83
16.54
11.21
10.22
12.58
18.21
29.04
10.78
11.59
11.42
10.11
13.11
20.68
10.57
12.56
15.68
22.73
14.01
11.09
13.88
10.95
11.83
14.04
13.95
10.40
18.70
21.38
12.13
18.17
14.13
11.18
9.81
12.32
10.90
14.79
10.70
11.45
17.93
16.99
17.88
11.27
13.17
12.46
10.70
10.29
11.57
10.29
11.98
11.17
17.26
13.41
11.47
17.07
17.97
12.99
12.75
18.58
17.03
11.14
16.46
17.64
13.58
12.98
12.79
19.36
18.94
14.85
13.44
9.76
15.24
12.98
12.46
14.00
10.30
11.10
12.93
18.79
27.47
14.08
14.97
23.15
26.73
13.04
11.79
15.84
16.63
13.01
34.95
15.95
9.87
11.93
16.24
11.38
19.17
13.82
13.06
21.41
13.44
10.03
13.01
27.74
13.12
11.36
10.45
15.52
12.44
11.70
14.85
13.33
9.82
13.04
16.77
12.05
11.52
19.68
12.71
10.24
22.21
14.69
22.19
9.84
11.33
14.37
11.40
10.38
12.45
21.08
15.15
12.99
14.48
16.53
13.00
16.69
13.39
13.12
11.52
15.35
11.46
21.07
10.09
10.51
10.85
13.45
11.02
12.77
13.22
13.26
13.26
27.19
11.30
10.34
10.70
20.75
19.90
14.23
13.94
14.64
13.16
14.30
11.20
13.68
9.88
27.89
11.23
15.39
18.72
14.53
14.80
11.73
14.66
12.83
10.61
14.43
11.60
11.88
13.89
12.78
10.96
13.72
12.64
18.17
10.97
11.16
14.95
11.67
11.66
16.40
13.88
10.23
12.88
10.90
11.60
10.91
15.92
12.43
10.59
13.95
13.49
11.76
12.98
11.26
12.45
18.01
19.15
10.17
12.48
10.03
16.12
16.18
10.27
14.62
27.65
10.37
12.45
12.88
13.53
14.55
9.88
33.02
14.00
16.01
10.52
19.37
21.79
21.56
11.67
10.50
11.40
19.56
12.74
19.72
11.96
14.97
13.66
12.44
14.43
10.21
13.52
18.62
12.78
16.24
16.61
26.18
11.94
11.10
12.16
12.64
10.36
14.50
12.27
12.44
10.39
19.76
23.74
13.23
12.44
9.86
17.49
20.51
11.97
10.93
10.26
10.37
11.90
11.81
12.41
10.44
16.80
12.39
12.12
13.79
9.84
12.76
9.85
16.26
10.56
12.66
10.37
18.64
12.75
12.02
12.74
11.95
22.24
10.84
14.18
12.53
17.46
11.60
11.76
9.74
13.29
12.25
10.90
10.13
12.96
13.02
11.02
11.27
12.82
16.04
10.53
10.32
11.00
9.90
11.88
26.73
11.89
16.68
10.45
14.37
10.90
9.78
12.86
17.07
13.88
18.25
9.79
13.72
13.89
10.37
12.40
11.97
13.46
10.81
18.18
14.00
9.88
10.21
12.25
10.04
23.39
16.43
17.12
18.13
17.73
10.29
10.34
10.80
10.69
10.91
11.10
9.82
16.69
12.04
12.00
11.09
9.74
10.80
12.61
11.42
13.55
12.11
11.94
10.86
10.74
12.13
13.36
40.93
31.79
11.63
11.36
11.60
11.43
13.92
10.69
12.45
18.30
9.85
11.52
10.87
13.33
9.85
21.46
16.48
12.98
9.87
17.61
19.05
12.61
12.47
16.21
13.34
10.19
11.68
14.59
14.99
12.69
10.72
13.99
18.26
12.26
14.43
17.37
11.61
10.50
11.65
11.16
17.67
10.66
12.20
10.73
9.88
19.05
14.75
10.98
15.56
13.81
12.85
11.20
10.80
12.63
13.84
12.91
16.03
18.83
11.73
10.41
10.85
11.13
10.76
15.90
13.03
11.12
14.21
21.00
11.10
11.03
15.52
13.68
12.93
13.02
10.12
10.91
20.70
10.88
12.98
10.47
11.83
10.13
20.41
26.96
16.06
12.34
10.40
13.54
11.25
13.28
14.38
10.13
14.65
9.84
11.90
13.78
10.40
12.13
31.65
14.40
10.89
11.39
18.96
10.76
10.62
13.51
10.56
10.37
14.41
13.62
13.11
11.29
25.92
10.88
11.97
15.45
13.02
13.94
10.47
10.67
10.50
14.01
21.13
11.39
11.03
21.11
10.91
20.26
16.06
10.48
12.93
13.50
13.32
18.13
10.79
11.20
25.94
10.91
14.72
11.09
13.49
16.78
12.51
10.51
24.19
14.30
18.80
13.33
25.57
10.43
10.39
11.44
10.17
15.88
15.71
12.19
25.23
10.21
11.29
12.75
11.49
10.27
20.87
13.90
9.86
12.91
16.60
12.08
23.98
25.28
17.44
10.14
13.83
17.86
18.00
24.41
11.63
17.50
16.59
11.76
10.85
14.11
13.07
25.54
12.71
11.97
15.50
13.04
14.69
16.61
17.31
14.21
11.43
12.45
16.45
17.10
10.03
13.23
11.58
10.96
10.42
21.76
10.62
11.67
17.44
14.49
13.28
13.84
12.18
14.10
15.62
18.81
10.94
10.32
12.72
11.86
29.05
9.87
17.37
15.55
13.79
14.28
13.11
26.61
12.70
14.83
17.12
19.75
18.72
10.58
10.88
13.34
17.45
22.62
13.54
13.71
13.88
15.32
16.00
16.04
12.63
9.89
11.60
9.92
11.20
11.37
23.03
11.14
13.03
12.43
16.54
11.13
13.31
10.69
12.16
11.88
20.29
25.26
9.78
15.56
12.13
11.60
12.09
11.49
14.36
15.38
15.94
10.65
14.01
11.04
12.15
10.74
12.91
14.11
17.63
16.46
11.38
19.37
13.55
10.63
12.09
13.30
10.68
14.01
16.74
14.67
11.89
10.24
9.84
17.27
17.26
19.09
14.70
10.51
11.30
15.20
18.45
15.00
14.35
14.87
36.28
16.85
13.47
10.55
11.62
12.72
12.24
10.53
14.12
13.52
14.75
10.59
15.24
11.57
10.80
10.91
20.83
14.62
10.54
11.14
16.80
11.73
10.88
11.71
10.87
13.04
10.64
15.15
10.25
12.31
16.32
13.93
18.46
21.36
9.97
21.67
15.68
28.74
10.22
9.86
14.45
15.02
9.90
11.71
18.03
11.57
14.48
10.23
10.49
11.76
10.32
10.28
19.35
24.67
11.18
10.21
12.48
12.40
16.97
19.52
12.34
17.73
10.96
15.77
10.70
10.51
21.54
14.51
21.75
12.67
11.97
12.08
14.24
14.58
13.44
11.90
18.19
14.89
12.93
15.92
10.66
9.85
10.87
14.75
25.44
11.25
9.84
10.61
11.20
13.60
10.14
10.70
12.26
10.60
10.51
16.54
13.28
22.87
14.34
12.48
10.32
12.64
18.68
10.37
11.18
10.68
14.40
12.94
13.68
11.43
17.75
11.42
12.14
20.76
10.37
10.61
11.02
15.23
21.74
29.87
11.65
22.93
10.71
10.32
14.71
15.57
10.84
12.04
15.53
12.61
11.03
12.92
13.28
17.01
14.27
10.90
13.81
10.35
13.98
20.68
10.51
20.29
9.83
11.39
13.09
28.38
32.33
12.45
15.71
10.26
14.50
14.42
10.86
15.26
9.86
14.80
11.42
19.50
10.39
12.66
19.36
17.41
19.44
15.76
11.31
14.61
16.38
26.37
15.25
15.09
12.97
12.97
12.35
11.49
10.74
11.81
18.75
16.25
11.18
12.37
10.48
21.86
19.46
15.32
10.70
19.66
13.13
15.01
12.52
19.81
12.82
15.63
10.27
15.71
13.79
14.32
14.21
15.55
10.31
11.23
11.87
15.07
13.58
14.50
17.68
12.37
10.81
10.35
15.23
11.11
10.72
12.21
11.69
11.12
21.49
20.88
14.00
30.22
10.72
21.01
10.88
19.12
24.11
10.82
12.71
10.32
11.64
11.91
20.90
11.18
11.02
11.60
31.09
13.51
14.56
26.24
10.38
11.76
15.28
17.23
22.11
16.77
13.12
10.88
17.95
13.99
15.28
10.03
10.47
12.96
15.04
10.25
10.01
11.44
10.99
20.61
12.27
12.40
11.63
12.31
15.64
11.81
14.01
11.46
15.55
12.21
11.53
16.06
15.70
13.80
15.66
14.29
10.82
18.19
11.44
24.27
15.87
10.85
10.64
10.37
12.45
10.72
14.69
11.61
12.32
14.24
12.32
14.93
11.18
10.63
10.80
9.90
15.45
11.61
9.89
11.55
10.96
15.87
13.36
12.69
16.90
12.55
18.80
18.35
12.08
10.38
14.05
11.56
10.93
29.18
16.41
10.72
10.39
22.74
17.23
21.34
15.05
16.88
10.61
13.99
14.56
21.66
15.36
10.74
26.72
11.60
11.39
11.26
21.49
13.44
17.17
12.61
19.42
12.85
13.58
15.89
15.97
10.40
11.41
13.04
11.42
13.25
32.22
12.05
10.01
18.95
12.29
13.06
10.33
10.33
15.57
10.61
10.38
16.92
15.92
10.57
20.74
11.65
14.99
11.41
12.53
13.52
14.91
12.00
11.20
10.18
21.97
24.67
15.39
11.37
11.95
11.51
20.98
11.38
10.32
10.80
9.85
18.01
11.50
10.85
14.96
15.30
15.57
11.73
13.28
9.85
10.90
14.08
13.99
16.51
12.54
15.56
10.85
11.06
21.78
12.94
16.46
23.55
13.62
10.48
10.35
15.36
16.37
15.59
10.38
12.96
15.66
18.49
10.61
14.69
19.84
18.42
13.71
14.66
13.53
11.43
17.15
10.43
12.27
11.42
10.76
15.94
13.01
12.36
10.89
10.39
13.22
14.93
10.88
19.16
17.52
14.37
11.62
16.88
15.28
14.05
11.28
10.85
12.49
11.41
11.92
10.85
12.68
13.91
21.09
11.41
18.33
18.61
12.02
12.03
11.29
10.93
14.64
28.35
18.00
18.39
22.85
12.02
11.12
10.65
11.29
10.16
10.64
11.41
11.42
12.29
11.39
18.48
10.43
12.05
12.14
11.46
15.95
11.84
9.86
22.32
10.38
11.24
12.05
10.22
28.85
13.91
12.70
14.41
10.92
22.57
10.40
12.00
9.84
9.89
12.55
11.17
20.22
11.94
15.57
22.51
14.28
12.11
19.68
15.65
13.11
11.88
11.35
14.90
22.75
19.20
14.22
14.43
11.08
13.01
11.97
15.84
11.90
10.66
28.61
16.02
10.29
14.80
10.89
10.38
12.40
10.48
11.17
12.85
11.41
16.08
12.95
11.92
19.92
13.68
17.39
14.41
13.84
14.48
15.23
11.04
11.46
11.04
13.11
11.60
10.75
10.53
21.16
12.38
12.77
11.76
13.54
10.66
16.36
26.76
10.25
12.81
11.16
16.42
12.12
17.46
10.51
15.89
17.62
10.42
13.37
11.39
12.14
10.56
15.35
11.71
13.86
21.90
10.37
12.19
15.26
15.31
14.87
21.78
10.25
14.32
23.70
10.62
21.39
12.99
10.21
11.62
10.58
15.17
25.55
10.78
12.06
11.78
10.51
10.16
21.38
11.76
18.56
15.36
15.27
10.57
12.75
12.09
13.34
17.38
18.10
11.28
15.67
10.94
11.46
13.73
17.10
12.49
15.52
10.19
13.32
29.89
10.14
16.30
10.29
13.06
10.21
13.54
12.14
13.72
11.34
10.85
26.11
9.87
17.46
12.69
10.66
13.46
11.90
11.26
15.95
12.58
11.30
13.39
11.36
20.83
10.24
14.91
11.09
11.89
12.27
10.82
17.28
13.55
13.81
19.53
10.83
11.74
11.88
15.20
10.70
16.40
10.72
11.39
11.27
12.26
10.85
12.02
11.25
10.43
12.49
13.21
12.48
14.69
16.72
10.37
13.80
10.21
23.57
16.74
10.45
12.08
15.47
11.13
13.83
17.69
11.27
20.32
18.98
14.17
10.74
11.09
15.97
10.89
10.75
18.41
15.44
10.87
12.31
10.18
13.47
15.13
10.86
9.83
11.79
16.64
10.27
11.33
14.67
11.17
15.14
16.13
17.08
15.65
13.73
10.50
10.54
16.91
16.59
11.04
14.54
22.80
14.12
9.87
16.24
11.07
13.38
11.23
13.73
9.95
13.02
15.71
14.14
11.25
14.88
10.29
16.05
9.87
17.65
11.52
11.47
12.42
11.55
19.12
12.21
18.09
10.95
10.42
13.12
14.49
13.06
25.79
13.70
15.17
11.21
12.53
14.88
15.48
20.43
22.37
19.90
28.60
15.23
11.17
17.33
12.73
12.13
10.53
12.28
10.19
13.49
10.03
12.48
11.33
13.17
10.74
13.05
10.72
12.73
10.72
21.81
17.86
12.14
9.94
14.16
19.12
16.59
10.99
22.56
14.01
15.23
10.21
12.45
13.70
11.94
11.81
31.79
25.39
15.53
16.93
17.71
11.54
11.11
12.40
21.57
11.44
10.38
11.18
11.71
10.35
10.90
11.12
10.01
21.06
10.37
15.79
17.54
15.94
24.50
10.38
11.55
12.24
11.02
24.97
12.46
10.77
10.44
11.97
20.48
10.80
14.61
10.29
10.06
10.40
32.86
31.58
14.34
9.87
19.17
9.87
10.59
11.03
10.18
11.15
10.50
12.50
24.13
11.84
11.66
13.69
11.60
15.29
15.58
15.11
22.58
26.32
12.97
10.59
16.08
13.52
16.80
18.01
18.05
13.17
11.43
13.51
24.28
11.95
16.59
12.30
16.30
9.86
12.55
15.02
10.43
14.02
11.09
24.89
13.57
11.72
15.71
12.00
13.00
11.68
14.56
11.37
12.13
15.15
13.49
11.60
18.35
15.78
10.64
23.09
15.89
12.49
29.69
12.27
13.83
14.08
10.89
18.93
11.67
10.87
12.30
16.34
14.81
17.20
10.56
27.90
16.26
14.11
17.22
13.64
10.12
12.41
12.61
24.16
13.03
21.94
14.24
23.55
24.37
13.49
29.32
12.14
12.96
21.49
22.34
23.69
11.97
11.65
10.29
11.55
23.75
12.99
16.94
10.20
9.80
18.53
11.07
12.99
23.89
10.34
12.42
12.38
10.19
13.53
14.88
17.30
17.06
22.76
11.82
15.39
14.21
14.19
20.61
10.39
13.12
12.97
14.55
9.89
17.54
19.05
10.85
12.00
17.44
22.85
10.72
12.28
13.54
20.77
14.18
10.54
18.14
13.50
10.99
13.78
10.72
11.15
10.70
11.41
12.66
12.08
15.73
10.88
14.74
17.38
18.32
10.44
19.89
13.70
23.92
14.30
12.00
14.69
10.42
24.02
15.97
17.40
12.67
17.28
12.08
13.28
11.66
11.33
16.97
13.87
24.62
10.50
11.28
22.84
17.50
11.30
16.97
12.24
16.56
10.69
10.21
10.94
15.88
12.53
12.61
22.49
11.02
10.90
10.54
13.73
15.58
14.93
14.13
12.99
11.24
13.07
17.23
12.36
18.02
22.72
13.35
17.80
11.76
11.34
10.24
11.55
15.57
14.63
13.84
15.33
16.61
11.44
22.48
11.15
13.42
19.74
11.52
14.07
18.61
19.83
15.79
16.21
21.13
18.32
13.31
10.33
19.88
19.20
12.39
11.18
10.38
13.27
14.30
12.21
12.14
13.46
11.18
12.96
11.92
12.42
19.00
12.16
10.57
17.07
11.71
10.82
10.37
11.33
11.20
14.09
12.21
19.50
10.51
25.79
10.80
23.06
12.32
11.49
14.19
16.77
11.33
23.60
11.25
14.45
14.52
14.48
21.12
12.50
10.65
10.83
10.63
18.61
29.94
10.48
10.95
10.16
20.88
13.68
10.33
18.11
12.11
13.73
16.95
12.83
10.88
13.60
15.56
10.67
11.01
10.67
17.04
11.31
30.15
9.89
11.12
13.61
9.90
11.57
13.78
11.66
10.67
13.22
10.98
12.64
17.87
16.18
11.65
22.27
11.92
14.78
12.69
12.94
10.10
10.16
11.58
13.49
13.00
16.61
10.89
12.80
18.69
26.54
15.63
13.94
17.25
14.48
10.45
13.31
12.49
10.41
11.60
11.48
12.29
11.44
11.07
14.70
13.02
14.03
10.12
10.30
19.51
11.99
14.30
10.85
12.62
15.36
11.31
10.24
12.89
16.46
12.47
24.72
11.79
22.35
10.92
11.25
13.04
11.48
12.92
20.32
14.72
10.59
11.63
10.88
10.41
15.08
16.93
11.75
10.40
14.56
18.05
14.56
15.69
12.91
14.51
13.15
11.69
15.95
11.59
17.84
11.27
9.83
16.40
13.47
11.02
11.23
14.54
13.04
9.92
17.98
16.95
12.74
17.68
13.98
10.67
12.54
14.99
18.08
10.82
11.46
11.60
12.83
20.88
20.27
14.55
10.90
14.72
10.43
11.33
19.02
11.13
13.87
15.03
22.72
9.86
11.18
12.23
13.45
11.44
16.63
11.91
12.16
10.67
14.69
12.96
19.37
18.89
10.74
11.57
15.40
10.40
16.22
15.00
11.19
10.38
14.69
13.74
10.32
16.13
10.50
17.74
19.58
11.41
12.05
26.25
17.49
11.57
10.77
12.29
21.20
17.66
12.06
10.26
11.91
10.29
10.96
19.92
17.89
10.35
11.82
11.82
11.33
11.54
17.84
16.49
16.48
11.15
11.31
22.72
32.43
10.83
18.69
11.49
17.02
19.73
11.66
12.45
22.26
14.54
10.16
27.51
12.90
12.16
13.42
10.98
12.22
11.88
19.35
13.46
21.44
16.94
23.47
10.44
14.40
11.87
11.32
10.98
18.61
13.20
12.68
12.64
10.87
11.48
11.92
10.19
12.86
43.23
9.84
13.49
13.83
11.37
10.29
11.90
11.25
13.47
17.30
19.54
10.35
10.21
10.45
22.06
15.23
16.59
12.69
11.78
16.56
13.61
13.76
11.23
10.88
11.36
11.43
15.74
10.40
10.91
23.09
11.59
37.87
10.89
22.61
11.94
10.59
10.21
16.70
18.19
15.04
10.71
11.18
10.90
14.35
20.97
10.80
18.24
12.50
10.56
11.13
13.26
11.33
19.80
14.31
19.11
10.96
16.62
11.16
14.00
11.24
19.60
12.84
19.49
13.49
12.18
10.35
14.22
10.91
13.97
10.51
11.67
13.77
14.42
12.19
10.23
12.09
15.46
12.00
10.71
11.02
11.56
14.05
15.66
14.63
10.85
16.62
14.70
11.23
10.29
11.87
16.59
10.86
10.87
12.12
11.45
11.47
26.13
12.39
16.51
12.51
12.46
10.13
14.45
10.74
18.09
25.22
11.58
10.42
11.31
13.04
11.65
10.58
18.21
17.07
18.93
10.21
11.31
9.84
11.95
10.43
9.89
10.48
34.56
28.83
15.47
11.69
11.91
10.45
11.15
10.29
16.51
11.91
11.40
10.86
13.39
10.11
10.37
19.75
11.25
10.89
15.16
12.57
13.53
20.93
13.22
10.39
13.68
27.72
10.40
25.46
11.16
11.13
14.94
10.28
14.66
17.37
10.92
15.71
15.06
15.22
14.03
12.27
16.59
10.35
14.35
12.00
10.08
10.51
12.69
14.90
11.26
12.63
23.35
10.51
14.76
10.24
11.95
14.72
12.67
11.57
14.14
13.78
15.92
12.41
15.04
12.94
11.23
9.91
11.62
23.34
10.35
11.44
10.40
13.15
11.42
13.97
9.84
16.10
17.73
14.00
13.04
10.28
10.72
15.30
11.94
10.40
18.20
10.17
12.16
10.08
10.77
10.83
11.92
10.80
16.03
11.52
21.24
18.21
9.79
10.61
13.94
10.51
17.52
17.79
14.64
13.13
14.29
11.47
17.55
16.03
12.99
10.88
10.35
15.60
10.40
12.45
10.78
11.41
11.24
11.57
18.27
10.43
14.03
10.54
14.56
10.51
11.38
10.96
24.08
17.10
16.04
13.31
15.07
19.46
13.18
12.45
9.84
11.20
11.04
29.85
14.66
16.00
16.08
15.45
11.71
13.59
10.71
11.54
10.83
14.14
11.07
15.52
12.16
11.38
12.75
14.46
11.45
10.42
13.30
10.71
12.56
16.30
18.94
11.94
19.01
10.74
24.07
10.24
17.32
11.96
13.47
11.16
13.75
15.05
14.20
13.71
12.98
12.98
9.87
10.38
17.65
14.18
14.18
14.01
16.32
18.11
17.67
10.78
10.35
14.25
12.02
14.72
13.49
15.23
14.95
17.73
10.81
13.84
11.63
13.38
19.68
12.42
10.32
10.29
12.85
11.10
20.56
14.69
10.17
21.50
11.41
18.35
16.80
18.50
42.27
11.98
22.32
9.89
16.34
17.95
10.59
17.79
11.92
14.34
11.12
12.76
12.72
11.06
12.78
12.38
12.69
16.61
20.86
16.70
11.28
13.64
15.27
16.03
14.80
18.30
13.92
11.20
14.75
11.74
12.05
13.82
11.63
15.65
19.80
10.38
11.72
10.21
20.97
12.22
11.55
11.60
16.90
11.42
15.79
10.60
10.88
12.45
14.74
13.09
25.94
17.22
13.36
11.15
14.43
13.90
10.29
13.25
12.85
10.58
13.15
10.56
16.27
16.41
12.98
20.03
16.03
23.72
24.27
10.14
19.76
12.35
13.17
12.42
10.96
10.49
13.36
15.47
12.45
12.83
30.80
16.98
18.00
20.99
10.93
11.34
22.90
22.07
12.94
12.35
13.23
11.89
11.44
11.09
12.37
17.54
10.29
10.57
15.36
13.01
13.41
13.95
11.58
12.42
12.42
11.55
10.76
11.42
14.69
14.74
16.11
12.98
11.47
9.87
12.58
10.65
25.92
13.23
10.13
19.46
16.50
11.69
9.95
26.45
10.71
11.65
15.09
13.33
10.32
12.57
12.28
13.36
12.08
11.15
14.17
19.96
11.65
13.43
13.15
18.42
27.52
11.74
11.74
13.50
11.14
14.37
15.54
12.13
14.05
10.09
10.48
14.93
19.01
13.31
11.38
13.04
12.81
14.86
17.63
11.46
10.66
12.09
11.15
13.67
29.79
15.42
21.89
12.75
11.99
21.25
16.27
26.67
10.56
10.05
11.13
16.23
11.71
18.20
14.20
14.94
9.80
10.36
13.97
16.42
11.90
19.65
19.42
11.84
10.88
23.06
10.85
12.48
10.67
14.06
18.96
10.80
31.90
15.44
17.84
11.04
10.24
10.11
13.83
14.99
12.45
16.08
25.83
12.52
12.79
11.00
14.80
10.88
10.75
10.22
17.39
9.87
11.83
11.36
11.95
11.04
11.06
10.19
14.68
16.46
18.88
14.12
10.96
16.54
12.30
13.65
10.66
18.15
10.99
16.32
16.56
10.24
24.24
14.15
24.91
10.38
15.93
13.97
12.61
12.81
25.43
17.17
22.51
17.10
10.58
10.88
10.90
24.50
14.57
9.85
10.28
15.29
11.50
17.83
10.80
18.07
14.33
11.95
11.97
13.49
13.82
15.87
12.56
11.48
11.12
11.18
25.22
11.41
10.43
11.45
14.64
11.39
11.99
11.28
16.89
20.07
11.47
10.72
14.88
10.42
13.66
10.33
12.45
12.36
22.90
11.68
10.16
12.00
17.66
14.33
11.60
10.66
11.67
16.22
9.85
19.47
17.20
14.15
9.74
16.26
13.90
15.16
12.10
21.12
15.32
14.57
22.75
10.29
12.23
21.81
10.46
13.23
11.11
10.22
10.26
11.20
11.33
13.37
10.92
11.20
12.44
12.26
21.49
13.00
14.49
11.08
18.11
18.32
13.61
10.96
23.60
13.94
10.48
10.19
23.76
13.75
13.41
12.28
10.41
11.21
21.12
14.69
13.70
12.08
13.66
10.89
21.05
9.86
22.21
10.55
17.62
13.41
12.13
14.01
19.63
17.60
18.51
17.95
19.50
13.48
12.93
10.50
12.36
11.72
15.11
14.90
13.28
11.21
10.35
10.80
16.55
10.88
15.60
11.68
11.36
11.99
12.57
11.88
14.45
13.91
10.36
11.49
10.27
16.11
13.18
10.17
13.66
11.41
19.89
12.15
19.33
12.94
11.06
17.64
14.58
12.11
12.52
11.41
17.39
17.17
22.20
11.37
19.71
10.88
11.83
29.46
11.92
11.33
18.03
22.37
15.23
16.24
12.29
17.38
17.14
13.21
13.84
12.59
11.26
16.55
17.52
11.69
14.32
13.50
13.78
14.82
13.57
10.82
14.78
11.39
10.35
16.91
16.26
13.47
11.89
12.93
10.93
11.45
14.01
10.67
10.34
13.71
12.13
11.17
11.24
10.66
17.87
14.62
19.50
14.48
13.27
13.76
14.61
11.40
10.62
11.54
25.66
10.27
12.51
10.63
11.63
21.47
12.76
19.17
16.76
10.28
12.04
10.73
11.52
22.96
13.96
16.63
10.40
12.56
11.37
12.82
12.64
17.60
12.45
12.26
10.41
11.97
12.98
9.84
21.53
17.65
12.16
13.50
11.61
14.16
10.23
20.26
18.85
16.44
17.50
15.07
14.44
16.98
13.84
11.92
10.12
10.48
11.16
11.78
25.25
11.89
21.78
16.26
12.51
12.78
10.73
12.23
14.22
21.41
21.19
28.21
12.63
10.36
12.35
14.08
14.93
35.63
11.72
14.27
11.72
20.76
10.39
17.67
27.60
12.70
12.41
11.91
13.84
15.60
11.77
12.98
12.93
10.88
11.74
10.90
46.63
14.64
12.70
11.76
15.00
13.76
12.37
25.98
11.00
15.60
16.00
12.36
15.59
13.14
15.88
13.02
19.86
16.65
18.42
10.18
11.50
10.46
11.87
17.58
10.35
11.33
11.56
12.15
12.48
11.80
15.24
15.07
12.44
12.84
14.48
20.54
19.00
11.94
13.20
20.43
15.82
28.08
14.85
16.85
9.85
17.64
11.97
12.88
15.30
11.42
14.08
20.21
10.53
14.99
12.75
11.94
19.13
12.93
13.09
13.47
12.14
18.70
18.69
12.16
15.03
25.60
16.61
9.84
10.34
10.29
10.32
15.71
10.91
15.34
10.22
10.91
12.43
17.23
12.62
12.32
14.28
11.91
12.58
10.52
10.40
11.38
10.85
14.39
13.50
10.72
16.86
10.38
17.26
14.37
20.29
23.36
16.98
13.54
10.88
19.84
17.68
17.77
16.35
10.33
10.35
11.28
14.84
12.58
11.43
13.04
15.29
20.25
14.45
17.36
12.27
12.49
10.71
14.00
11.19
14.14
11.22
24.21
10.36
14.05
35.90
12.04
10.59
11.18
19.23
15.17
12.61
19.12
9.91
10.34
9.93
10.59
13.64
27.90
10.36
13.57
11.38
12.44
17.27
17.92
12.14
11.20
25.30
15.49
18.10
12.56
12.52
22.70
28.30
15.60
10.88
11.15
14.36
13.48
10.68
11.56
15.37
16.11
12.82
10.37
13.82
18.69
10.61
11.04
15.18
10.83
10.63
19.79
10.94
11.33
11.60
20.22
10.74
16.34
12.32
11.81
13.98
15.39
11.79
12.42
10.66
11.93
13.39
12.21
15.68
13.46
16.06
10.78
21.01
10.24
14.12
14.03
10.33
12.29
20.69
13.39
13.41
11.26
9.86
10.43
13.73
14.51
13.97
14.00
19.10
12.93
10.62
11.94
16.26
11.97
13.74
19.53
10.72
11.67
9.83
10.93
11.61
21.01
14.25
11.90
14.31
13.49
10.91
12.78
12.27
28.40
11.04
11.53
10.90
24.69
12.29
11.82
11.84
15.46
18.40
12.11
24.03
12.61
10.43
15.62
24.18
12.11
17.91
13.29
14.98
14.51
15.03
11.36
14.85
12.01
10.22
14.03
10.31
10.38
13.16
24.02
11.27
13.80
10.51
13.09
12.46
11.47
15.74
9.82
10.21
12.79
12.13
13.04
9.87
10.40
19.14
18.97
10.86
10.68
21.36
14.05
10.22
10.93
13.23
17.20
13.34
13.34
14.93
11.57
14.56
16.99
13.50
11.63
11.06
12.23
17.76
21.25
17.89
11.91
10.80
10.48
10.56
18.04
17.63
15.85
9.88
16.08
10.67
19.25
10.59
12.92
14.56
13.78
12.93
21.16
10.86
14.88
10.13
20.14
12.16
15.97
10.08
19.65
10.48
27.74
13.47
12.11
17.96
14.08
10.68
16.94
10.76
34.42
15.44
15.31
16.64
10.93
16.13
14.49
14.00
10.39
16.59
12.51
12.49
9.79
12.07
11.09
12.31
14.88
11.36
14.85
11.37
12.97
17.12
17.04
22.34
16.54
10.61
10.90
12.88
22.67
9.82
12.70
10.34
10.21
11.82
10.16
11.15
12.45
19.00
12.90
12.52
12.48
15.97
22.83
19.85
28.40
12.39
19.39
20.42
11.07
11.39
11.22
13.38
16.67
11.77
9.92
10.59
13.93
9.79
10.58
11.00
11.66
21.64
11.12
25.84
13.20
13.56
12.86
15.50
12.51
15.31
10.38
14.64
12.19
10.26
11.70
10.09
20.13
10.37
18.66
12.48
29.71
14.53
19.12
11.76
11.93
13.50
10.93
10.95
11.06
9.82
15.02
15.04
11.73
24.80
10.42
15.35
12.16
15.26
22.19
12.14
11.34
12.99
12.95
23.97
11.60
19.22
13.52
10.81
10.83
10.21
11.07
11.71
19.08
10.23
13.63
11.96
16.01
10.83
12.96
14.50
17.03
11.40
11.92
15.29
13.32
13.28
18.94
22.29
13.76
10.78
13.46
11.03
13.91
12.51
14.30
9.86
18.11
11.07
16.11
17.04
11.36
16.32
20.94
20.64
12.51
12.47
13.36
10.14
13.76
15.17
14.27
11.28
19.01
18.05
17.67
17.78
13.76
10.41
19.00
10.88
10.16
21.94
10.78
27.22
14.35
10.92
11.76
13.33
12.94
11.21
15.15
24.66
13.52
10.21
14.40
14.31
15.06
11.17
18.64
14.11
19.68
14.48
11.29
17.69
19.45
17.80
18.93
11.76
15.98
11.58
11.30
11.76
12.96
11.94
21.81
10.24
11.40
14.44
17.84
10.41
11.64
23.89
13.09
13.09
15.76
16.03
20.79
16.06
18.58
17.48
9.90
10.93
12.97
11.11
17.26
13.31
12.39
31.63
13.26
12.44
11.62
10.97
13.38
18.50
10.71
16.02
16.75
11.90
12.38
10.77
13.14
10.61
10.75
11.89
11.07
19.66
10.91
18.20
17.55
14.18
12.93
16.29
10.90
17.55
16.23
12.16
11.86
11.08
10.16
10.37
10.38
10.91
14.80
9.86
11.43
16.38
10.27
18.73
14.90
11.01
10.88
10.46
15.73
16.20
13.30
11.31
12.93
25.42
12.59
10.33
13.63
22.45
20.55
14.79
13.42
11.85
21.20
15.83
13.75
10.89
10.17
18.66
24.27
12.42
10.72
11.69
11.39
10.92
26.24
17.94
16.06
19.36
17.10
11.68
16.34
11.66
12.99
15.28
13.62
16.56
18.69
10.32
13.31
14.54
15.09
15.18
14.99
12.93
16.89
10.45
12.34
6.54
13.56
7.34
5.20
4.68
4.08
5.27
5.01
4.13
4.17
6.01
4.63
14.34
15.81
8.08
12.33
8.45
5.92
14.91
6.37
8.82
5.26
12.50
4.49
16.24
6.74
6.09
5.92
11.00
5.54
5.95
5.40
5.42
7.61
5.52
9.77
8.09
5.72
7.08
8.81
5.04
8.06
8.03
13.09
6.57
6.42
7.09
6.15
5.22
3.43
3.66
4.14
9.71
5.53
10.56
9.51
9.60
8.82
10.23
8.26
4.01
8.60
13.81
3.21
8.55
4.17
4.00
16.36
12.97
3.82
6.55
3.35
7.16
9.56
12.58
3.46
6.26
8.14
4.72
3.92
4.02
7.00
3.88
10.70
11.62
7.77
6.52
18.51
3.87
12.44
8.13
7.36
13.26
17.03
18.11
4.60
13.80
13.57
3.59
5.79
11.33
8.33
12.51
14.84
8.44
3.60
8.30
4.58
12.29
3.52
9.20
3.26
10.89
5.96
6.81
10.07
4.99
5.95
6.69
4.65
7.55
12.49
8.49
5.07
6.26
8.06
2.96
3.81
12.27
7.04
3.50
4.93
8.03
6.63
3.39
7.89
3.12
8.05
5.10
5.09
3.26
7.10
3.55
22.39
5.75
8.39
6.05
5.39
3.38
4.76
7.77
11.76
10.99
4.46
8.70
4.68
5.40
4.66
6.27
11.06
8.09
4.10
4.56
10.31
4.27
8.18
3.42
3.63
3.68
3.51
13.10
4.74
8.61
7.02
8.05
8.21
4.55
5.70
7.34
7.17
5.59
7.59
3.57
5.92
10.46
8.83
8.44
12.59
4.06
5.04
9.41
4.00
12.28
6.80
3.88
10.64
7.07
3.56
3.39
5.51
5.64
4.22
5.32
4.39
4.28
7.20
6.88
5.68
4.91
7.69
4.96
9.71
6.12
4.70
5.99
5.57
12.61
7.55
8.17
6.08
11.36
13.80
4.02
5.64
4.10
5.54
4.99
8.12
8.20
5.54
4.01
4.09
3.65
11.09
6.12
7.73
12.74
7.01
16.86
6.25
8.92
3.29
6.21
4.74
4.83
7.08
5.72
7.62
4.30
8.91
4.36
20.33
3.69
3.19
5.73
5.68
11.96
15.25
4.90
8.22
7.93
6.48
5.26
8.61
5.09
4.16
5.91
3.92
3.30
7.63
6.46
10.20
7.09
6.75
3.60
4.05
6.01
6.63
13.70
6.55
5.39
3.76
5.74
5.15
3.43
9.13
12.19
10.20
4.02
8.70
5.33
4.01
13.05
2.97
8.51
9.36
11.81
6.45
3.90
5.86
10.84
5.58
3.96
6.20
14.95
5.08
5.22
8.20
5.49
20.09
7.49
5.25
4.53
3.77
10.78
5.55
7.54
3.52
3.75
5.68
3.78
9.69
7.16
11.28
8.08
4.72
7.56
5.21
5.11
5.52
15.79
4.60
4.07
5.58
6.54
4.46
14.78
4.87
15.79
3.04
4.12
16.74
13.24
5.95
8.21
5.62
6.59
3.31
3.68
5.29
14.03
3.54
5.17
10.21
4.71
3.52
4.53
5.43
10.10
3.60
5.12
6.48
5.05
3.76
9.71
11.61
3.50
3.00
12.06
4.56
7.64
4.49
15.14
15.34
23.15
13.63
13.83
16.13
10.75
10.27
13.15
11.78
12.14
11.92
10.26
16.66
12.27
22.59
12.88
10.13
15.53
9.86
9.93
13.76
12.57
10.60
16.91
11.32
35.96
11.36
17.06
13.07
12.92
11.95
15.05
31.33
15.23
11.62
10.35
15.61
15.68
14.85
10.64
14.23
10.11
12.99
16.58
10.98
16.34
11.18
12.88
13.84
13.78
11.64
10.38
10.54
12.32
10.08
13.31
12.98
18.32
19.81
10.30
15.12
14.84
11.60
11.45
20.64
13.44
18.63
13.36
13.59
14.27
13.77
11.41
28.94
13.69
19.70
16.34
12.14
16.39
10.49
10.67
15.93
19.36
11.24
18.04
23.68
15.64
19.90
12.84
12.77
11.20
14.62
17.27
14.00
10.42
10.14
17.21
12.40
12.72
13.88
12.81
10.87
12.59
12.92
23.55
12.80
10.69
13.59
13.48
10.62
10.14
11.31
11.76
19.80
11.15
15.39
15.60
11.62
11.20
12.71
15.86
15.40
14.89
16.06
12.44
11.72
13.57
9.84
12.10
11.28
13.33
16.65
11.20
15.66
13.49
13.37
11.25
15.31
12.40
13.63
10.11
11.51
11.43
10.78
23.59
11.17
9.87
10.57
9.87
18.12
9.84
16.05
13.75
17.70
15.15
15.05
12.64
10.11
15.67
23.38
11.59
14.78
10.73
13.52
12.45
15.38
22.71
11.20
15.76
20.75
12.65
12.08
11.15
11.51
10.41
13.84
10.42
14.64
21.71
11.95
14.00
10.52
15.69
17.07
10.19
10.10
10.31
11.66
19.84
11.14
17.08
14.86
13.79
17.67
12.18
12.88
11.41
10.10
15.28
15.85
13.50
10.03
27.00
10.34
9.84
13.54
10.90
10.64
15.22
17.34
11.39
19.50
11.89
10.67
12.53
11.81
12.34
10.77
11.23
10.85
18.22
11.28
11.37
15.63
13.70
12.55
16.79
14.05
19.09
12.24
19.61
15.85
14.38
15.01
10.40
10.11
26.15
17.46
13.49
12.52
10.75
13.58
11.76
18.83
26.32
13.15
9.89
10.66
17.67
11.65
12.27
12.35
15.86
11.87
17.98
11.97
10.11
19.37
10.74
11.75
12.31
17.36
12.59
12.32
12.29
10.91
20.65
10.90
15.44
10.35
12.66
10.28
12.37
15.63
10.72
31.60
18.26
12.75
11.60
12.56
13.47
10.77
11.39
18.92
16.37
14.63
11.08
12.14
13.57
13.92
12.53
10.32
12.40
22.75
10.69
22.59
13.89
10.94
13.61
14.53
12.21
15.99
20.60
12.70
26.85
22.24
15.01
12.83
10.61
12.92
20.83
10.03
14.52
11.79
13.04
11.25
16.24
11.54
18.67
12.31
11.93
10.31
13.32
13.66
17.26
12.06
9.83
9.85
34.57
29.07
11.30
11.64
13.62
10.70
10.62
11.25
10.71
11.14
12.59
12.40
26.64
13.17
14.25
10.36
12.14
10.90
16.68
13.14
14.61
11.58
14.37
12.46
16.11
17.63
15.81
9.91
10.62
14.67
17.29
11.17
15.28
16.19
12.75
14.46
10.60
10.37
12.66
10.35
10.48
11.03
11.60
29.58
10.08
16.06
11.39
12.45
11.30
11.25
10.33
12.96
20.62
12.74
14.82
12.86
20.40
15.48
10.18
10.32
12.87
11.76
9.87
12.90
16.85
16.55
11.82
10.62
14.33
10.18
12.64
14.71
18.00
18.53
15.02
14.52
10.62
12.99
10.39
10.43
12.98
10.79
14.64
9.87
10.69
15.58
9.87
12.54
11.32
15.52
15.36
11.56
11.67
15.34
11.02
12.53
10.88
11.15
11.52
10.39
11.18
11.76
10.37
20.43
17.86
14.90
20.48
18.67
9.81
21.89
11.68
13.63
10.88
14.83
10.51
14.75
11.39
11.72
11.90
15.22
9.86
14.67
10.52
11.20
13.64
18.05
13.49
11.31
14.16
13.77
12.86
25.73
15.20
12.99
20.46
12.37
14.33
12.44
14.75
12.34
13.80
10.07
11.04
10.12
11.79
12.82
14.75
14.59
14.91
17.26
16.15
10.67
11.37
15.36
16.96
12.99
11.41
10.70
10.39
14.72
14.50
11.44
10.10
10.53
15.17
11.61
14.78
10.90
13.26
11.50
19.37
22.03
15.12
10.98
12.32
10.60
10.26
14.19
24.32
12.45
14.69
16.18
10.76
11.32
31.15
11.92
10.45
14.85
10.29
13.48
11.95
11.39
10.94
13.22
22.00
25.02
15.33
18.26
10.24
10.89
12.79
15.92
23.17
10.56
11.62
20.64
18.40
11.66
10.76
21.97
10.99
12.66
19.69
18.55
15.49
11.38
12.09
11.31
10.45
24.30
10.59
12.85
22.11
12.88
13.06
11.71
17.38
12.14
11.79
21.35
11.30
18.05
12.16
12.70
14.99
20.62
16.08
16.49
11.28
12.08
14.74
10.82
15.46
11.34
21.76
10.50
16.00
12.88
11.07
18.49
12.11
12.31
10.91
17.38
13.15
7.50
15.23
10.81
10.92
7.97
6.42
4.18
3.39
7.96
4.10
8.40
5.88
3.65
4.58
3.47
10.98
5.43
6.51
3.42
9.18
10.23
4.14
3.39
4.14
7.05
3.49
8.19
3.94
8.08
3.45
6.12
4.14
6.11
15.13
3.00
3.46
5.01
3.63
8.12
4.08
4.01
8.46
15.30
6.32
4.80
5.30
3.51
8.63
8.54
4.61
8.27
5.67
7.49
8.17
25.32
5.45
4.21
5.57
6.62
5.99
6.22
4.76
5.00
12.05
6.68
6.30
11.61
7.19
3.82
7.97
14.78
4.95
8.78
4.16
3.73
4.17
3.29
3.88
4.10
5.74
5.95
5.62
4.43
14.18
10.50
11.34
14.25
12.36
3.21
7.62
5.51
7.03
7.60
8.24
14.58
3.15
5.43
4.23
4.48
7.77
4.59
8.98
3.49
3.11
7.30
11.03
5.69
5.80
6.45
8.80
4.98
8.79
6.54
4.99
5.17
6.61
3.40
6.11
7.28
3.87
5.08
4.63
20.74
16.08
3.97
4.86
12.11
14.08
3.83
3.57
4.28
4.77
3.46
15.16
4.37
7.36
3.23
7.56
3.58
8.29
7.08
10.48
4.75
8.17
11.32
8.53
3.55
15.05
8.86
4.90
19.63
14.61
6.97
4.66
6.59
11.90
10.28
4.63
6.12
4.00
11.14
3.47
3.54
4.94
3.59
3.90
5.51
6.59
4.19
4.77
5.02
3.30
4.69
5.73
9.27
4.21
8.11
12.82
4.34
8.15
3.41
12.23
7.21
3.09
11.85
6.93
4.24
8.72
3.20
6.47
9.24
3.90
11.95
4.75
25.31
3.52
3.90
7.60
9.14
10.39
5.23
8.66
6.22
5.95
10.11
7.68
5.18
7.77
5.80
7.14
5.43
20.80
9.79
7.54
5.55
3.72
7.03
3.84
11.51
7.71
6.01
8.78
3.98
6.40
8.86
3.39
7.49
4.60
9.94
6.11
9.17
4.19
7.15
14.64
5.13
3.45
5.85
8.64
3.60
3.61
4.15
6.46
6.81
5.64
4.71
5.02
7.01
6.68
4.94
4.03
4.10
8.47
8.31
6.53
8.72
4.09
3.97
3.82
16.11
5.83
17.68
3.17
16.72
14.17
5.63
9.53
10.88
10.51
5.35
4.53
9.88
3.16
5.70
8.21
5.23
13.55
6.60
3.24
7.43
3.60
3.94
14.52
6.25
17.34
6.93
6.53
9.02
9.04
19.13
12.73
4.20
6.69
14.12
11.58
5.35
15.61
3.67
13.34
3.31
6.86
3.12
4.56
14.31
8.47
7.62
3.67
16.20
3.13
10.36
4.41
3.91
8.78
10.56
10.88
3.67
10.17
3.63
22.75
4.46
13.65
6.71
3.69
7.80
6.20
11.63
9.13
5.00
4.95
4.16
15.62
3.37
8.11
5.33
3.25
4.45
17.41
3.63
5.70
6.49
10.39
4.78
6.23
5.02
6.09
6.51
6.11
6.56
16.34
3.17
6.63
4.22
6.05
5.47
3.55
12.06
5.65
10.80
3.92
8.62
3.75
12.17
6.18
6.39
12.88
13.73
7.50
4.68
3.70
4.93
7.65
3.90
4.25
3.51
3.19
3.44
8.73
6.46
9.44
4.60
5.22
4.03
8.12
7.06
10.06
5.55
4.60
7.64
3.59
12.64
17.65
9.55
7.73
7.03
4.79
4.13
3.31
5.92
8.24
17.53
9.69
3.38
4.61
4.40
17.74
5.29
3.39
17.70
9.28
6.42
3.62
7.07
7.64
14.01
9.09
3.72
3.45
9.30
4.81
8.14
4.41
8.00
6.27
4.61
3.94
5.79
3.13
8.05
4.48
6.45
5.62
4.48
10.22
5.42
5.79
4.89
4.94
4.71
14.68
5.13
9.70
3.80
11.29
8.39
12.36
4.90
3.59
4.63
4.08
3.66
8.00
4.96
12.53
4.06
7.04
8.65
9.98
5.08
9.13
7.77
6.06
3.69
4.08
4.23
9.19
14.25
4.55
7.02
12.49
5.55
4.67
5.26
3.46
15.89
8.05
3.14
4.29
11.40
4.17
3.85
4.88
5.07
3.81
7.11
3.39
22.00
4.77
8.94
9.82
6.92
4.92
3.61
10.58
5.74
4.48
15.60
17.23
5.04
3.16
4.82
4.10
9.34
9.50
13.47
6.70
11.88
20.58
4.08
7.33
10.12
3.30
12.09
5.21
5.51
6.67
4.65
5.62
6.81
4.78
8.13
7.21
5.77
8.45
8.59
3.84
4.53
7.11
5.07
7.13
11.70
15.24
3.93
19.37
5.64
6.72
4.21
10.89
3.73
5.80
21.33
3.90
9.65
5.07
3.71
15.81
14.21
14.78
4.58
4.49
7.77
5.50
11.80
7.06
3.97
10.98
14.72
9.65
8.74
11.58
4.09
19.68
5.31
4.21
6.04
4.37
5.50
3.60
8.73
4.10
12.91
4.99
3.68
12.64
9.04
5.55
7.68
6.56
3.99
8.14
11.76
14.44
3.44
9.07
13.74
3.41
4.14
5.94
6.60
5.08
7.87
4.41
10.78
8.13
6.04
5.65
4.03
12.95
7.93
4.06
6.75
5.93
4.57
3.56
4.01
3.58
3.63
8.71
8.09
4.00
5.50
5.20
7.65
9.36
12.02
4.59
3.64
3.69
4.19
4.09
10.05
16.32
8.23
4.10
4.03
3.63
4.38
16.93
3.61
4.67
3.67
12.80
10.49
6.59
6.93
11.15
13.44
11.81
8.72
6.62
7.45
7.58
5.38
10.66
4.96
7.04
4.56
3.55
4.59
6.24
5.22
4.15
10.27
12.08
3.97
10.93
5.87
17.26
7.18
5.54
7.49
6.28
3.71
7.11
10.68
4.93
7.85
11.41
15.76
3.80
5.58
6.46
13.78
5.72
7.66
5.45
3.69
3.16
12.99
42.13
16.47
10.54
8.57
6.85
6.09
4.41
7.00
5.73
7.12
6.08
5.02
3.63
4.54
5.98
5.44
9.30
9.84
3.79
6.74
5.35
4.68
8.70
4.30
9.34
4.06
4.84
3.61
6.40
4.05
5.07
8.99
4.16
6.45
9.05
11.73
3.76
4.72
7.03
4.08
6.14
10.40
8.81
5.02
5.31
4.01
3.51
4.11
4.69
5.15
10.76
3.93
4.04
12.02
8.79
10.13
5.32
7.76
5.78
3.94
9.26
19.42
3.54
5.59
6.73
8.10
4.64
8.56
7.42
4.79
6.12
15.71
3.40
4.91
4.03
11.78
12.35
19.28
10.48
4.48
3.87
6.70
10.38
9.55
4.36
7.51
6.56
9.01
4.78
8.44
6.27
4.40
4.58
4.91
3.90
5.86
17.48
10.61
6.31
6.55
8.64
4.04
3.50
4.03
4.00
9.00
4.69
6.65
4.57
7.76
14.61
5.53
5.06
5.15
6.92
4.82
11.66
10.61
5.09
4.76
10.13
14.63
8.38
4.67
7.77
7.20
8.67
20.27
8.55
7.66
12.37
17.91
4.40
10.22
4.14
6.54
4.67
7.54
20.75
4.07
8.05
5.74
5.59
12.21
7.03
4.02
3.50
6.11
3.52
10.51
9.58
3.82
11.36
6.65
5.02
4.49
7.19
18.02
6.51
4.29
16.43
4.17
8.29
6.06
5.31
7.58
6.58
7.17
6.10
6.55
6.99
9.30
4.83
6.29
24.40
4.06
20.44
5.05
5.56
4.80
6.60
10.83
5.00
3.34
5.21
6.19
14.20
16.72
5.99
5.62
7.68
4.27
3.96
6.49
5.74
7.20
8.26
4.90
3.55
4.65
3.38
14.15
4.07
13.73
5.08
3.62
4.47
14.38
4.55
6.25
5.57
8.56
3.32
6.06
4.96
4.76
6.69
3.49
6.96
8.87
5.80
6.26
13.62
3.57
13.34
3.65
17.15
4.90
3.58
8.16
6.10
5.61
10.19
22.96
7.65
3.81
10.62
12.67
9.22
13.53
5.44
3.73
6.67
7.97
8.48
10.69
3.86
3.74
5.58
12.10
11.09
3.97
14.93
5.30
18.70
5.26
5.14
4.29
3.69
7.65
3.85
12.04
5.07
10.87
4.84
19.61
4.57
11.32
16.19
7.63
4.11
9.95
6.85
13.47
4.08
10.05
15.43
12.13
3.96
4.59
4.14
12.70
6.10
10.64
4.39
7.42
4.14
4.38
3.44
3.53
11.36
4.42
8.59
5.84
6.69
4.63
4.29
5.67
6.52
4.65
5.29
5.62
4.13
3.34
16.24
12.58
7.81
9.55
6.19
4.99
7.26
11.25
6.14
14.74
3.43
6.22
5.86
10.90
14.14
8.06
6.81
5.73
3.71
5.87
3.39
5.15
5.24
5.35
4.42
6.22
9.67
4.93
7.11
6.50
4.09
8.41
4.69
12.58
6.11
7.68
4.06
4.98
4.41
4.66
6.67
5.51
4.59
5.64
8.73
6.50
5.58
4.96
3.76
3.98
4.51
5.63
6.68
10.29
8.93
4.26
3.69
8.60
4.69
7.22
5.12
12.96
4.44
3.98
15.92
9.62
10.52
7.16
8.96
8.82
3.51
4.55
9.89
12.30
14.61
3.40
8.16
7.24
9.90
21.37
4.50
4.26
8.62
3.97
8.77
8.96
5.47
12.83
3.63
4.87
4.57
7.63
3.57
3.49
10.91
5.23
3.90
5.91
4.74
3.99
23.55
4.00
5.46
10.11
5.82
10.55
5.64
16.77
7.79
18.85
3.59
4.54
12.80
4.43
4.88
4.34
6.67
10.02
17.40
3.43
3.81
3.72
5.03
18.58
7.10
4.59
6.36
11.30
5.60
4.09
9.40
5.96
6.56
5.49
4.24
10.24
12.67
4.06
3.79
10.18
11.67
4.00
8.38
5.77
7.25
5.98
9.11
3.45
7.14
8.18
4.00
4.53
12.02
5.63
9.17
9.83
4.86
10.57
9.61
11.92
3.91
3.84
13.75
10.91
4.89
4.30
4.36
4.88
7.72
14.45
7.70
16.05
4.31
10.35
4.19
3.65
12.42
14.00
7.44
4.98
5.31
3.64
4.56
5.93
8.27
4.19
4.61
5.97
7.48
5.59
6.64
6.44
5.08
3.95
9.84
3.27
4.95
5.74
9.15
12.43
7.30
10.59
21.85
4.26
11.68
13.13
11.49
6.54
5.33
11.08
4.19
7.84
10.16
5.42
7.57
5.79
4.55
14.87
8.74
4.41
3.61
8.24
4.28
16.22
4.04
6.52
9.39
9.38
11.49
4.05
3.72
7.70
13.51
5.99
6.38
7.18
11.60
4.27
3.81
6.05
4.72
9.76
3.63
8.25
5.40
7.09
7.02
6.42
3.77
20.91
5.35
4.91
10.65
7.78
15.66
4.62
4.70
8.51
8.27
3.51
9.57
5.86
5.26
3.44
3.76
8.64
3.73
4.54
3.99
10.43
4.26
7.49
3.36
5.26
6.80
5.49
12.16
29.67
4.49
13.80
14.58
15.14
14.71
6.51
9.74
15.41
6.78
6.55
12.07
5.21
6.53
4.13
19.48
10.15
15.48
16.02
9.36
3.55
3.57
17.32
4.13
8.78
6.72
5.59
3.36
12.07
4.64
7.51
6.15
3.53
3.84
5.39
13.64
13.69
7.96
9.30
3.75
9.80
3.74
15.49
4.48
7.58
3.46
3.59
5.66
8.00
12.30
11.20
5.16
3.91
4.01
3.86
3.84
5.32
11.14
9.55
10.62
15.19
5.34
5.06
7.40
5.10
12.18
4.07
7.63
10.70
8.96
16.24
5.39
6.16
11.00
5.61
6.67
4.56
5.65
6.81
8.57
4.03
4.25
4.08
5.06
7.18
4.02
3.66
4.65
3.50
5.92
12.60
12.40
4.70
4.77
8.06
6.56
6.64
15.23
8.99
7.24
5.64
5.36
5.93
7.16
4.05
7.03
9.67
11.70
3.78
8.03
6.51
5.67
7.90
7.61
6.17
9.46
10.66
21.08
4.48
5.23
4.48
6.26
6.81
8.42
4.66
6.25
3.86
5.61
12.85
10.26
6.50
19.90
12.37
7.83
5.17
7.76
6.19
7.50
9.44
5.46
7.11
7.36
6.92
9.39
5.12
6.43
3.47
4.89
4.05
6.16
8.60
11.90
8.48
6.00
10.41
5.00
4.34
4.72
19.77
4.64
10.62
22.89
4.23
15.15
3.60
7.18
19.45
3.43
5.19
10.15
5.66
5.04
8.17
7.09
4.86
8.03
6.05
5.06
5.20
5.00
5.34
4.39
4.02
9.37
11.66
13.21
6.97
3.60
4.09
5.47
5.60
3.36
5.89
9.68
4.39
9.47
7.68
8.69
4.16
6.92
7.02
18.89
4.60
4.02
6.02
4.06
4.14
5.68
12.37
7.21
4.30
6.60
5.16
21.91
18.08
4.08
9.04
13.23
18.27
14.65
10.90
8.14
7.97
8.25
3.57
6.30
5.14
9.88
3.68
7.76
10.62
14.97
5.46
7.10
8.68
3.75
6.98
4.45
17.19
4.31
3.59
5.86
5.19
5.60
6.90
4.63
4.97
4.35
4.65
4.73
7.47
23.00
3.10
6.92
7.85
4.75
6.96
7.58
3.59
16.81
7.63
6.71
5.77
7.81
13.13
7.31
25.80
6.92
3.73
3.44
8.68
3.38
3.84
4.58
4.61
4.16
10.63
4.02
12.96
8.54
13.44
16.25
5.39
21.53
5.21
3.57
5.15
5.60
8.58
8.58
4.61
5.65
4.03
3.97
9.15
6.28
8.31
5.25
6.42
3.76
9.64
3.65
3.90
6.57
3.36
8.58
3.92
5.95
4.80
7.55
6.69
4.64
3.38
9.25
13.87
7.12
7.55
8.54
10.11
3.86
4.22
7.09
3.47
7.95
9.49
11.79
10.78
16.85
4.50
19.46
15.45
11.20
7.05
9.49
4.23
6.71
3.96
9.69
6.45
5.49
10.95
5.21
4.32
8.29
4.41
5.57
6.62
9.02
8.55
6.15
7.62
3.37
11.31
12.42
3.81
16.19
8.24
10.67
3.94
4.23
12.27
3.35
4.46
5.13
3.24
3.93
8.23
11.86
7.45
11.68
8.72
4.32
5.27
4.76
4.97
5.05
9.50
4.04
11.53
5.03
5.49
4.00
4.00
12.32
4.29
5.39
6.43
3.28
10.72
4.10
19.95
15.15
4.18
6.30
3.84
9.90
3.83
3.29
12.59
4.15
7.10
16.71
3.45
7.67
6.73
8.27
6.63
3.99
6.07
6.38
5.16
3.76
3.49
3.59
3.67
21.79
7.82
3.64
6.98
3.96
5.87
5.74
8.98
3.64
4.28
11.23
5.46
3.34
6.08
4.28
7.64
6.61
7.44
6.97
19.32
4.52
10.25
7.21
16.78
6.25
7.44
6.33
8.99
13.12
9.38
8.27
11.33
7.87
3.47
3.43
10.21
9.17
6.88
5.62
9.05
7.52
15.25
4.14
6.48
3.89
5.15
7.62
4.64
4.37
8.54
7.77
12.34
6.23
9.04
4.07
4.65
4.97
4.57
3.88
3.71
3.61
9.32
12.42
8.79
8.89
4.14
5.87
26.63
4.33
8.24
6.53
4.97
4.34
7.70
3.12
5.99
9.34
4.79
5.90
12.68
10.51
10.28
9.64
4.72
10.88
7.84
4.14
4.10
7.45
8.15
11.02
9.38
4.21
3.54
13.50
4.01
6.88
3.87
4.26
3.83
7.63
3.43
7.63
6.50
5.33
4.45
3.92
12.51
11.08
6.11
6.42
4.73
6.38
11.24
5.70
4.91
11.12
4.52
14.57
5.67
9.80
5.10
9.26
9.54
9.06
16.35
4.49
8.84
10.59
7.13
4.66
7.42
5.13
11.11
9.35
5.79
3.40
5.06
3.98
3.74
9.00
4.38
7.77
3.41
3.71
5.56
10.61
9.81
3.84
4.68
8.75
8.98
4.35
8.00
9.71
3.67
5.17
4.10
29.65
3.57
8.02
10.04
4.57
5.64
5.31
6.53
3.91
5.78
12.56
15.01
4.63
4.27
10.38
15.12
3.50
4.83
3.10
3.47
5.58
6.36
15.00
8.08
4.80
3.41
7.31
13.02
4.03
4.31
9.22
4.62
3.52
9.04
5.87
4.10
4.80
4.04
5.56
5.03
3.63
7.56
3.49
5.92
7.96
7.35
4.06
17.92
4.58
7.16
5.56
8.08
3.99
3.51
4.06
4.70
10.62
3.86
6.08
3.26
11.39
6.13
6.88
5.93
4.13
3.49
9.22
9.35
8.60
4.17
5.93
4.10
10.24
4.97
4.58
3.72
8.71
8.45
5.18
7.65
19.28
10.22
3.94
7.44
8.55
7.02
3.76
4.94
4.61
9.63
3.51
7.10
6.59
5.98
8.16
8.18
23.95
5.10
4.53
4.66
5.55
7.78
11.21
5.57
9.25
5.36
5.50
4.95
6.76
11.73
3.73
17.76
5.92
6.21
9.18
12.29
8.13
4.53
6.46
6.45
3.52
11.20
8.80
4.07
3.81
12.74
3.92
3.93
11.60
12.52
17.23
8.10
6.38
5.36
7.69
4.24
9.20
6.55
20.62
11.03
6.12
11.84
10.92
5.04
8.96
4.97
5.07
3.45
22.66
6.04
6.06
7.02
10.74
5.61
3.36
8.10
7.19
8.34
7.10
4.05
4.07
3.54
11.84
11.64
20.22
6.60
3.62
12.26
8.66
5.09
6.11
10.59
6.20
6.24
4.91
3.84
5.18
14.06
12.32
8.83
10.43
3.84
3.58
5.71
16.27
10.85
15.55
8.15
6.79
3.77
11.62
4.46
9.55
5.21
5.00
6.66
20.72
3.61
3.66
8.99
9.62
8.19
3.74
8.61
3.19
9.20
18.45
3.33
14.62
9.07
4.78
4.19
7.02
4.59
3.80
6.57
5.84
3.87
3.87
5.72
8.41
4.20
5.67
10.90
6.03
3.74
7.67
9.21
16.84
3.87
4.46
4.17
6.03
4.56
7.59
3.73
10.86
3.31
6.46
5.51
5.47
9.22
7.14
3.20
4.19
9.02
9.20
4.86
14.29
12.80
4.59
3.95
3.62
8.16
4.07
3.33
6.72
3.40
13.57
7.44
3.28
4.31
10.19
9.54
10.18
3.96
12.86
4.43
9.18
6.24
4.82
14.27
4.14
7.96
4.98
9.38
10.20
13.00
11.60
4.91
4.29
6.67
7.04
4.56
5.70
3.90
15.37
6.48
13.18
3.81
3.65
6.35
4.91
8.65
9.04
6.01
22.88
6.07
4.28
10.63
10.33
6.66
6.16
8.00
6.98
11.62
3.87
7.22
3.66
6.10
4.64
5.94
4.65
5.12
4.88
9.14
4.01
3.64
13.89
3.44
4.13
23.77
14.72
9.43
10.03
7.73
4.03
8.06
11.03
5.33
11.80
4.91
7.53
5.46
6.02
8.56
3.78
5.46
4.19
6.58
4.40
7.92
3.51
12.99
5.19
9.47
3.38
22.01
3.69
3.92
7.32
8.93
3.71
3.85
4.96
6.98
6.34
11.27
16.61
5.20
5.76
4.22
5.96
5.55
6.65
22.78
8.61
5.63
5.60
13.23
4.29
5.52
5.82
9.68
11.36
8.47
7.02
5.28
3.98
5.26
8.80
6.25
5.71
4.20
5.27
4.08
4.18
13.95
3.65
9.50
9.19
12.60
17.87
5.10
5.13
7.01
7.98
10.21
4.63
5.66
7.57
8.53
7.05
14.67
6.11
5.54
4.61
5.19
4.37
3.76
11.59
6.36
5.73
4.79
5.88
7.21
7.69
7.01
5.20
5.30
7.22
7.69
18.14
3.73
6.10
12.58
15.18
3.52
4.52
3.87
4.96
5.79
11.11
5.18
4.19
7.61
7.98
7.03
5.55
21.27
4.21
10.25
7.21
3.59
5.12
4.54
4.45
5.23
8.16
6.31
3.66
7.12
18.94
6.65
13.80
3.39
11.93
3.22
11.89
6.29
9.70
8.15
9.02
4.00
5.60
4.06
8.10
9.16
7.70
4.43
11.30
8.72
5.42
4.58
12.00
10.57
4.01
5.48
7.56
4.29
5.62
13.32
5.57
6.64
5.75
10.22
5.46
12.24
17.05
12.31
5.18
9.59
10.72
8.54
3.68
3.99
9.79
3.67
9.22
3.84
11.36
3.80
16.09
16.99
5.92
4.67
4.46
6.04
9.67
15.41
18.72
6.15
4.10
6.48
3.14
5.59
13.10
4.58
6.12
4.09
6.48
3.56
3.51
3.71
4.27
4.00
3.64
8.61
3.42
3.58
3.75
13.45
4.49
6.29
5.38
6.83
5.17
4.05
3.34
4.81
15.21
6.26
4.18
5.81
27.17
7.71
11.06
3.28
14.66
5.15
3.58
3.55
7.73
5.14
3.97
19.07
4.36
4.77
3.64
4.45
10.14
6.03
4.54
8.02
10.10
8.69
12.49
14.26
8.64
3.77
5.09
8.48
4.89
5.67
15.42
9.65
4.40
7.76
8.30
7.29
9.02
4.68
7.65
6.51
5.00
4.22
7.61
5.90
20.00
3.92
5.04
4.83
15.75
3.25
4.31
5.38
4.28
15.25
6.43
3.32
4.91
8.09
7.82
4.03
4.77
3.33
3.30
4.27
6.11
4.37
4.06
8.19
12.78
3.68
4.08
5.12
3.64
3.91
14.26
5.05
3.71
5.06
6.54
15.22
14.08
4.16
4.57
3.50
6.12
10.61
3.38
7.25
15.70
9.64
6.52
4.74
3.68
6.13
7.58
8.35
3.83
3.30
6.22
4.01
3.93
6.43
8.26
4.09
7.09
4.28
4.52
27.52
3.33
3.90
12.01
4.75
3.40
7.62
5.01
3.34
4.54
4.93
17.13
10.17
3.20
17.24
5.01
11.79
4.28
3.34
9.83
3.68
9.06
8.22
16.71
6.68
5.60
5.44
6.30
8.12
10.53
5.36
29.50
6.51
3.54
14.49
13.21
9.21
6.96
5.04
2.99
9.13
4.51
3.92
7.04
8.72
5.90
4.72
5.17
5.98
6.20
7.66
3.59
5.52
9.62
4.95
5.54
7.48
3.62
7.04
11.40
4.14
5.12
4.06
14.47
6.81
9.75
5.84
3.66
10.83
3.43
7.30
6.48
5.48
4.58
6.40
4.05
3.30
4.36
6.65
5.24
15.31
6.44
3.52
4.72
3.38
8.80
3.68
5.95
6.51
3.79
8.15
10.24
3.47
3.93
3.98
5.36
5.02
6.58
6.23
8.24
5.08
5.95
4.58
8.00
5.57
3.26
5.89
7.34
5.83
8.61
6.44
11.27
3.50
12.33
22.81
6.26
13.38
14.58
6.03
8.70
16.67
5.23
18.77
3.63
5.57
12.32
4.66
7.48
3.89
3.81
8.45
3.82
4.67
4.67
15.74
7.07
6.18
11.82
6.66
4.63
3.66
5.31
4.87
6.09
4.76
6.62
8.21
7.68
14.44
8.30
4.28
7.57
13.79
5.10
3.69
6.91
4.04
3.59
6.03
15.55
10.73
7.06
6.20
4.95
13.98
7.69
4.11
11.48
32.05
4.42
9.14
11.94
7.52
4.20
9.73
5.19
12.45
3.62
3.28
7.05
4.29
7.11
5.11
3.94
6.96
20.99
5.43
4.57
4.17
13.33
20.09
5.11
23.32
5.27
3.50
7.96
6.72
7.03
3.84
3.63
4.33
10.72
5.55
6.00
5.76
3.41
7.65
4.62
16.18
23.23
3.24
13.27
3.33
7.49
9.81
4.67
5.10
6.89
8.67
4.89
5.04
7.21
13.60
5.46
5.01
5.07
7.11
4.12
5.49
3.59
5.07
12.63
6.09
10.59
6.71
4.14
4.69
5.83
8.25
3.35
6.67
7.51
7.57
5.64
12.81
7.56
3.84
4.46
4.91
4.27
6.01
15.15
3.64
3.69
8.56
4.65
5.09
5.76
12.70
3.87
8.40
10.54
4.14
5.78
5.72
7.05
8.55
5.16
12.19
3.56
6.20
12.30
3.43
4.15
5.65
4.61
3.05
10.01
4.98
3.39
5.18
3.27
4.70
22.33
4.44
12.57
7.86
11.23
7.43
4.56
6.02
7.10
9.45
3.99
6.96
8.05
24.52
5.26
4.22
4.87
6.71
9.87
8.11
28.83
3.36
7.59
5.60
4.74
18.05
7.76
4.59
4.98
4.13
10.99
9.01
11.26
10.22
4.16
5.31
3.54
5.65
7.22
3.52
4.01
4.53
9.12
6.62
16.62
3.52
12.07
4.05
4.91
3.55
3.76
7.43
12.76
5.14
11.11
4.16
16.33
3.33
12.74
3.89
3.61
5.00
6.66
9.15
4.69
9.78
4.06
3.58
6.06
7.45
8.08
5.97
3.53
11.26
3.86
14.66
3.20
4.24
9.07
15.23
3.77
3.78
7.22
12.03
8.99
5.23
18.15
11.36
4.16
9.02
10.76
9.25
7.98
10.91
10.03
5.98
10.64
5.70
5.47
3.55
3.82
4.02
11.54
15.52
15.41
6.69
3.68
3.47
5.16
5.25
4.62
5.12
6.92
3.09
10.57
15.30
14.43
10.51
12.30
6.56
4.72
6.10
3.65
3.41
8.21
7.46
4.85
5.92
4.99
21.89
6.07
7.06
6.38
19.69
7.61
10.62
7.94
4.44
3.92
3.59
4.87
4.78
3.66
6.14
7.69
6.44
4.16
14.68
9.75
8.94
8.11
9.81
8.75
5.92
9.20
7.63
6.61
3.28
3.93
17.81
3.71
5.48
5.00
7.06
5.48
6.97
3.61
7.71
12.18
9.43
4.39
3.90
6.69
6.02
10.25
5.61
6.03
12.10
13.07
8.12
4.62
8.67
7.12
3.58
5.68
10.58
5.18
7.62
5.44
4.15
7.58
17.08
3.74
3.61
7.26
7.62
8.06
6.64
7.68
29.74
5.62
6.02
15.83
15.10
10.88
18.14
7.92
7.59
3.78
10.31
3.44
10.53
3.96
10.82
11.78
8.74
3.97
6.11
12.73
6.31
3.98
13.74
4.60
11.89
4.49
7.94
6.32
12.22
8.77
8.33
4.43
5.15
8.82
11.50
6.14
19.76
3.95
3.21
7.08
11.23
9.88
6.48
3.62
4.45
4.99
7.54
6.64
10.07
8.06
9.97
3.66
4.88
12.38
7.44
4.94
5.08
4.95
18.86
6.10
4.61
8.46
7.08
3.94
7.75
6.12
8.27
8.46
7.59
7.09
3.93
4.50
5.74
4.11
4.19
9.36
5.28
4.25
3.80
7.23
5.14
5.36
16.32
10.99
8.10
6.72
3.71
4.31
8.63
3.89
4.84
10.12
4.25
4.11
4.66
8.97
4.56
3.67
7.07
12.72
9.51
9.70
4.17
10.63
6.04
6.14
5.07
20.87
12.14
6.11
4.54
12.52
5.11
8.05
4.68
8.18
6.17
12.68
6.06
5.38
10.89
4.91
11.57
7.22
5.27
6.07
6.01
7.75
4.52
13.20
3.99
4.43
5.23
6.59
20.48
3.38
3.59
10.47
5.86
3.28
3.88
7.15
5.68
12.94
3.92
17.36
9.41
8.30
3.31
5.49
3.70
6.79
4.69
3.41
3.40
23.53
3.79
8.19
4.53
4.28
6.13
3.57
9.50
4.90
17.64
8.09
12.92
6.68
11.83
10.91
6.02
4.83
4.85
11.12
14.47
6.22
4.00
4.52
7.80
11.91
11.73
7.47
5.61
4.78
3.74
4.75
8.74
4.75
11.06
3.63
15.12
4.63
10.49
8.11
4.56
7.00
3.62
4.76
6.15
4.48
6.15
7.09
10.60
3.42
4.11
3.66
8.14
6.35
3.39
3.79
5.46
3.60
6.35
7.08
3.86
4.27
7.11
3.93
6.50
7.55
6.21
3.56
4.10
9.93
5.69
3.39
5.45
5.86
14.75
4.27
17.91
16.33
3.55
5.70
6.53
7.03
3.42
9.58
3.38
3.49
5.06
7.27
3.61
11.59
4.99
14.05
4.25
4.72
7.09
5.99
5.65
7.69
13.08
3.58
6.08
4.07
7.03
5.24
4.05
5.57
6.61
7.28
11.12
8.77
4.53
9.60
4.65
8.45
4.01
3.36
8.67
8.63
4.05
4.64
10.48
6.38
5.09
4.24
10.00
7.19
4.32
8.17
11.36
7.47
6.68
5.63
4.62
4.04
5.58
9.66
17.20
4.72
3.67
4.53
4.49
7.51
8.52
12.16
10.16
5.95
8.40
4.14
4.25
6.94
4.20
5.24
4.95
7.56
3.49
15.21
9.91
7.55
5.28
5.92
8.61
9.96
3.63
3.12
3.54
4.52
15.87
4.20
6.95
5.49
4.25
18.23
13.55
9.97
6.51
11.12
9.73
17.04
11.31
7.58
6.02
14.75
6.04
4.72
6.75
10.03
6.83
5.04
4.91
6.28
4.72
4.43
8.55
10.99
8.54
4.16
8.72
5.17
13.82
4.44
4.48
6.01
4.89
4.45
10.79
10.78
10.70
16.90
4.13
6.25
4.27
17.66
11.26
7.70
4.73
5.60
5.06
10.62
9.18
4.97
12.10
3.98
8.58
4.99
3.52
11.34
10.99
3.50
3.44
4.08
4.54
17.16
4.64
3.56
7.20
4.49
5.38
5.57
11.76
5.24
3.92
6.08
3.50
3.47
4.16
3.24
7.97
6.14
6.09
3.38
4.35
3.60
3.37
4.00
5.03
3.67
17.35
4.29
10.11
5.44
7.96
8.75
3.88
5.32
11.42
3.97
3.73
9.61
9.38
5.53
3.58
8.08
4.11
3.48
8.79
5.32
16.21
4.36
9.93
6.65
6.20
4.18
4.90
5.52
8.10
6.30
8.68
7.66
6.53
4.65
3.89
5.71
16.10
15.05
4.19
11.26
19.31
7.25
6.21
3.38
8.37
9.06
4.50
5.44
3.81
6.08
3.39
6.55
10.65
5.54
3.65
16.89
6.08
6.09
5.46
5.34
3.31
8.03
4.05
12.17
4.48
5.01
5.26
5.20
4.34
9.72
3.92
4.19
8.22
5.52
12.29
6.08
7.17
17.76
8.08
12.35
4.37
4.54
9.54
3.77
3.58
9.69
9.26
17.97
5.76
4.36
5.86
4.05
6.20
7.06
9.82
9.58
5.60
4.32
12.73
6.55
3.87
6.14
7.55
8.33
3.62
4.72
7.30
3.39
7.25
7.31
5.23
5.26
10.56
13.51
4.48
8.48
10.85
6.73
5.51
13.47
4.92
10.60
3.54
8.26
3.09
4.60
3.39
4.64
10.41
5.20
3.41
8.20
4.20
4.59
4.09
12.64
11.21
12.91
5.14
7.79
7.84
8.34
4.38
7.51
5.18
4.88
5.57
7.60
10.08
20.42
6.40
5.11
2.99
5.20
5.63
6.54
6.40
20.02
20.59
6.05
3.97
5.68
4.17
5.21
12.38
5.29
13.20
7.97
3.49
11.58
4.15
9.77
3.91
4.12
3.42
9.01
4.39
3.64
3.37
11.72
5.51
4.46
4.89
5.14
6.50
5.51
13.42
8.80
6.53
4.43
5.17
7.29
7.58
7.44
4.63
5.65
7.24
3.55
10.01
4.94
3.51
4.13
6.15
5.30
4.27
15.31
7.52
5.95
14.32
7.20
3.54
3.98
6.08
21.29
23.48
6.24
4.76
8.61
23.89
6.78
3.49
4.05
6.70
5.42
3.55
8.18
4.11
8.29
9.05
6.19
9.09
5.47
7.37
3.61
6.83
7.08
5.12
5.44
8.42
4.76
9.93
4.42
4.64
15.74
5.18
6.09
7.09
23.58
5.49
4.44
4.58
16.90
7.71
7.53
4.49
3.60
17.75
3.97
6.67
4.04
5.57
4.58
4.06
10.38
8.63
4.75
7.99
13.75
5.17
3.59
7.01
15.19
6.03
4.98
10.31
10.15
6.97
13.29
9.27
6.69
5.36
4.26
19.74
4.34
5.77
3.43
6.14
10.30
5.02
4.27
6.21
4.84
4.72
10.86
8.13
5.50
5.94
8.76
6.43
8.66
7.39
5.47
4.71
21.73
6.07
13.82
6.81
4.55
8.13
8.91
8.16
6.82
13.05
3.71
4.52
13.28
6.04
9.17
4.11
7.13
10.76
17.29
6.56
4.02
4.29
8.12
3.44
7.14
4.40
5.42
4.49
4.69
5.16
4.64
3.94
8.17
5.58
4.55
5.13
5.23
11.27
5.14
10.64
4.33
3.78
3.23
5.01
15.69
3.60
17.51
9.18
7.71
6.59
3.49
5.58
4.51
3.77
9.63
6.32
9.27
5.09
10.39
5.06
11.72
3.55
3.96
11.41
5.44
4.61
12.86
9.79
4.95
4.33
3.39
9.05
6.69
10.43
5.65
3.55
3.90
17.82
4.77
7.06
5.60
6.64
10.96
7.97
5.76
9.14
3.39
4.53
4.21
3.66
7.22
14.11
9.63
3.37
4.52
6.09
5.81
3.42
6.65
4.55
9.59
3.83
17.25
8.42
4.96
4.54
9.04
6.60
9.20
3.88
3.64
3.40
8.10
3.55
7.15
4.60
15.13
5.06
6.06
10.93
3.47
7.29
3.64
5.86
3.53
4.52
5.67
3.88
18.00
5.41
4.24
5.00
13.30
10.41
5.98
4.61
5.76
4.83
4.01
4.59
3.06
4.32
5.04
5.87
9.38
8.19
4.46
3.81
3.69
5.04
16.80
4.56
7.86
5.77
10.44
4.82
3.46
6.19
4.22
3.58
7.50
10.07
6.26
8.38
17.36
13.95
17.17
13.54
8.64
6.21
7.76
12.05
7.58
7.33
6.08
5.77
10.67
4.99
13.72
7.62
4.32
6.08
8.92
5.50
10.88
9.63
3.27
8.00
7.80
8.66
5.13
10.03
6.60
6.07
3.71
3.57
3.77
3.90
5.75
4.87
4.28
6.00
6.57
7.21
8.33
3.54
6.75
7.07
9.04
3.63
5.26
4.56
6.74
4.62
10.48
7.35
5.94
4.60
7.31
13.10
4.54
4.57
12.46
6.31
4.27
7.64
6.57
5.51
4.06
8.56
3.52
12.47
4.50
9.70
5.69
4.68
4.90
5.22
7.14
5.34
4.14
11.01
8.38
5.29
17.20
7.25
6.42
6.50
6.07
7.11
3.47
4.30
4.19
4.44
3.32
11.24
6.14
3.43
6.81
3.73
6.62
8.58
6.00
7.69
4.40
3.83
7.86
14.88
9.64
7.79
4.10
5.13
8.96
9.98
8.19
8.10
10.95
6.11
5.20
3.47
4.38
14.17
6.72
7.32
3.50
6.09
4.97
5.85
15.81
10.48
3.50
6.19
4.69
5.68
6.40
5.64
9.27
5.58
10.24
5.36
3.82
3.37
4.15
5.76
7.16
8.61
6.66
3.43
6.03
4.70
5.25
8.16
4.93
4.29
7.07
7.15
4.11
9.76
3.86
6.49
4.33
7.06
3.75
4.23
3.57
4.97
12.06
6.09
3.60
3.75
4.49
7.51
5.97
12.58
5.13
3.68
4.49
7.78
6.57
5.45
7.20
4.52
5.31
4.21
7.03
3.15
4.28
7.62
4.29
4.92
3.45
10.17
11.47
14.27
4.84
6.75
10.13
5.98
8.62
5.45
17.46
3.37
6.62
8.92
5.20
5.28
6.42
10.75
6.70
4.27
11.67
4.30
5.75
9.21
6.52
30.67
3.65
4.72
7.68
7.80
5.02
10.00
4.62
14.41
3.40
6.32
4.74
5.21
4.91
6.12
4.38
9.68
3.86
5.57
5.19
6.53
4.72
7.57
13.44
5.21
3.29
3.27
5.51
5.55
9.35
6.35
4.96
10.81
12.06
3.92
7.73
8.61
13.31
6.03
11.64
6.08
4.09
9.12
6.08
4.08
4.79
4.76
16.64
4.59
3.27
15.39
3.36
10.40
7.51
9.45
12.61
14.13
9.49
5.13
20.76
4.57
6.57
4.21
5.84
8.14
3.52
6.40
12.01
12.25
6.24
4.45
10.73
4.05
10.07
4.99
7.60
13.06
3.40
6.73
3.77
17.51
5.91
4.03
9.20
7.42
7.53
11.41
3.94
19.85
12.35
4.03
4.57
4.58
5.66
4.77
23.24
4.37
10.76
5.27
5.93
14.62
4.70
7.20
10.61
16.40
15.34
13.62
6.52
4.41
4.09
7.07
10.07
11.86
6.07
6.85
3.94
7.68
8.73
3.56
6.61
3.53
13.14
11.71
3.57
3.96
4.35
9.17
5.95
5.18
19.77
4.42
9.68
6.34
5.71
3.88
6.96
8.87
15.65
10.73
3.85
5.49
10.11
5.01
3.66
7.29
13.89
10.71
3.25
7.33
3.36
23.92
5.17
6.90
3.50
3.22
17.22
6.20
8.57
3.56
4.15
12.78
4.49
9.07
6.11
10.32
11.17
6.56
9.07
4.58
3.84
17.36
7.65
3.20
4.53
3.06
4.11
6.43
5.91
12.19
12.56
4.81
5.52
3.73
8.49
3.68
6.91
4.25
5.23
5.02
3.28
10.02
6.30
3.72
5.25
8.53
4.52
4.48
5.66
4.28
9.15
3.98
6.93
9.60
6.33
5.17
7.73
5.72
4.88
6.17
9.66
4.95
6.17
8.58
9.65
11.27
8.07
6.27
8.11
8.57
7.52
3.10
7.20
7.98
6.61
5.31
5.58
6.77
8.80
3.47
5.23
11.92
11.05
3.94
3.68
5.62
9.13
5.21
3.76
6.94
4.73
3.09
3.17
4.69
4.46
5.10
15.12
26.12
3.58
10.74
4.18
5.71
12.29
6.61
5.52
6.16
5.43
6.64
14.41
11.03
3.65
10.72
12.19
17.18
4.05
4.06
3.53
12.01
4.53
24.41
9.75
5.23
8.17
19.03
9.16
15.12
6.92
4.25
4.67
3.39
3.75
7.18
4.68
8.77
13.33
6.10
3.13
13.75
4.62
3.99
3.51
11.06
8.02
3.77
6.20
10.12
7.30
7.24
4.57
16.31
3.44
9.84
3.59
5.78
5.44
12.91
5.43
15.44
13.61
5.39
15.38
5.14
10.31
3.10
10.66
4.56
8.67
6.66
5.37
13.77
5.52
8.43
5.79
8.64
4.88
5.11
3.79
3.50
15.11
4.91
8.66
5.04
10.29
4.33
7.58
10.64
14.98
6.19
5.05
21.26
5.30
4.02
7.01
3.44
6.47
4.38
4.89
8.52
13.79
6.40
3.44
4.78
4.83
6.77
4.12
3.69
7.09
4.99
3.39
5.34
7.21
14.85
12.33
14.77
9.58
11.12
3.83
5.15
6.62
7.11
11.54
8.72
12.06
4.13
6.05
4.01
6.21
4.08
8.09
7.62
6.56
6.14
8.08
3.67
4.32
6.16
5.52
5.30
3.49
3.79
3.62
16.19
13.20
5.18
8.01
14.08
3.65
6.20
7.95
7.84
5.22
15.79
3.36
6.96
7.66
8.58
4.11
4.15
5.01
3.09
9.21
8.05
4.60
6.55
4.72
4.51
3.61
4.57
10.15
8.17
5.63
12.58
12.61
3.63
18.21
5.49
4.49
6.71
4.25
3.75
5.29
8.64
6.66
3.64
6.15
7.24
8.40
8.96
7.45
9.63
4.35
7.91
6.03
13.68
6.62
6.00
8.52
9.70
16.10
4.46
9.29
5.06
5.60
11.62
3.49
5.64
6.70
13.19
7.07
6.00
6.49
7.84
8.42
8.37
6.81
5.96
3.52
4.98
5.56
13.59
13.91
3.49
13.33
4.65
5.41
7.75
4.42
4.10
10.90
11.98
7.49
7.05
4.25
14.85
3.93
18.48
13.32
7.95
19.18
6.64
3.52
4.26
4.37
8.64
12.46
10.95
12.40
6.20
6.81
9.92
5.34
10.13
7.40
4.03
4.91
7.31
4.60
3.90
5.19
4.18
9.69
14.99
8.59
12.94
4.20
6.05
5.81
8.59
3.81
3.45
6.54
3.79
8.97
20.31
11.97
3.44
3.04
9.55
8.52
5.18
15.16
3.74
6.52
4.48
16.04
3.93
6.25
6.01
4.76
4.07
4.28
15.27
5.55
9.52
5.77
5.52
3.47
4.13
8.68
3.74
3.35
10.91
12.79
9.54
3.63
12.05
15.26
22.88
7.27
10.60
3.88
4.58
3.65
16.31
7.52
10.57
6.35
7.25
5.52
4.34
13.01
6.77
8.15
4.58
9.73
3.01
11.24
10.78
9.58
15.51
10.64
4.02
14.28
3.74
4.05
19.75
7.96
4.45
11.35
4.15
7.66
3.99
6.98
6.42
3.54
11.46
8.76
8.99
8.81
7.16
26.36
8.87
5.14
5.24
5.47
8.63
19.20
3.68
3.76
6.62
9.01
4.79
6.76
6.05
18.23
11.80
7.71
6.57
4.16
5.50
14.71
13.46
4.01
14.21
4.10
12.24
3.42
6.40
13.25
9.73
3.49
8.72
7.09
3.58
8.08
12.78
3.15
5.14
8.56
6.04
5.02
5.68
3.82
3.39
3.92
5.38
4.55
3.62
5.02
5.52
4.09
13.82
9.25
5.22
9.97
6.14
5.13
8.54
5.84
3.37
4.20
26.93
5.87
3.98
3.39
8.30
8.87
10.57
11.95
4.20
21.94
7.23
3.66
6.09
4.62
5.58
7.81
11.78
4.04
6.12
9.47
5.00
15.50
5.06
10.57
5.75
4.44
11.63
14.75
9.19
5.14
3.68
17.71
9.07
11.60
5.15
8.17
9.68
3.54
7.17
10.15
3.93
3.55
4.48
9.86
5.39
14.68
3.46
6.45
7.47
4.05
4.69
4.61
8.82
10.03
4.31
31.06
3.48
15.36
4.23
6.01
4.49
5.63
9.12
8.67
3.33
4.79
4.73
18.48
11.41
11.12
4.18
4.69
3.37
4.48
13.50
4.18
5.62
3.95
7.99
5.10
13.27
6.78
3.55
5.81
6.14
8.02
6.06
17.25
3.93
12.54
6.48
4.84
6.55
3.88
3.33
3.33
6.55
10.05
5.57
5.83
3.42
14.74
4.77
9.18
3.94
4.56
7.01
7.07
4.31
8.13
4.20
4.57
9.18
12.60
5.67
3.45
5.16
5.68
7.24
7.94
9.57
12.40
4.25
3.77
6.68
5.42
3.56
3.65
4.54
3.92
12.21
3.86
5.35
11.53
6.44
3.34
3.65
6.09
8.42
5.54
3.62
7.12
4.81
9.47
7.12
16.70
7.66
10.10
11.10
8.21
5.30
7.94
17.64
9.87
6.66
5.18
3.23
11.58
6.21
5.22
5.60
3.20
5.10
8.64
10.27
15.49
9.04
3.51
4.54
12.24
8.05
5.47
18.04
3.94
15.87
14.46
11.93
4.80
5.07
7.50
6.83
3.45
3.41
3.62
19.68
5.07
11.80
3.59
4.52
9.76
5.30
7.35
5.56
4.65
7.44
4.31
12.17
6.12
8.08
6.76
3.41
5.44
4.54
13.51
3.58
4.71
12.20
10.08
4.59
13.97
3.74
5.63
4.37
3.55
6.69
5.39
13.17
3.18
4.25
4.57
3.78
6.98
5.14
4.74
4.74
4.96
3.61
6.94
11.63
4.08
5.17
7.38
6.01
7.01
6.16
4.42
10.14
8.73
3.25
7.34
7.10
10.63
4.99
3.59
11.94
3.29
7.14
3.51
11.53
11.23
4.86
3.51
3.84
3.69
4.58
10.00
4.53
19.38
4.57
6.11
6.65
7.53
5.00
16.31
4.11
9.66
14.36
8.78
9.69
8.52
3.89
4.12
6.77
7.52
9.74
6.08
3.64
3.98
3.40
4.01
5.51
6.68
4.04
7.93
5.71
3.64
10.93
20.25
9.56
8.62
8.56
4.48
4.71
4.60
8.68
5.20
9.11
10.63
4.15
8.90
3.54
3.72
4.11
4.38
5.81
14.48
3.42
3.47
4.70
3.34
4.88
3.85
3.88
6.66
7.53
15.39
5.00
14.37
4.30
7.46
4.63
3.44
6.09
7.51
10.74
9.29
8.70
17.26
4.35
4.45
3.67
4.31
4.64
4.13
7.00
3.27
11.02
9.85
6.92
10.23
9.37
5.91
11.26
4.48
5.32
5.10
8.06
7.19
3.79
7.23
9.22
9.79
23.45
4.48
5.31
6.50
9.17
8.33
5.51
4.11
7.04
7.60
5.39
4.05
3.97
5.33
13.71
6.23
16.21
5.61
3.48
15.56
3.92
7.36
10.45
8.63
7.57
6.29
4.69
7.17
5.47
4.52
11.54
13.27
3.06
18.52
8.17
4.87
8.70
4.94
9.75
13.26
10.12
7.09
3.55
6.62
5.10
3.30
4.04
12.67
4.54
4.61
9.28
5.52
4.38
8.64
8.53
9.64
11.17
4.19
5.12
9.28
4.51
14.42
8.56
5.21
3.49
5.39
5.56
4.50
10.16
3.97
12.35
5.65
6.24
12.17
10.69
9.94
5.57
8.24
4.72
10.13
11.15
3.45
6.50
17.03
6.14
11.60
4.00
4.11
12.52
7.33
3.44
4.28
4.58
4.17
10.62
5.58
9.12
7.63
10.11
3.29
9.95
4.04
8.08
5.27
3.44
3.66
16.03
7.64
3.47
6.32
9.85
8.92
4.24
12.13
3.40
3.61
8.57
15.24
3.44
4.99
3.29
19.52
6.56
3.48
3.96
5.24
8.07
6.18
8.62
9.58
9.87
7.06
3.22
10.89
5.90
3.58
3.43
5.21
3.97
4.12
11.80
5.04
8.09
6.29
30.13
3.92
3.00
13.46
3.84
8.05
5.59
5.38
4.87
8.09
7.75
3.68
8.60
4.99
4.52
3.63
5.15
9.07
3.61
7.12
4.01
5.16
5.16
8.71
6.47
4.55
5.23
10.05
4.02
7.75
4.13
4.09
5.29
9.00
4.55
3.86
8.79
11.29
9.18
7.66
8.30
6.62
20.29
6.04
6.35
6.22
9.27
10.98
12.26
7.25
10.53
4.49
3.82
4.50
3.94
7.04
10.24
3.25
6.50
13.76
3.57
6.24
3.63
6.19
15.26
3.41
5.06
8.11
7.90
8.59
10.36
12.72
4.07
21.59
6.31
4.14
3.61
4.73
19.23
16.60
7.73
5.45
4.08
7.58
7.30
6.66
6.62
5.11
8.39
3.76
4.55
4.38
10.72
9.57
4.28
5.05
17.23
7.73
20.58
4.22
8.16
19.90
4.75
3.76
4.44
33.92
4.79
7.23
3.29
3.38
3.78
19.46
7.69
13.18
8.00
4.00
13.60
3.64
5.84
10.78
3.38
3.87
8.21
15.20
7.11
3.84
5.49
18.76
4.68
8.21
12.40
6.06
3.57
6.43
3.55
7.63
20.31
6.79
9.05
15.87
7.48
3.62
8.11
4.54
5.23
5.35
7.90
17.87
6.64
11.41
6.71
6.03
15.63
9.29
11.54
3.35
5.78
4.57
4.10
4.35
5.51
5.06
4.61
6.06
5.78
4.44
3.55
4.31
10.00
8.69
3.23
11.18
7.70
11.30
8.29
3.60
3.52
12.87
4.11
4.74
3.38
6.58
3.20
5.64
16.27
7.17
3.67
5.20
8.44
8.41
5.09
5.62
5.80
4.69
4.06
5.66
7.53
5.55
13.63
4.59
12.48
5.61
5.15
3.61
5.52
4.85
11.85
4.86
26.52
3.49
10.66
3.45
6.57
5.22
10.29
3.81
3.62
3.62
4.34
8.61
10.54
3.18
4.18
4.82
6.51
3.73
3.53
3.30
8.83
18.42
7.95
3.61
5.38
4.06
5.89
8.13
3.65
5.76
7.31
4.48
5.95
4.15
11.18
7.63
3.53
8.66
3.66
13.12
4.01
4.86
4.92
3.78
7.15
5.83
4.20
4.06
11.47
3.26
4.42
5.70
9.06
3.37
5.49
4.60
16.41
7.06
3.49
22.35
3.41
6.64
4.77
3.60
21.92
5.89
12.70
4.76
10.67
8.05
7.04
4.16
6.65
7.10
6.84
5.24
4.24
6.64
6.66
14.71
3.52
12.07
9.20
6.06
16.33
6.54
5.23
5.05
3.96
5.57
4.92
4.04
4.67
7.70
5.84
13.49
4.45
7.69
3.81
13.56
5.48
10.45
5.85
10.07
8.87
4.35
5.11
3.67
10.29
4.90
3.32
8.63
8.56
3.96
5.99
5.16
5.64
5.67
10.79
7.05
3.65
7.54
7.93
14.58
10.51
5.25
3.59
5.44
4.70
6.54
13.20
4.59
7.14
13.05
8.73
11.07
3.19
3.18
5.44
8.98
5.69
3.89
6.94
5.95
6.38
4.93
4.30
5.12
5.14
5.99
5.37
4.72
7.18
4.73
4.47
8.13
7.08
3.52
6.51
3.98
6.05
5.95
29.24
7.26
9.24
10.45
4.43
10.71
3.23
3.47
5.24
7.45
5.42
7.73
5.09
5.17
6.62
8.21
4.48
7.19
3.87
8.22
4.27
16.28
3.95
6.13
3.71
4.18
3.31
4.54
4.71
16.61
5.87
7.56
4.14
15.19
3.73
4.64
6.27
5.95
7.70
4.77
6.10
4.43
5.07
3.71
7.10
9.76
12.06
4.87
11.84
8.79
7.21
4.03
3.39
14.27
5.36
4.57
17.35
7.23
5.37
5.00
13.20
6.60
6.96
9.48
11.82
7.36
13.66
7.29
8.06
8.05
4.07
5.60
4.47
6.25
9.36
17.11
6.16
5.37
3.42
4.82
3.58
6.98
7.73
20.48
3.41
4.50
11.16
7.04
5.19
5.37
5.63
4.25
13.71
8.08
9.88
8.03
6.80
13.28
6.69
5.02
12.95
12.05
4.08
5.01
5.71
6.64
6.41
4.44
4.29
3.47
11.25
9.39
3.97
3.48
11.12
9.59
4.12
3.84
4.57
14.63
3.88
4.08
3.57
3.68
9.12
13.28
4.19
6.66
10.59
23.26
5.01
12.50
5.99
8.01
9.80
5.26
18.43
7.56
6.48
15.04
7.31
3.28
5.17
6.51
3.67
8.14
11.10
9.71
6.74
4.98
3.66
10.53
6.21
3.45
5.17
3.39
6.69
3.39
16.32
3.31
6.19
4.93
4.11
4.20
5.06
4.43
5.10
14.19
6.91
3.64
6.72
5.85
5.49
5.06
7.67
4.05
6.05
4.10
3.56
5.58
14.34
6.29
5.48
3.47
3.33
4.87
6.51
12.64
9.07
4.71
6.11
4.53
6.67
7.71
11.82
11.21
11.59
3.92
23.92
6.24
7.06
9.61
4.64
3.90
9.66
9.78
4.38
10.90
3.48
11.50
3.88
11.81
7.58
4.43
4.31
3.55
5.53
7.12
6.43
11.67
12.21
7.74
4.11
7.12
7.52
5.15
8.08
7.92
7.63
7.50
4.69
5.62
12.26
7.59
3.55
7.25
6.13
9.18
9.71
5.07
4.35
3.79
4.80
13.68
4.31
5.07
9.17
4.32
3.53
3.41
28.99
9.28
9.08
13.82
12.53
9.32
15.80
4.26
4.97
3.49
6.47
4.82
6.06
3.72
5.06
3.79
8.59
7.37
8.79
10.66
4.40
5.89
5.18
3.44
5.24
6.45
6.06
3.99
3.71
3.60
3.95
3.60
8.05
5.29
12.28
3.46
7.53
3.89
6.65
6.00
8.61
5.79
4.10
3.10
6.39
12.31
6.27
5.48
3.37
3.35
5.99
5.13
3.55
5.70
4.76
5.60
6.68
5.00
6.54
14.67
3.97
21.19
7.65
6.70
9.86
7.14
4.38
15.99
3.39
5.08
6.16
4.68
7.00
8.43
5.57
7.74
3.20
4.52
4.04
14.91
4.64
3.53
10.23
11.41
7.15
7.17
7.00
10.06
4.26
7.60
15.39
5.28
4.31
4.91
14.73
9.61
4.11
11.35
12.15
3.81
6.50
5.90
4.54
3.57
11.98
3.06
8.05
6.30
3.71
4.16
37.33
5.53
9.12
6.46
7.62
3.50
9.06
8.24
5.11
3.45
13.42
7.17
15.26
7.04
7.66
5.70
6.98
7.28
5.81
3.95
3.93
10.73
3.42
3.67
3.32
7.60
7.96
4.87
3.73
4.18
7.73
5.09
5.11
5.57
17.85
21.10
8.15
8.50
8.54
12.81
3.84
4.42
5.45
3.63
4.80
3.45
7.07
8.48
3.51
4.68
8.08
7.34
6.74
13.24
4.44
3.62
10.93
6.31
4.42
5.90
3.65
14.48
5.04
5.38
9.20
3.87
5.88
12.46
10.12
14.16
12.05
9.68
25.73
3.70
3.84
4.60
11.63
7.98
3.82
3.72
4.45
3.67
11.88
6.09
18.04
4.66
7.63
12.20
16.31
15.20
12.52
9.69
7.68
5.56
9.32
5.33
7.45
10.63
3.52
10.00
15.16
5.91
20.37
6.16
5.24
5.71
6.54
6.35
8.51
12.05
4.35
3.55
4.30
4.55
15.91
8.61
4.65
5.02
9.17
13.33
12.76
5.11
6.01
3.71
9.77
9.51
4.59
3.72
5.72
4.75
4.02
5.56
5.00
11.88
4.74
8.38
5.15
7.60
6.79
7.52
4.28
6.46
5.68
3.92
7.08
7.99
7.54
10.59
18.26
10.99
8.05
6.60
6.41
8.96
3.67
14.71
11.81
4.09
4.46
19.18
5.67
8.17
3.48
7.15
6.30
3.73
9.93
5.30
6.50
5.20
8.73
4.51
4.62
10.67
11.47
5.64
5.48
4.04
4.07
4.65
12.78
3.47
4.02
6.16
3.60
3.24
5.65
7.55
8.77
6.29
3.64
23.96
4.89
15.12
5.02
4.18
11.31
9.25
5.25
15.28
9.82
4.28
4.30
5.51
4.26
3.63
8.53
6.49
4.53
4.95
13.33
10.45
3.55
4.89
3.33
14.36
8.74
7.44
8.02
10.72
3.22
3.99
4.64
6.12
6.59
11.59
5.20
6.71
3.49
3.48
4.46
12.01
3.54
3.48
5.30
5.13
6.73
4.28
5.22
5.95
7.99
9.19
6.78
13.52
10.61
12.63
14.07
7.25
9.30
12.70
6.98
5.54
3.69
4.16
4.13
7.15
16.19
9.60
5.16
5.98
3.39
4.31
4.35
3.31
16.64
4.62
12.48
5.67
5.49
6.98
6.12
5.63
5.44
10.84
4.96
7.33
7.12
3.55
6.68
4.03
4.56
5.00
3.06
7.20
3.70
3.89
3.37
11.99
3.75
8.22
9.17
9.19
6.13
4.72
3.92
4.42
3.65
6.70
13.62
8.74
3.44
11.19
4.19
6.43
3.65
4.51
7.13
6.13
4.75
3.60
3.71
3.94
7.10
9.35
4.89
3.56
4.74
6.19
14.32
3.65
21.55
6.13
5.63
4.29
4.25
4.42
8.90
3.34
11.79
9.71
4.40
7.71
6.87
12.92
16.35
8.28
4.56
4.64
8.81
5.20
6.51
7.22
6.10
8.47
7.57
8.21
17.56
6.55
5.38
15.20
11.78
6.70
3.98
13.73
13.89
7.14
8.30
3.38
6.11
6.66
11.84
4.17
12.51
3.84
4.00
3.67
5.14
4.92
10.30
6.22
4.82
3.92
7.19
4.33
7.07
3.33
3.53
4.09
6.60
3.76
10.64
4.87
11.04
4.93
8.10
3.76
4.43
8.82
3.44
3.57
4.30
4.33
10.05
3.27
9.63
5.57
4.57
3.97
8.70
4.78
13.53
3.68
6.96
6.03
15.31
3.56
3.31
5.53
8.29
6.67
3.32
4.20
3.42
9.08
8.39
15.38
10.10
4.10
5.68
4.16
11.73
8.17
9.53
8.29
21.27
3.44
6.20
4.58
6.68
8.60
5.07
7.78
6.65
3.36
10.17
6.06
3.62
7.48
3.95
12.34
3.20
7.71
10.23
6.11
9.65
5.65
3.69
6.07
6.19
11.92
15.14
10.97
12.07
5.02
4.15
4.53
3.55
9.22
6.98
6.56
5.32
3.94
7.61
4.60
7.00
29.05
14.72
20.43
12.09
6.83
10.10
7.84
6.65
16.83
4.55
5.44
5.33
3.73
5.72
5.44
5.90
26.14
4.95
14.20
4.19
11.55
3.73
3.82
5.47
3.69
3.37
6.76
17.36
4.55
4.50
8.66
32.49
9.44
9.45
7.59
3.10
3.63
11.06
4.74
5.05
3.73
5.33
6.45
3.57
3.61
6.81
7.05
11.35
9.69
3.43
10.98
9.09
4.20
4.10
4.05
5.62
15.31
3.43
14.59
14.68
12.31
4.30
12.32
4.08
10.65
16.40
15.32
10.13
6.15
8.32
18.84
3.44
9.08
4.84
3.57
4.03
6.78
8.32
4.00
5.55
10.11
10.96
7.16
6.50
11.88
10.61
6.70
4.40
3.60
9.47
5.30
11.93
6.43
4.17
15.72
6.10
3.30
5.37
4.60
3.60
4.46
10.45
5.36
4.65
5.44
7.96
7.01
4.46
5.63
6.00
14.39
3.84
10.15
5.86
3.63
3.47
3.60
16.62
7.10
13.83
6.77
3.83
15.91
6.97
6.57
5.20
5.69
4.90
7.34
8.78
12.66
8.11
7.68
7.67
5.72
10.01
18.72
6.24
5.49
15.50
8.02
8.64
4.94
5.68
11.01
10.29
4.04
6.32
10.50
7.18
7.54
5.29
4.81
6.11
4.26
4.69
4.13
3.45
9.24
6.13
17.30
4.66
6.19
5.65
5.97
10.98
8.09
4.14
5.97
4.83
9.14
10.88
7.67
5.71
7.19
3.30
4.99
6.19
4.76
9.20
11.57
3.44
4.32
7.61
4.13
5.20
3.36
4.15
4.79
4.70
6.64
10.52
5.64
7.98
5.55
5.75
6.07
3.49
16.35
5.11
6.59
3.54
3.76
6.56
3.64
3.45
4.08
5.38
4.73
4.21
6.02
7.71
3.98
18.20
4.52
6.00
3.30
4.68
5.37
6.18
6.21
3.31
3.60
11.43
3.74
4.44
15.47
3.42
3.66
4.41
7.90
7.30
5.29
9.36
3.67
3.74
10.44
10.54
8.85
5.51
3.99
4.97
5.61
3.67
6.17
17.40
4.47
4.75
11.84
3.44
6.14
4.54
5.24
4.98
5.50
6.80
13.10
7.12
6.42
5.00
9.15
6.96
14.30
7.23
8.56
13.84
3.76
13.04
10.41
4.75
6.93
3.41
3.57
7.00
7.71
5.02
11.77
5.07
6.03
9.68
14.72
13.27
5.08
3.83
4.12
3.63
4.81
10.62
6.82
10.66
6.93
7.32
5.02
4.07
8.75
5.12
5.07
6.53
5.75
3.60
15.45
7.63
10.53
4.33
5.07
14.00
7.22
4.33
7.50
5.37
4.19
18.94
5.51
4.05
8.96
6.84
4.13
6.10
10.19
7.46
4.06
7.40
12.98
8.81
4.03
7.29
4.53
9.98
7.65
4.65
7.57
16.58
30.46
4.07
4.44
3.78
4.22
12.03
3.93
5.37
5.57
7.68
6.69
3.35
5.09
3.87
5.24
3.20
3.71
4.33
9.89
9.57
3.58
8.05
4.56
6.91
4.50
3.33
4.42
3.18
11.38
4.93
6.06
19.36
5.57
5.57
12.06
9.73
3.18
13.77
10.06
11.24
5.22
14.47
7.58
5.05
7.08
5.58
7.65
5.42
3.48
4.07
7.20
12.85
6.61
6.95
5.04
4.07
6.17
16.67
4.59
3.51
6.12
9.07
10.28
6.63
3.68
6.52
19.93
10.73
15.73
11.61
7.03
4.22
4.05
16.30
8.66
4.34
7.41
4.39
3.36
12.67
4.34
5.99
5.23
9.15
13.54
8.17
5.05
7.93
11.61
9.70
6.57
22.57
7.68
7.18
4.16
3.43
10.51
5.55
3.49
7.21
5.72
7.63
4.95
5.60
21.96
4.97
4.48
10.37
3.67
3.31
5.07
4.15
10.33
3.78
6.02
3.95
5.52
3.25
6.38
17.54
6.00
11.02
3.86
12.80
9.52
6.62
4.05
3.63
6.50
4.74
8.21
14.19
7.21
8.98
4.48
4.66
10.69
4.68
5.06
3.68
5.03
5.93
11.98
7.74
5.37
4.63
23.76
9.12
11.22
6.96
8.51
19.75
5.58
8.61
7.42
7.00
3.31
5.37
6.60
4.46
4.71
7.62
10.54
5.27
6.64
16.39
8.50
9.34
4.84
4.58
4.44
8.92
10.26
3.71
4.42
5.97
12.36
9.82
7.16
6.60
3.57
8.71
11.12
9.95
8.06
4.45
6.63
6.86
12.59
4.85
15.44
31.63
3.37
4.38
3.53
12.95
3.50
12.23
6.00
6.63
7.62
7.50
10.27
5.50
4.91
3.44
5.51
7.13
6.86
5.72
3.31
5.10
10.68
3.68
7.77
4.92
4.64
22.20
3.94
8.68
7.09
4.98
4.22
6.22
19.18
6.13
4.16
7.66
4.54
7.70
7.07
15.68
7.97
5.14
4.99
4.03
6.07
4.20
6.21
8.40
4.00
16.30
21.78
6.76
6.39
6.74
5.99
4.12
5.55
6.13
4.16
4.67
6.19
4.82
3.94
9.44
3.13
5.43
3.59
8.21
4.21
7.06
5.36
16.32
4.46
5.92
4.85
18.26
30.35
7.95
7.05
10.55
9.49
6.43
8.16
5.08
7.26
4.23
11.09
3.92
4.78
12.36
4.46
3.86
6.76
12.59
3.92
3.65
9.76
4.13
4.08
5.83
10.57
3.90
14.86
6.68
3.54
7.01
6.47
4.59
6.14
5.41
4.07
7.66
3.76
4.09
6.36
4.51
9.49
5.58
19.89
6.43
10.14
6.63
15.76
4.70
13.51
3.31
16.14
4.86
8.52
6.58
31.98
5.73
3.57
6.35
3.39
3.87
6.09
7.65
4.61
6.60
9.01
7.68
12.94
11.76
3.76
10.46
13.20
13.57
10.74
7.52
4.64
3.65
5.15
8.14
11.46
7.10
4.05
4.27
8.58
13.40
7.35
4.39
4.52
8.07
8.15
6.14
5.69
4.82
6.28
7.59
4.41
15.35
3.34
8.36
4.67
14.70
3.33
6.92
7.05
4.26
8.79
3.39
4.55
3.72
13.03
11.10
7.55
4.86
3.90
26.16
16.73
3.16
11.32
5.38
3.57
3.69
3.36
3.57
5.19
8.12
5.61
7.17
8.57
4.38
6.05
6.08
3.45
9.98
9.91
4.35
11.28
15.78
3.58
13.10
12.60
7.81
7.84
3.52
5.37
5.57
4.96
3.47
10.79
8.46
7.10
14.19
6.22
4.17
5.68
6.51
7.22
3.63
3.54
4.56
6.18
27.71
6.62
6.23
4.90
11.47
4.67
5.31
5.82
7.67
10.10
4.02
11.94
6.22
4.53
3.18
6.66
5.57
9.88
8.16
11.83
6.01
8.33
3.24
13.14
12.10
7.13
3.64
9.36
5.28
5.26
8.61
8.23
7.17
6.04
5.58
9.03
4.01
4.48
4.25
6.61
4.97
3.44
22.33
6.64
5.17
6.16
3.51
3.75
4.48
22.02
12.90
5.99
3.82
3.66
3.65
5.60
7.80
11.80
7.52
4.16
8.62
5.19
4.75
10.75
10.62
4.05
11.09
4.11
4.46
5.07
4.98
4.54
3.37
8.19
9.58
6.13
13.10
4.72
11.41
4.82
5.55
4.31
12.14
9.47
4.24
5.88
5.52
11.33
5.68
7.58
8.05
3.42
4.50
8.08
4.21
6.04
5.84
6.52
7.26
4.42
9.11
4.60
12.69
4.80
3.94
9.37
4.06
4.84
3.66
15.86
12.72
7.69
5.17
5.03
6.75
11.49
5.13
14.27
5.25
5.13
7.17
4.22
10.67
8.48
4.48
4.36
9.70
6.63
4.18
4.17
11.35
6.07
11.63
5.63
10.91
4.22
4.83
5.97
6.57
3.50
3.44
8.16
9.71
3.61
6.21
4.68
3.66
8.16
4.72
4.47
6.20
5.19
8.17
4.78
7.51
6.02
6.07
3.59
4.61
4.94
6.95
5.55
4.32
3.20
6.25
9.83
4.60
3.47
8.72
6.61
12.95
5.60
3.78
9.99
6.02
4.88
4.20
3.97
4.72
19.28
17.33
6.71
11.64
9.50
4.97
3.98
14.54
3.93
12.25
14.70
8.63
3.45
4.24
7.18
4.52
3.07
10.77
4.19
5.72
4.67
4.13
3.38
7.95
3.50
8.54
4.21
4.40
6.06
3.44
4.20
3.66
4.65
8.80
4.51
7.73
8.07
4.20
3.80
5.55
9.49
3.73
4.79
3.42
10.16
3.62
5.63
6.14
20.88
5.76
5.17
3.82
6.46
6.05
6.78
4.53
18.62
9.70
4.82
7.69
5.04
4.42
5.51
3.70
3.68
4.01
3.18
4.55
5.33
8.47
5.21
6.64
4.13
4.13
3.96
11.48
25.14
10.07
4.72
14.33
3.84
4.18
4.73
11.98
10.05
12.76
3.81
16.61
6.02
6.12
10.26
16.11
5.73
3.98
3.69
9.28
11.05
3.35
13.11
4.66
3.63
13.19
6.98
11.22
3.68
7.46
4.58
8.52
3.41
14.08
3.65
6.69
12.29
6.15
6.25
7.24
4.04
3.35
6.67
6.19
5.39
6.69
14.72
6.03
3.92
7.61
6.24
3.65
5.10
10.73
4.02
4.40
4.12
4.17
11.10
6.04
5.05
3.59
3.73
10.62
4.93
10.26
17.03
5.53
4.78
7.70
9.03
29.31
15.32
4.67
5.42
6.15
11.94
5.44
6.73
9.55
14.79
4.58
3.76
3.75
9.22
5.34
10.69
3.62
5.12
7.16
3.93
4.37
5.22
4.23
12.05
3.75
4.21
13.11
3.45
8.66
6.71
3.39
13.92
5.59
13.44
5.89
5.73
9.20
3.22
3.29
3.86
4.00
9.57
9.70
3.62
6.22
6.57
9.02
8.97
10.30
9.10
5.13
3.79
27.97
3.47
3.59
11.62
20.91
16.29
17.00
4.37
14.39
13.19
9.74
9.42
8.10
6.51
6.77
5.06
6.37
3.38
7.49
3.98
12.00
3.09
3.66
4.02
5.82
8.91
3.89
3.86
10.72
5.43
4.73
3.66
7.70
5.42
15.34
18.72
5.40
8.75
4.45
6.60
3.39
4.63
3.65
3.44
5.92
3.61
17.24
5.98
5.20
4.76
5.71
4.85
6.55
6.16
5.63
8.08
5.51
5.64
6.60
6.75
7.15
3.74
7.26
3.33
9.58
9.51
3.95
6.50
8.69
7.24
17.26
31.76
3.36
4.21
15.56
5.02
4.39
10.03
3.20
7.83
4.64
4.59
5.99
11.28
14.29
4.64
17.29
3.68
4.45
6.18
6.16
9.16
6.78
7.04
4.13
3.55
3.48
10.58
14.19
14.41
11.93
14.70
3.80
5.59
11.60
5.30
5.95
13.08
4.68
9.89
6.64
8.16
3.20
5.60
13.32
11.11
5.06
3.79
12.22
4.43
5.55
8.72
9.76
9.73
4.50
4.54
6.38
3.62
20.85
4.08
3.68
3.59
7.98
4.46
5.36
4.61
5.25
8.67
5.12
7.09
4.30
6.56
7.09
7.59
3.43
6.13
3.44
6.54
10.65
4.30
12.93
3.37
13.75
10.68
20.91
6.61
3.52
12.70
11.86
5.90
9.28
4.70
3.49
15.66
3.73
6.00
11.58
8.14
8.03
8.59
5.05
6.69
4.24
5.48
3.48
6.62
14.28
5.07
12.42
9.59
4.65
24.72
10.44
4.39
5.87
11.14
3.43
9.93
4.73
5.61
3.46
3.47
8.65
4.58
4.46
3.48
3.24
21.60
7.65
6.54
17.37
7.02
5.24
4.13
4.67
8.55
5.52
4.88
5.22
8.09
4.30
10.41
7.04
3.65
3.84
3.48
6.27
4.71
4.18
6.52
9.06
7.04
8.71
16.72
13.04
18.71
6.98
20.22
4.26
4.83
5.70
4.97
4.87
6.48
5.63
3.80
8.90
3.87
10.42
4.15
3.60
3.96
8.63
28.98
7.62
12.52
3.54
3.88
5.06
5.27
9.58
17.20
3.88
3.69
4.69
11.61
8.05
6.17
4.86
12.08
15.70
3.63
10.84
3.68
4.32
6.14
4.44
3.58
5.66
16.29
6.19
24.00
8.47
3.13
5.24
11.16
5.07
5.13
7.13
4.20
5.08
6.63
10.51
5.88
4.11
3.22
8.63
3.88
3.82
9.09
3.89
3.28
6.23
3.87
12.57
3.49
4.77
3.59
3.15
9.48
4.06
5.25
4.28
4.52
6.36
19.62
5.26
5.43
6.91
5.17
14.49
8.21
4.37
3.72
3.89
16.85
7.14
20.05
5.21
14.31
6.03
5.78
3.63
5.15
5.18
3.85
3.78
6.31
7.54
4.45
8.84
5.93
3.31
14.75
4.07
4.78
5.44
9.60
4.63
7.70
6.09
8.75
9.14
17.73
7.22
6.01
5.90
11.22
4.16
5.15
6.63
3.21
4.44
19.57
11.41
3.95
15.59
11.47
5.95
3.56
3.59
4.97
10.27
10.16
7.94
8.17
13.80
6.62
5.07
5.19
6.99
10.37
4.60
3.22
16.26
7.13
9.85
5.12
13.40
7.62
12.02
3.55
11.25
5.63
7.11
5.08
6.45
5.52
6.78
4.56
7.69
4.51
4.27
6.70
3.30
4.42
5.39
5.21
4.37
4.57
4.78
5.71
10.52
8.05
7.03
9.97
8.72
4.12
3.56
7.01
4.77
10.27
3.72
6.40
8.34
5.19
4.11
7.15
5.23
6.14
19.47
6.27
6.66
7.68
8.57
4.07
9.65
6.89
14.54
17.78
3.75
3.10
5.58
6.67
6.09
3.51
5.78
5.52
4.69
9.54
9.15
4.45
7.32
5.29
4.94
3.49
3.74
15.15
6.72
3.37
4.87
4.20
4.53
3.37
10.44
7.63
7.67
19.10
11.32
3.93
15.12
5.02
5.58
6.98
10.08
5.21
5.73
7.21
4.11
5.55
9.72
3.49
3.51
3.70
11.08
5.42
13.10
6.86
7.73
15.33
4.14
15.54
6.55
4.17
9.34
4.96
7.32
13.00
4.27
10.65
15.83
4.57
9.11
16.82
4.22
8.78
4.54
3.46
3.56
5.82
4.72
5.12
5.50
10.33
9.63
7.20
7.52
10.46
4.36
3.82
18.59
7.05
11.39
5.50
4.25
23.45
7.76
4.96
3.93
4.25
3.52
6.50
10.59
7.18
19.92
4.27
5.93
8.84
6.16
5.82
9.32
5.62
5.94
3.62
7.93
5.69
5.79
10.88
5.65
13.50
10.04
9.05
5.27
3.52
5.09
5.45
4.79
12.41
4.81
4.25
5.53
14.08
13.72
10.24
3.43
9.15
3.42
13.24
12.82
8.71
4.94
4.90
3.47
3.23
3.18
7.14
3.44
8.11
5.12
4.08
11.65
3.59
14.60
17.70
4.48
5.29
3.43
6.60
12.85
6.84
7.61
6.97
6.00
6.08
6.59
4.32
4.08
5.17
10.16
10.50
8.80
3.39
4.42
3.82
4.28
4.24
7.17
5.13
6.03
6.53
3.99
6.20
14.72
7.09
6.96
16.79
4.67
4.61
14.58
6.37
4.77
5.16
3.52
3.21
7.12
7.37
6.74
6.23
9.52
10.55
6.45
3.67
6.55
5.21
6.25
5.19
5.94
13.95
8.09
5.79
18.71
9.89
3.64
9.04
7.42
5.99
4.79
7.65
15.46
7.48
14.17
3.40
5.59
4.67
4.62
9.03
11.15
7.83
27.28
4.80
4.61
5.01
15.01
5.44
7.21
11.71
7.66
8.11
5.54
12.58
5.26
4.07
5.64
4.78
3.20
13.02
5.42
5.25
4.21
5.86
13.55
13.92
3.39
7.75
18.38
3.59
7.70
5.15
7.62
9.84
3.25
4.51
5.54
5.11
3.56
8.63
4.18
4.53
6.05
5.60
7.62
5.58
7.50
11.75
5.38
13.77
5.86
3.90
22.39
4.02
11.20
5.11
4.09
7.23
4.12
7.13
4.97
12.35
5.24
10.74
4.45
4.58
3.87
7.00
7.29
8.87
20.81
10.04
7.14
7.97
9.75
14.19
4.40
7.03
4.17
7.48
9.25
9.16
10.77
4.02
4.92
8.68
5.40
4.06
17.71
4.15
18.28
6.46
4.89
3.45
6.55
15.71
7.98
4.88
3.91
4.63
6.56
9.14
8.98
10.84
5.43
4.44
4.58
4.61
6.67
7.17
9.13
3.38
12.68
5.21
7.45
6.87
7.69
7.36
14.15
4.24
14.68
4.54
15.15
4.08
4.46
11.60
6.56
4.11
6.70
12.05
6.19
4.69
5.59
3.87
5.43
5.80
10.73
3.32
3.23
11.98
17.60
3.29
3.73
4.27
3.45
8.07
4.40
9.29
13.09
4.28
3.42
3.98
12.31
17.46
4.44
23.75
3.16
4.62
8.93
6.78
3.20
7.13
13.18
4.41
3.31
8.51
5.00
3.16
8.40
8.98
7.74
13.72
8.77
7.17
8.74
6.08
18.28
4.77
12.08
6.09
5.00
7.01
5.38
18.16
4.05
3.71
11.40
5.83
11.83
10.05
3.39
5.25
5.71
4.41
9.11
4.23
25.51
4.35
9.24
4.05
5.76
4.07
5.91
4.50
7.37
6.71
3.63
7.04
5.05
7.57
4.36
3.51
6.15
3.64
6.03
3.81
5.21
15.18
7.40
4.15
15.93
16.19
3.73
9.21
3.84
4.32
11.74
3.80
12.27
3.91
7.07
7.37
12.78
3.18
9.92
3.72
4.36
3.59
13.60
7.11
6.71
4.17
5.78
3.34
7.98
3.56
30.53
4.97
13.84
5.49
4.92
16.91
5.98
17.81
18.37
13.05
6.69
3.39
6.62
5.29
5.63
4.66
3.92
21.34
4.57
4.63
6.53
8.02
4.09
8.03
4.66
4.26
5.92
7.68
4.30
4.38
3.63
6.23
4.07
5.11
13.91
6.44
14.33
4.21
3.50
9.56
3.53
3.73
4.56
8.67
5.15
3.60
5.06
5.22
3.34
7.56
3.77
4.25
6.89
4.01
9.86
4.92
13.68
4.43
15.89
4.26
5.92
15.87
10.48
8.50
11.68
6.71
9.84
7.52
4.08
10.94
3.95
13.30
5.84
7.46
4.44
4.09
20.32
14.92
10.18
6.59
6.69
6.24
5.68
3.23
5.44
8.00
3.40
12.12
4.14
3.65
4.98
10.78
11.58
22.27
6.61
6.64
27.58
3.46
8.63
4.09
3.76
3.72
10.00
4.54
4.36
12.99
4.17
8.64
21.24
3.54
16.67
4.72
4.89
5.45
2.87
3.77
9.56
4.93
4.53
3.92
6.44
3.76
5.80
6.48
4.57
6.29
5.00
3.47
5.54
7.62
7.13
5.47
12.21
6.52
3.20
6.48
4.78
11.46
14.30
4.04
11.13
4.65
6.85
5.15
3.57
4.34
9.70
3.60
5.08
6.38
6.07
3.56
15.27
6.49
8.93
26.24
3.99
4.29
3.55
5.20
5.00
8.54
14.77
8.33
3.35
4.34
13.84
16.22
8.00
6.84
9.67
7.05
3.48
10.13
4.75
35.65
5.93
3.45
5.71
5.14
5.45
3.52
3.67
5.14
9.62
7.04
5.44
6.84
3.63
5.73
9.86
8.42
19.40
5.71
4.49
6.78
11.41
4.12
16.21
5.73
4.28
8.06
5.77
5.78
6.92
12.20
6.70
12.35
6.56
6.45
5.15
9.09
4.00
8.89
4.93
5.04
4.95
3.72
5.19
10.61
4.32
5.71
6.79
5.41
5.94
3.71
13.04
4.02
3.38
4.91
3.74
8.51
3.93
4.00
16.01
9.56
25.00
6.11
6.68
6.42
7.18
5.79
8.72
3.76
7.51
6.65
8.05
8.63
7.13
8.07
3.64
3.16
5.71
4.84
3.39
7.71
10.49
5.44
8.04
5.65
9.38
9.73
9.36
4.59
10.49
4.43
8.48
4.18
3.57
6.80
6.70
5.23
7.01
6.47
3.27
7.21
9.68
8.16
19.06
3.27
15.25
8.17
5.13
7.59
4.06
7.41
9.07
11.53
5.65
18.88
6.13
9.37
4.10
5.50
10.65
5.09
4.00
4.64
16.13
10.40
5.19
3.31
3.75
18.69
9.54
7.12
6.74
9.55
3.58
7.59
3.39
6.13
4.14
6.16
4.06
3.70
7.72
24.93
11.69
7.64
5.65
10.17
3.83
6.50
6.12
25.33
6.50
15.81
5.08
4.61
11.80
7.33
7.19
4.26
5.18
3.44
9.07
3.43
10.97
3.61
4.26
10.21
4.55
10.33
6.65
7.20
3.53
27.01
11.71
6.83
3.79
10.20
11.01
6.76
3.34
4.32
8.04
6.03
14.41
16.86
4.81
5.31
3.44
5.41
8.13
6.60
4.10
6.47
3.05
7.73
11.42
3.52
6.09
3.20
12.11
6.99
7.75
10.23
11.71
3.99
12.71
13.28
5.72
4.51
5.73
13.64
5.81
3.53
5.44
3.23
8.28
4.68
3.58
5.55
4.47
6.23
6.43
9.67
5.78
10.72
9.52
7.16
3.35
9.04
6.24
5.02
14.65
5.36
9.46
14.95
20.42
7.25
4.32
6.94
9.61
4.43
5.20
8.67
8.05
4.05
3.71
12.89
5.65
3.41
7.68
9.73
11.59
3.62
4.56
3.58
8.16
18.21
8.17
4.08
3.53
5.36
6.26
10.23
4.89
9.74
3.08
4.73
12.00
3.76
5.05
8.70
6.73
6.07
4.67
6.68
22.20
5.90
4.83
8.16
3.73
6.42
3.86
5.29
7.80
7.49
14.14
17.34
7.64
4.60
10.94
7.96
11.90
8.59
6.56
16.61
8.21
3.78
20.19
4.67
13.48
6.67
7.57
9.74
3.50
8.59
16.17
4.15
5.65
12.10
4.11
10.78
14.72
5.57
5.03
9.26
4.36
14.79
4.58
3.58
5.54
3.94
23.16
8.97
23.94
4.50
13.05
11.36
6.98
4.51
13.38
11.05
6.10
3.73
20.86
11.49
15.74
5.67
4.74
6.43
5.55
4.08
3.13
6.39
9.25
3.05
9.70
6.24
9.31
4.59
3.94
7.11
3.56
5.52
3.99
4.08
11.26
10.07
10.65
5.65
4.48
3.23
5.30
13.15
3.34
9.22
7.23
5.31
15.16
4.83
3.94
3.82
7.06
5.43
3.50
7.53
25.46
3.41
12.75
6.79
7.15
20.51
3.64
11.71
13.63
21.26
3.54
5.00
4.37
7.73
7.11
12.85
11.40
6.49
25.86
4.93
3.52
5.14
6.97
3.14
17.41
40.19
7.54
5.39
11.16
6.99
5.99
10.14
10.52
5.29
15.95
26.19
9.76
3.95
5.25
3.95
6.21
3.48
8.27
6.05
14.27
6.58
3.22
9.18
3.63
9.81
9.16
8.15
4.10
3.57
5.06
10.00
22.24
8.02
11.45
10.66
4.38
3.85
4.37
3.33
3.82
4.43
4.92
8.55
6.09
15.10
4.84
16.18
14.12
4.80
9.16
3.71
3.88
5.98
3.27
6.10
14.24
11.63
6.50
10.62
12.72
5.06
3.78
3.46
23.34
3.46
4.69
5.10
14.35
26.71
6.50
4.16
9.68
10.75
5.97
3.37
4.58
6.62
16.99
19.34
6.46
14.00
3.32
6.04
7.20
4.07
8.23
12.49
3.07
3.30
7.58
6.48
22.61
3.45
9.08
3.39
3.81
6.43
5.55
6.39
4.27
6.05
4.00
10.73
5.10
8.49
7.49
7.12
5.65
7.83
3.25
4.01
3.82
4.32
5.51
16.33
3.17
5.74
5.60
9.06
5.17
6.89
6.06
7.15
13.67
9.03
5.80
3.64
12.30
3.69
5.06
4.03
3.74
3.40
3.65
7.68
9.04
3.70
5.10
7.23
6.05
4.05
6.42
4.05
4.88
4.35
4.67
5.31
3.78
9.05
14.63
5.11
15.52
7.22
13.95
6.08
5.81
14.95
3.57
4.61
8.06
7.58
7.52
3.65
6.27
5.48
8.21
15.31
5.27
6.94
9.70
6.80
4.59
11.75
5.95
4.93
5.69
4.31
3.76
7.75
3.36
3.55
18.91
14.43
3.87
8.61
5.10
3.61
6.55
10.23
7.48
6.56
3.39
8.69
3.80
13.58
5.05
7.16
3.59
7.66
6.06
4.34
4.99
5.20
25.55
8.06
8.17
5.99
3.57
5.47
3.62
5.17
12.26
7.21
10.85
10.67
9.51
6.28
10.48
3.35
5.82
4.18
7.11
8.41
6.73
10.15
8.24
6.03
3.42
4.56
10.70
7.19
7.09
5.90
10.64
19.39
7.29
6.05
6.15
9.11
11.87
10.60
4.88
3.57
14.75
12.27
8.92
3.65
15.23
4.44
5.64
14.20
4.02
8.17
4.54
8.57
6.38
3.74
8.26
20.88
5.24
3.44
6.78
8.10
4.68
3.81
4.31
3.90
3.73
3.28
5.02
10.07
10.04
27.52
7.58
14.23
11.32
15.79
5.47
7.11
4.46
3.64
5.17
4.37
3.94
9.23
13.11
6.03
6.52
7.72
5.12
5.06
12.72
4.17
4.04
11.66
9.51
4.51
3.75
3.47
9.14
4.26
28.93
4.43
5.06
13.17
3.54
5.18
3.39
9.57
9.08
7.16
6.25
4.72
4.41
3.42
11.30
7.48
6.08
3.22
11.28
4.01
5.49
7.10
7.30
4.03
4.07
6.32
9.51
7.15
5.41
3.55
7.07
14.70
21.61
8.31
10.20
3.43
6.44
6.06
3.58
9.16
5.55
7.65
9.07
7.44
17.16
3.30
3.41
7.72
5.72
7.01
7.77
3.65
4.79
3.57
4.06
8.26
15.43
3.42
30.48
5.61
5.55
4.25
3.30
3.98
8.00
4.89
8.98
27.39
6.58
9.84
3.28
5.95
4.17
5.68
6.25
20.72
7.05
4.44
17.11
3.41
9.45
4.24
13.49
4.35
6.11
4.81
6.00
12.08
3.50
5.30
8.82
6.75
7.39
3.52
14.50
4.63
3.95
3.50
5.07
7.18
16.35
21.16
4.99
7.12
11.80
3.60
6.76
4.35
5.34
6.93
11.30
4.88
27.65
10.60
10.86
8.02
4.37
4.26
11.34
10.64
3.75
3.89
3.42
5.98
5.55
4.80
5.78
3.52
3.87
6.50
17.48
4.17
8.69
3.98
9.26
20.50
6.13
6.99
9.72
7.00
11.36
5.63
5.50
4.37
9.38
5.78
7.25
4.70
5.93
10.58
11.33
3.88
8.05
16.45
3.67
21.67
7.06
14.47
8.70
3.32
14.96
5.65
3.65
9.52
3.92
5.99
6.44
5.80
5.52
7.68
6.36
7.09
7.87
17.05
10.68
7.21
11.85
7.56
7.51
3.82
4.09
7.11
3.38
5.51
10.60
12.50
4.72
3.37
11.91
4.33
4.86
20.38
3.66
6.02
7.65
3.46
4.82
3.66
6.12
4.14
3.93
4.48
3.67
10.55
8.11
6.81
8.11
3.43
7.20
9.76
3.98
8.08
4.96
3.62
4.50
7.07
9.26
5.30
8.21
9.85
18.48
3.50
4.29
17.33
6.98
8.20
5.39
3.24
8.14
7.95
4.60
3.98
3.18
3.56
3.37
6.98
10.09
4.02
9.67
3.24
12.71
8.53
3.96
4.28
3.71
7.74
8.61
5.59
4.51
9.92
6.00
7.35
4.10
16.94
17.44
9.31
10.55
10.18
3.47
5.49
7.08
3.60
6.55
4.45
4.92
3.85
4.23
6.25
4.58
6.45
11.48
7.04
18.80
5.71
9.21
4.32
4.08
15.14
4.24
3.49
3.52
8.03
3.52
9.01
4.65
10.08
9.69
4.81
5.27
5.04
3.50
3.31
6.78
3.54
8.64
4.36
3.79
5.61
9.72
3.63
7.54
12.19
6.78
10.55
8.78
7.25
8.12
7.10
5.45
18.20
3.26
6.56
22.30
10.28
7.25
5.94
6.46
4.97
29.84
3.27
7.63
5.42
4.02
4.05
4.54
11.57
8.50
4.16
11.67
5.21
12.88
4.06
3.99
3.39
3.57
5.09
8.51
6.05
10.23
8.02
10.07
3.25
3.59
7.74
12.81
3.41
5.16
10.25
4.76
10.11
4.35
9.80
6.64
7.52
15.34
10.29
4.05
6.22
6.06
7.67
5.12
4.91
8.59
5.62
3.99
7.23
4.40
6.16
7.70
13.61
9.91
8.63
3.11
4.10
8.78
5.28
3.86
5.39
9.52
29.95
3.31
4.47
8.76
13.42
20.81
14.14
8.47
6.73
4.95
13.22
4.45
8.69
10.63
10.99
5.25
3.63
11.21
10.59
8.82
9.20
15.75
10.69
4.50
3.95
30.03
8.05
5.62
6.83
12.66
3.65
3.94
4.02
4.36
14.62
5.23
7.04
4.73
3.44
9.92
8.58
19.20
9.05
3.13
3.60
7.19
13.89
4.68
5.57
4.98
4.49
4.16
5.14
6.08
12.16
12.16
12.51
4.55
7.58
6.16
5.51
3.52
3.91
5.22
5.34
6.28
3.89
12.44
8.85
13.26
6.15
6.71
13.84
7.52
24.57
3.89
8.04
8.86
5.70
4.25
3.86
4.98
4.06
5.60
4.05
5.80
4.79
12.38
4.68
3.75
3.58
20.26
6.22
6.51
4.51
4.11
6.73
8.95
3.57
5.43
7.34
13.21
11.03
8.24
19.79
6.59
6.63
7.16
8.48
19.49
8.74
4.91
7.25
5.90
4.45
5.71
6.36
7.12
13.14
5.47
7.68
6.28
6.18
7.23
8.03
5.37
5.69
8.26
3.79
3.26
4.78
4.29
5.62
7.26
7.15
4.63
8.97
3.65
6.05
9.23
5.21
6.00
5.29
6.64
5.10
3.80
4.28
7.20
5.35
8.40
3.48
6.27
6.70
9.88
3.43
4.05
12.53
12.18
15.85
5.08
7.21
5.59
5.63
17.12
7.05
6.13
3.74
3.86
8.61
3.34
8.56
26.38
8.25
4.24
4.60
3.23
4.13
7.54
16.87
6.22
4.40
11.30
8.61
5.66
7.74
8.19
4.99
7.58
10.10
6.10
8.69
5.20
3.58
5.14
6.65
6.88
10.72
12.39
6.08
3.80
4.20
7.60
6.51
8.13
8.13
3.57
3.52
6.59
4.68
5.63
4.06
4.12
8.01
7.48
7.12
3.29
11.92
17.39
4.32
9.70
7.60
6.55
9.36
7.12
4.36
3.89
3.37
3.20
6.59
5.10
13.95
8.64
4.69
20.90
3.60
7.92
12.18
7.87
5.43
11.12
11.87
6.14
7.50
3.63
3.92
6.21
4.22
3.81
4.55
4.45
3.85
18.13
7.94
4.27
13.70
11.20
6.09
3.46
4.51
3.52
9.90
8.00
4.04
6.69
5.27
11.00
11.67
5.28
5.69
10.97
4.90
7.47
3.89
9.20
4.67
3.60
4.27
3.57
21.95
3.45
5.62
4.02
9.62
5.74
17.08
8.51
7.63
3.75
5.33
6.34
11.18
3.75
3.37
3.45
10.05
5.56
5.57
9.14
4.65
5.03
8.90
4.24
8.72
5.88
8.06
5.67
5.77
5.95
8.31
4.24
9.74
4.47
20.91
4.25
4.07
5.68
5.43
9.71
4.35
4.55
7.86
6.57
3.50
6.68
5.33
7.70
5.48
6.76
8.51
3.44
3.54
4.08
11.64
6.30
4.71
11.17
11.39
7.58
5.59
17.23
5.26
6.21
4.66
4.05
3.45
9.34
5.64
3.74
7.21
4.79
16.76
23.69
6.12
13.25
9.10
5.76
6.26
5.66
10.46
7.58
4.05
5.19
5.81
6.27
7.49
12.66
5.05
4.06
11.57
5.16
8.18
4.34
3.62
9.16
4.15
4.93
9.28
7.08
3.49
4.70
4.61
3.41
20.94
8.09
3.47
8.77
9.95
7.78
8.67
4.80
8.00
3.38
4.48
3.92
5.62
3.28
7.45
4.32
7.50
3.55
10.67
4.21
6.66
4.88
8.54
5.76
7.11
10.07
4.25
5.01
3.99
3.88
2.99
3.96
3.73
10.18
3.97
11.89
5.56
5.02
3.65
4.71
3.62
7.03
7.54
3.61
14.25
4.20
3.45
6.99
6.72
5.27
3.70
16.69
10.80
5.46
7.89
3.25
6.46
13.06
7.29
6.41
4.72
13.19
3.66
12.63
11.68
6.53
8.24
3.36
21.95
31.89
7.14
3.59
5.59
9.20
3.51
5.08
3.60
13.01
6.72
7.13
4.80
5.63
10.16
6.91
3.45
4.23
8.56
6.56
9.23
5.89
3.60
3.44
10.52
7.20
15.12
3.85
4.79
7.63
8.24
4.22
11.93
6.03
4.81
4.60
11.08
9.35
4.20
5.76
4.32
5.31
9.80
13.76
5.86
10.90
10.14
3.81
4.47
13.02
17.26
7.95
5.42
5.17
4.08
5.58
13.15
8.72
6.93
4.23
4.61
6.30
7.04
7.60
11.02
4.30
7.30
12.74
5.23
5.46
4.11
19.42
4.44
6.64
5.20
7.69
6.07
3.82
9.03
7.68
6.81
6.75
6.47
8.61
4.09
6.67
4.36
11.74
10.70
3.88
4.02
12.24
7.23
5.74
3.38
4.12
8.56
11.07
4.45
3.68
5.33
4.26
9.32
4.20
7.50
3.43
3.55
3.48
4.85
5.62
3.76
9.02
3.97
3.76
5.65
4.55
4.35
7.54
11.81
3.66
5.68
3.87
8.16
15.15
4.93
8.27
4.61
13.28
4.83
4.59
5.05
6.34
7.38
7.59
3.99
10.11
5.12
3.73
16.98
3.91
5.97
3.56
5.64
21.20
4.73
9.62
4.90
9.06
3.71
4.59
6.94
10.61
3.28
8.35
11.55
7.57
5.89
8.64
4.37
7.62
5.14
12.87
3.33
8.21
6.12
12.41
4.04
4.58
3.59
8.59
4.69
12.48
10.77
3.21
3.76
3.45
10.96
8.69
4.23
4.51
3.47
3.76
14.58
7.78
7.57
8.22
3.97
11.96
3.71
8.30
9.56
5.10
6.80
4.85
3.27
6.84
20.69
7.12
6.61
3.55
14.56
3.50
6.55
4.77
12.74
7.22
4.83
5.23
3.30
10.40
3.74
4.18
3.92
14.34
4.04
4.69
7.17
6.08
6.41
13.33
4.77
9.12
10.37
5.38
9.91
5.08
27.87
9.80
7.54
3.25
8.21
16.17
7.18
18.80
4.98
15.17
8.82
10.28
5.56
19.63
3.87
9.62
5.06
9.22
18.24
3.96
3.82
3.68
3.53
4.77
3.89
4.11
3.95
15.17
3.99
9.37
8.30
5.76
6.94
4.07
7.20
7.19
3.38
11.47
7.58
8.11
4.72
4.01
4.10
8.68
4.59
7.83
6.63
5.41
4.06
4.67
3.69
5.46
4.61
6.07
3.94
8.69
6.34
5.48
17.72
5.94
8.14
7.15
6.00
14.00
8.58
9.32
4.46
6.77
7.18
4.46
4.48
4.27
9.84
5.08
3.81
5.57
7.07
11.27
4.15
10.14
3.44
3.56
3.75
5.12
10.57
5.51
4.34
8.17
16.15
5.72
5.51
13.03
4.13
4.09
3.74
18.14
8.03
13.82
7.63
6.40
9.28
5.30
3.15
8.72
4.85
4.35
5.02
7.32
4.74
3.72
3.77
3.33
19.54
3.48
4.54
13.32
8.77
4.22
3.43
7.22
5.90
4.24
6.10
3.94
5.85
15.92
4.67
3.29
3.59
10.27
3.43
5.65
3.61
11.96
8.78
8.05
3.98
4.79
10.72
7.59
3.61
7.39
4.65
5.15
4.07
14.11
8.16
10.56
8.19
4.05
5.45
5.95
4.89
9.34
7.54
19.98
3.23
3.53
3.97
7.65
14.24
9.58
4.95
3.11
17.45
8.08
6.41
8.99
5.57
5.61
6.63
11.40
6.67
15.16
8.07
16.73
4.08
6.16
10.74
5.12
14.42
5.44
6.12
4.11
6.55
7.77
3.41
4.19
8.12
5.19
3.99
8.28
3.51
5.48
4.72
4.57
4.72
4.16
8.42
3.31
7.07
4.26
7.02
9.28
5.82
5.77
4.76
4.43
4.57
13.16
4.05
5.06
3.70
6.70
6.14
5.41
5.20
4.16
3.97
5.61
11.65
4.16
4.96
6.56
5.56
4.09
4.07
6.84
9.32
7.73
3.34
4.33
9.92
7.94
5.57
3.64
6.81
2.85
3.18
22.25
4.49
7.23
6.62
3.65
