10.35
0.99
1.01
5.07
5.04
6.79
3.05
6.31
6.06
17.18
10.10
11.11
27.29
31.35
14.13
8.57
0.98
11.13
8.10
4.04
7.61
5.06
18.69
10.09
13.64
9.60
9.61
30.78
7.61
4.06
3.04
2.52
4.03
3.54
3.55
1.02
1.53
2.03
2.04
3.03
6.55
1.03
1.01
4.03
4.04
21.26
25.26
1.03
7.56
9.60
24.79
11.12
1.04
11.57
32.83
17.20
33.87
1.01
14.65
3.03
14.15
8.09
9.06
4.06
20.74
5.57
8.09
11.13
18.73
4.05
6.08
10.58
29.23
1.02
10.11
2.03
6.55
21.22
15.64
3.04
9.59
8.60
8.61
4.54
17.66
39.99
44.53
8.56
4.58
19.20
26.78
7.58
4.03
17.20
12.13
3.52
7.58
2.54
8.63
26.28
1.01
2.02
8.10
5.02
25.30
3.55
1.52
15.65
12.11
26.26
29.86
10.11
8.59
30.77
4.56
5.52
11.60
27.88
2.04
1.99
7.56
2.01
1.52
14.66
11.12
3.05
6.58
15.16
7.57
6.06
3.03
33.33
1.02
14.16
35.91
4.57
24.75
3.53
1.54
1.53
11.61
8.06
2.54
11.61
0.98
5.05
20.69
6.59
13.14
6.53
17.23
23.80
35.93
7.08
9.10
3.52
15.15
12.09
8.56
1.03
7.59
16.68
11.63
19.21
2.55
10.66
5.56
2.51
2.97
4.06
3.04
15.69
1.53
28.29
21.22
7.07
18.73
2.53
1.03
4.52
42.94
6.08
44.46
4.05
6.07
28.34
4.56
7.59
27.28
12.15
46.04
6.60
19.70
25.21
1.01
35.88
15.15
5.60
14.15
1.00
13.59
19.21
1.04
16.67
1.52
17.17
1.54
8.13
22.70
11.07
9.06
1.03
11.10
2.01
2.00
8.13
8.10
3.03
20.67
12.15
18.71
8.63
1.03
26.26
2.02
12.13
4.54
26.25
1.53
14.64
3.03
5.57
11.11
7.08
9.13
11.12
7.09
56.63
1.51
13.14
1.01
16.67
4.58
1.99
5.56
14.14
4.08
4.07
9.10
13.14
6.05
2.03
52.12
1.01
17.66
2.52
4.07
7.63
6.55
3.06
6.05
10.10
16.70
8.58
2.51
10.11
1.54
2.01
2.53
13.65
21.75
10.59
18.20
8.07
6.57
15.64
1.53
3.55
0.99
14.14
19.23
1.52
7.55
10.62
1.55
1.03
3.01
2.52
20.75
18.66
35.40
10.13
1.54
5.53
10.10
8.08
43.52
2.03
23.71
2.04
20.69
5.54
2.00
4.55
2.52
1.50
14.65
3.05
5.62
2.52
32.33
1.52
5.05
1.01
12.65
15.61
14.67
15.19
13.16
3.07
0.99
9.65
15.65
13.15
24.81
13.13
9.63
11.13
3.03
8.63
26.77
1.52
1.01
21.80
17.69
15.18
10.13
17.65
17.68
4.05
1.02
7.10
17.68
4.03
15.18
12.64
9.08
2.54
6.08
2.53
17.17
14.66
12.14
10.62
5.51
9.60
2.01
3.03
6.07
7.60
21.73
6.05
19.70
8.60
1.01
15.17
10.62
1.99
7.63
10.14
16.20
7.03
4.06
1.50
1.02
17.69
5.56
3.03
1.00
7.07
5.54
4.03
24.79
8.11
4.53
7.54
10.62
17.18
6.06
1.52
11.09
5.06
7.05
18.71
1.52
53.57
2.51
16.17
5.08
6.56
16.19
5.06
5.59
0.99
27.29
6.06
9.63
27.31
24.84
24.30
5.03
3.03
23.79
31.83
3.54
5.03
7.56
10.09
6.05
22.23
2.53
21.78
6.58
20.21
5.09
15.19
18.16
6.54
5.05
28.35
5.58
11.63
4.50
2.55
2.50
2.01
12.64
1.04
19.68
3.53
1.03
6.07
1.03
23.80
33.89
13.11
1.02
13.20
1.99
4.54
21.71
15.68
2.54
10.63
6.57
10.61
7.05
8.60
5.06
7.07
21.72
2.53
7.04
1.04
19.71
16.13
4.05
4.56
29.84
3.02
5.07
11.14
12.62
15.18
1.54
7.11
2.50
4.03
3.01
5.05
8.10
16.72
6.05
10.66
12.63
14.65
16.62
3.54
15.62
12.14
5.05
6.08
2.55
1.52
2.06
4.03
2.03
11.63
10.09
6.07
8.58
5.57
20.71
13.63
6.08
3.54
8.61
6.07
11.12
14.69
9.14
9.09
18.66
1.01
3.05
3.06
6.56
25.33
2.02
6.59
9.08
5.59
10.62
5.07
11.57
6.09
5.56
24.28
3.54
9.57
1.02
4.02
7.10
22.73
23.74
8.07
17.20
14.18
2.53
5.10
4.04
4.02
1.01
4.04
4.05
5.05
1.53
1.51
20.21
2.02
3.55
28.27
7.55
6.56
1.51
9.60
18.75
4.07
1.99
5.06
2.02
11.15
16.72
3.03
3.49
5.07
8.08
1.01
5.07
30.85
4.53
16.66
3.55
7.08
8.59
5.59
1.48
4.05
12.69
2.52
9.08
2.03
33.37
14.64
17.66
34.37
10.11
25.81
18.68
10.12
31.79
2.04
10.62
16.69
17.68
10.13
10.60
2.02
4.06
1.49
14.11
1.54
6.09
10.64
7.52
21.21
17.21
28.81
1.99
1.02
2.51
8.12
14.71
28.86
13.14
11.63
19.22
29.32
24.26
14.13
3.56
18.72
1.49
2.52
7.58
10.10
4.54
16.69
4.05
10.13
24.21
1.04
4.02
12.11
3.05
4.05
6.53
8.09
18.69
9.58
20.21
2.53
4.04
29.29
16.18
4.03
2.53
6.06
2.53
35.33
6.55
9.59
5.03
4.04
2.04
2.02
7.59
6.56
12.64
3.53
2.53
23.28
8.57
79.80
1.50
5.06
2.02
2.51
23.30
1.51
23.71
3.03
8.59
10.61
21.23
18.20
2.02
1.52
20.27
11.62
5.54
3.52
18.68
1.01
14.14
5.07
22.72
30.33
4.54
8.59
9.09
20.69
4.03
6.07
12.16
27.22
12.61
10.13
30.31
21.74
9.58
21.75
2.52
4.04
13.12
2.54
18.15
10.12
13.64
19.16
3.55
7.56
2.04
6.58
18.21
14.13
11.63
10.62
8.06
4.55
11.12
1.51
14.18
13.64
6.06
4.06
6.06
3.50
16.72
18.18
11.14
10.09
5.53
4.07
2.02
0.98
10.08
11.12
2.56
5.56
4.04
4.59
35.33
2.04
6.54
1.02
6.55
16.67
5.55
1.01
2.53
3.01
16.68
13.61
14.63
10.10
3.05
6.08
38.91
13.16
2.50
11.07
9.61
5.04
7.54
15.12
5.60
13.65
6.06
6.06
5.06
13.62
4.54
1.53
10.62
15.64
10.58
11.63
9.08
18.67
4.04
5.56
17.66
10.59
6.56
1.53
0.99
7.05
18.72
27.79
4.04
2.57
5.04
0.97
4.03
2.03
8.09
6.08
12.16
6.59
2.53
15.14
3.54
1.54
1.49
23.20
18.71
12.66
14.21
4.53
13.13
1.53
18.68
8.06
1.03
4.57
19.18
2.02
18.22
14.66
24.21
5.56
2.54
6.06
21.70
21.23
17.69
2.01
12.17
17.21
4.49
8.59
4.05
3.54
6.06
1.51
3.55
3.54
0.98
15.22
14.15
8.59
20.71
23.80
25.79
7.60
1.99
11.61
21.22
4.06
15.16
3.02
4.53
1.01
5.55
7.56
29.28
24.26
7.59
3.04
7.05
6.08
8.58
1.55
1.01
10.58
22.70
42.95
11.13
4.53
6.58
7.56
8.09
3.03
8.08
5.07
3.55
25.21
8.07
14.64
8.06
15.69
11.15
6.56
28.78
5.04
8.59
3.05
19.22
4.55
8.55
2.53
25.26
9.58
12.10
14.16
6.59
7.59
3.04
23.76
2.01
28.77
11.61
1.00
12.64
8.58
6.57
4.05
19.69
10.63
14.65
8.09
26.26
27.86
4.56
10.10
3.02
15.17
20.20
9.08
3.04
3.02
17.19
11.61
8.62
7.10
3.04
1.02
10.63
19.67
7.55
1.49
2.01
9.55
2.53
17.16
6.07
15.67
11.10
10.62
5.04
1.03
2.50
5.55
3.53
21.21
1.54
3.01
5.55
35.36
2.04
3.05
6.59
9.61
3.00
4.54
21.71
9.56
7.05
14.11
3.55
12.65
6.05
6.05
18.17
1.52
13.12
11.11
1.51
18.71
1.51
13.62
15.12
21.73
19.67
5.57
11.62
24.73
2.54
0.98
27.24
14.64
12.16
6.05
5.02
13.13
6.08
8.58
1.02
4.03
3.54
6.55
11.66
26.75
1.56
9.61
10.12
2.02
2.01
1.03
5.03
4.03
24.75
22.68
8.65
8.07
10.09
5.07
15.66
15.15
22.71
1.51
17.19
10.64
10.60
2.52
3.05
2.52
14.68
8.11
37.89
5.53
4.01
1.54
11.09
18.67
5.04
18.73
1.00
3.55
13.62
12.67
16.71
2.52
20.24
22.70
23.25
5.05
28.28
22.22
5.08
38.42
9.59
17.19
1.00
11.56
11.11
6.55
2.51
17.20
14.14
8.07
3.51
9.11
3.52
5.58
19.20
1.51
23.28
10.12
7.10
42.42
1.01
21.73
58.12
3.03
6.58
42.91
16.19
6.06
6.07
4.04
1.01
4.05
3.05
8.60
1.00
1.52
71.78
13.12
5.07
24.78
0.98
3.57
1.01
2.55
3.05
8.10
6.09
3.53
5.02
1.52
17.65
2.04
1.50
11.09
32.34
1.04
21.20
11.09
6.56
2.54
2.00
14.19
9.62
14.10
21.76
4.03
17.18
4.04
7.58
10.11
8.07
7.05
5.04
13.62
18.69
10.59
8.58
8.56
1.52
18.68
2.01
2.04
32.39
1.49
11.09
1.51
4.56
17.70
1.52
6.56
5.03
15.68
2.00
27.80
5.03
6.07
30.29
3.54
38.45
37.37
6.60
15.16
9.57
3.04
43.95
3.02
1.51
3.04
2.53
5.06
4.56
4.57
2.51
3.02
6.07
2.99
12.13
10.62
6.58
3.00
2.03
13.63
8.12
3.00
11.16
5.04
19.67
7.07
5.58
23.23
1.00
29.34
14.11
8.07
7.60
4.03
30.30
6.08
4.05
37.93
7.59
1.50
15.18
5.09
11.64
15.15
2.03
5.54
5.05
17.66
12.64
6.07
8.59
3.03
6.08
10.08
10.08
5.06
1.00
17.67
24.79
8.10
5.58
2.54
5.57
36.37
7.59
3.53
4.02
1.02
7.59
15.14
25.30
12.62
41.91
6.04
26.73
3.04
1.03
11.67
2.99
10.57
9.62
26.79
2.53
5.56
4.04
3.05
15.61
31.89
21.26
38.91
14.12
5.07
10.07
3.01
19.75
14.64
3.53
1.03
14.63
2.02
1.51
8.06
3.54
1.50
32.86
7.08
7.57
25.73
20.75
8.65
2.53
3.99
7.08
2.52
11.62
1.03
22.26
7.67
11.10
5.98
8.62
2.52
20.21
20.70
1.52
21.26
1.04
8.58
3.51
6.07
3.02
3.57
6.04
1.51
10.10
8.07
23.26
9.08
4.56
6.55
5.54
13.61
3.07
9.65
12.58
6.02
3.05
33.84
9.55
8.12
2.04
3.01
28.79
17.68
2.53
2.01
2.53
11.11
6.60
7.04
7.07
22.76
13.12
4.55
14.17
6.04
31.28
8.61
1.03
14.64
12.60
3.53
17.67
1.53
14.15
5.56
5.55
3.55
7.58
1.04
2.51
4.02
15.16
24.77
3.55
2.02
1.01
6.60
1.51
9.61
1.52
1.51
13.64
11.13
6.60
9.59
11.16
7.07
28.78
2.55
11.12
12.62
12.60
21.25
3.53
2.54
5.59
2.51
9.63
8.64
7.57
2.56
10.58
8.08
22.22
5.54
13.63
11.63
5.06
27.84
16.17
29.26
4.04
8.13
9.12
17.65
7.61
3.04
15.18
1.53
26.83
10.61
23.75
22.69
9.08
1.52
7.09
11.11
25.21
16.17
15.14
13.65
15.14
10.11
9.60
7.54
21.75
4.56
6.03
4.04
1.03
17.14
20.24
6.07
26.29
17.69
1.98
3.03
2.56
1.50
10.59
9.60
3.04
1.07
1.46
37.87
2.54
15.67
6.04
1.55
3.01
2.03
1.48
12.64
3.03
3.55
18.72
1.00
3.54
12.11
2.54
5.09
0.99
18.25
1.03
9.54
2.53
19.15
5.05
3.02
2.05
8.61
4.50
44.95
6.55
10.13
5.08
18.17
8.57
6.05
7.08
21.22
20.20
6.58
9.60
50.02
5.54
15.69
2.01
29.29
1.52
13.69
5.54
8.08
18.19
3.53
24.77
30.32
2.05
2.49
10.07
15.17
8.07
20.71
14.67
20.19
5.06
7.07
25.31
1.01
10.09
4.04
8.61
1.00
2.53
1.52
3.04
3.04
13.16
1.49
2.53
4.03
8.10
6.56
2.05
18.20
7.54
13.62
24.27
2.53
31.92
9.58
8.11
3.04
3.51
2.53
2.03
2.53
9.58
50.55
6.61
0.99
4.54
14.14
5.55
7.08
2.02
3.07
7.59
10.08
4.05
13.15
1.53
6.55
16.19
8.57
20.69
67.67
4.56
21.20
12.11
1.03
3.53
20.22
9.12
1.48
18.18
12.67
9.57
5.58
21.23
6.54
1.54
3.56
1.49
1.01
13.18
11.58
4.05
12.14
4.07
1.48
1.04
26.29
30.30
14.13
13.15
16.67
5.05
16.65
10.62
11.12
12.11
7.58
4.06
7.63
25.33
1.03
21.25
1.02
3.55
39.92
5.04
2.02
5.05
17.15
1.01
11.13
4.03
15.16
7.06
3.03
10.13
2.02
26.78
15.68
7.58
18.69
2.05
25.31
6.08
1.49
10.61
26.78
1.49
11.62
1.51
5.06
27.89
0.99
5.56
10.11
20.69
3.02
5.08
7.57
5.56
6.54
1.01
5.06
19.16
7.57
10.11
23.23
15.63
6.07
12.14
3.51
4.52
15.18
3.05
2.03
6.04
1.53
10.11
3.52
12.69
2.03
5.05
4.02
4.02
7.62
11.65
16.66
6.57
19.68
26.78
5.05
7.09
13.63
6.09
2.08
7.55
24.74
14.65
10.12
10.59
6.04
1.56
6.03
5.07
1.50
5.07
6.09
4.53
6.54
2.53
4.04
33.31
15.65
2.02
32.31
10.61
2.53
1.02
9.61
1.48
4.53
18.66
15.67
11.65
17.15
5.08
17.20
7.60
1.54
12.63
31.31
1.51
26.29
3.04
13.15
31.35
4.53
6.09
2.52
18.67
1.05
7.02
1.01
39.95
7.61
11.63
5.06
33.31
3.05
13.57
0.99
4.04
6.59
13.15
3.51
11.09
6.06
3.53
13.16
8.62
11.63
13.12
3.55
1.50
2.00
5.06
25.82
3.55
15.19
1.51
12.15
2.51
4.04
6.10
20.17
11.10
5.09
13.60
3.53
2.02
18.70
6.60
12.63
6.07
3.52
13.70
11.62
10.13
5.54
4.52
3.04
7.03
2.54
1.52
31.34
12.11
19.18
3.53
6.57
17.21
1.51
4.06
36.40
6.56
3.01
1.52
8.07
2.54
1.54
12.63
13.08
24.25
5.56
6.08
8.59
2.04
1.00
6.07
9.07
3.53
1.53
13.15
35.36
1.50
14.13
8.60
22.30
3.52
3.51
13.66
31.30
10.11
2.02
27.29
5.07
3.59
7.57
18.70
6.52
7.57
3.54
25.76
18.71
26.77
2.02
7.07
3.04
8.58
3.56
12.13
21.21
9.10
9.60
3.54
13.62
19.17
21.22
3.03
8.10
42.97
1.51
1.03
9.11
12.60
7.09
2.52
1.51
3.02
3.03
1.02
9.11
22.68
3.53
12.63
16.17
6.10
11.10
10.63
43.91
1.00
4.55
2.08
13.61
3.98
1.51
25.33
13.14
10.09
6.57
8.08
3.55
23.33
9.57
8.04
12.13
4.55
5.58
11.15
17.67
8.55
12.61
13.12
6.06
14.15
4.04
9.06
5.56
1.03
2.03
3.02
5.06
4.07
25.22
5.03
1.51
9.60
3.03
2.54
7.07
8.56
16.14
3.54
19.23
15.14
2.52
6.10
6.03
3.02
9.59
11.12
9.09
11.61
6.05
11.61
38.39
18.15
1.51
1.01
4.03
11.14
14.65
4.54
2.53
8.60
5.59
21.25
3.55
15.17
16.67
2.54
3.52
28.80
33.32
5.07
2.52
28.27
33.87
10.67
7.58
1.48
1.01
6.04
21.74
18.71
10.66
3.02
26.25
36.85
13.65
6.07
11.59
2.02
1.51
10.15
5.57
22.74
35.83
33.82
6.54
1.53
18.22
14.17
10.08
14.14
11.09
13.65
16.65
25.29
16.69
9.62
6.56
13.13
4.06
13.66
5.05
2.53
8.56
7.55
15.66
8.62
16.16
13.12
23.76
8.09
7.56
6.06
3.53
7.60
12.13
3.50
1.53
7.08
3.54
10.09
1.04
6.07
0.99
4.05
8.09
22.72
9.61
2.02
8.59
5.56
2.54
3.52
4.52
7.11
35.89
28.28
1.01
4.03
3.53
2.53
1.54
2.55
10.14
8.05
21.23
19.20
14.68
18.67
3.03
8.58
1.53
31.39
11.11
1.01
1.02
7.04
16.15
3.55
8.57
1.52
7.57
4.05
4.06
4.52
14.14
7.59
26.25
5.07
2.52
4.06
1.05
13.15
2.49
2.50
8.07
6.55
6.07
14.70
3.54
6.04
20.19
2.53
5.54
6.55
11.09
8.09
2.55
4.05
9.06
5.56
4.03
14.14
7.61
4.03
1.51
23.76
1.53
9.57
15.64
3.54
14.68
17.66
9.08
4.03
1.01
3.05
41.87
12.10
14.14
3.00
5.56
6.04
21.76
6.08
17.66
8.58
12.13
4.05
5.07
10.11
12.13
4.02
7.58
10.61
2.00
16.68
26.29
11.70
0.98
35.38
2.52
5.59
10.62
13.71
3.53
1.03
3.03
6.58
8.56
14.19
14.66
3.52
6.06
5.03
11.66
2.53
6.61
4.07
9.63
12.61
12.10
8.06
14.13
5.06
6.08
6.07
15.66
0.99
1.53
33.85
2.00
11.66
6.55
5.55
5.07
3.54
16.73
10.64
4.03
3.55
9.60
11.65
14.65
24.75
1.48
12.18
3.55
8.59
11.10
3.53
7.57
5.57
4.05
2.03
5.05
1.53
7.05
24.27
6.55
6.54
10.10
5.57
6.60
3.05
3.52
22.28
22.18
23.21
20.69
8.61
29.81
6.02
26.78
9.58
1.00
19.23
15.67
10.66
16.19
20.16
10.07
5.54
2.04
2.02
5.04
20.72
22.22
3.04
13.11
2.01
44.45
4.56
5.04
4.00
16.68
1.01
1.02
42.91
10.67
11.12
19.21
8.02
5.57
2.02
6.11
10.08
14.16
12.12
10.11
1.04
3.52
5.07
1.49
3.01
8.63
24.71
26.79
2.51
3.03
4.02
9.07
10.10
8.13
6.13
3.51
5.05
5.06
7.06
4.09
10.59
2.55
16.18
2.51
5.10
14.11
9.09
0.98
5.55
7.10
16.16
9.12
1.49
15.18
7.08
9.58
4.53
29.76
5.59
31.31
2.49
14.15
3.01
10.12
1.50
1.52
17.15
7.59
8.61
34.40
6.08
6.60
21.73
9.63
1.54
2.54
1.52
8.63
0.98
6.57
23.74
3.02
1.01
12.65
34.46
19.19
19.17
23.23
19.74
2.54
1.02
16.67
17.69
1.50
12.61
3.04
14.14
1.51
1.00
5.04
1.02
2.02
7.11
11.10
7.58
26.27
1.01
5.56
25.77
11.10
4.02
23.28
1.02
12.64
3.57
16.19
0.99
1.03
4.00
6.56
1.02
8.12
3.02
3.02
6.55
6.07
6.57
12.12
9.10
8.07
14.67
9.63
11.14
3.05
12.64
1.55
3.01
24.21
15.67
1.50
20.64
16.19
8.60
3.02
17.69
20.24
5.06
8.61
3.56
11.60
4.51
2.04
21.74
6.07
7.59
4.54
4.03
6.07
8.59
1.52
11.62
25.27
37.41
11.15
14.14
8.56
3.01
19.21
7.09
12.67
10.61
5.56
15.66
3.03
7.07
14.65
22.75
12.62
11.69
8.58
14.07
5.58
1.04
16.18
0.98
1.02
4.05
3.04
1.00
35.94
2.02
5.62
1.51
1.54
2.55
5.54
2.02
10.62
7.06
6.08
6.06
7.55
18.19
10.63
14.13
28.30
6.08
3.01
44.53
10.10
31.34
3.49
8.06
6.58
1.03
1.00
2.56
5.06
0.98
2.04
3.05
3.56
1.50
10.62
14.15
24.27
9.59
53.49
3.02
2.02
14.08
4.58
2.03
1.53
17.75
7.05
8.08
16.14
28.81
1.54
8.06
7.59
7.07
8.13
8.08
4.00
14.68
4.04
5.06
7.08
14.13
2.54
2.52
10.10
15.16
7.11
10.62
2.03
12.60
3.55
8.13
6.54
2.51
4.07
10.12
4.55
2.54
1.54
13.14
4.06
2.50
1.02
6.56
12.11
14.69
3.02
34.30
11.62
20.71
5.53
5.03
4.06
13.17
5.58
11.09
1.02
14.62
2.03
11.15
2.49
5.55
8.59
19.23
17.18
14.68
11.62
5.04
15.17
3.53
9.60
9.61
5.07
2.02
10.61
17.15
20.20
27.29
3.54
10.62
1.02
2.00
1.03
14.66
18.73
2.51
3.52
2.50
22.69
17.13
1.00
3.07
12.16
0.97
1.52
1.01
2.51
3.04
11.08
4.03
1.02
3.03
16.71
5.05
6.04
2.02
5.57
14.16
11.61
2.52
21.75
26.26
1.04
16.67
14.67
5.03
27.29
2.05
5.07
4.54
1.01
3.57
17.16
5.03
4.56
2.50
3.52
3.02
23.23
2.54
1.51
7.65
2.00
19.78
7.60
2.50
46.53
4.60
18.73
1.99
32.82
2.54
17.16
1.04
21.70
1.01
8.61
19.67
9.07
8.07
11.08
14.65
3.04
2.52
3.04
9.11
23.76
1.50
10.65
14.62
5.02
1.51
24.75
4.05
3.03
1.52
5.06
18.75
5.09
5.57
3.06
5.02
11.68
54.58
2.54
27.77
3.01
8.07
7.60
1.50
19.16
3.54
9.59
5.54
3.02
19.20
1.02
1.02
9.11
2.02
15.19
3.04
14.19
15.66
2.01
1.03
2.01
19.21
2.04
2.02
2.03
8.58
7.04
30.24
3.55
6.06
4.05
19.66
10.62
19.73
3.52
2.51
3.54
8.58
10.14
2.53
8.05
7.58
19.27
6.11
5.53
15.15
11.07
9.60
4.05
12.64
3.54
7.59
24.84
4.02
5.57
7.09
3.54
4.56
10.09
19.74
5.00
11.64
1.51
4.06
2.53
2.55
9.61
27.83
10.58
5.03
6.53
5.05
13.69
0.99
3.04
6.07
1.54
11.64
4.56
12.13
1.03
8.09
2.04
2.00
26.32
6.08
22.27
7.56
5.53
12.12
4.55
1.52
21.71
11.60
3.52
3.58
3.51
26.30
5.57
7.06
21.74
6.55
36.42
16.18
3.07
22.21
5.00
3.05
1.98
1.01
46.50
13.13
6.10
1.52
9.63
3.56
3.06
7.60
8.05
3.00
4.54
12.60
4.05
9.59
16.68
8.07
4.57
7.57
12.64
4.07
3.53
28.25
22.22
8.60
2.55
2.01
5.05
5.53
9.61
9.12
1.06
22.25
1.48
15.68
18.68
27.79
14.63
7.07
12.62
15.70
7.57
13.14
7.07
2.06
1.52
4.56
1.00
7.07
11.59
7.11
1.54
4.99
12.64
22.20
18.73
47.53
1.50
26.32
12.63
1.52
3.06
5.05
23.74
5.54
1.50
2.52
2.02
16.21
7.58
7.09
10.09
4.57
2.01
9.09
8.57
5.06
10.13
9.59
17.70
2.51
2.02
7.59
10.65
2.48
16.67
8.14
5.07
1.01
7.09
5.04
4.03
5.57
19.17
17.19
1.48
4.55
12.61
3.50
1.52
7.10
27.26
41.96
27.81
21.24
3.03
5.58
0.98
8.12
11.61
4.07
3.54
2.99
8.65
5.01
6.04
36.88
10.66
10.63
0.98
7.56
48.01
3.52
4.02
4.05
6.05
31.32
9.07
7.59
5.54
6.05
10.12
4.55
14.14
4.58
22.71
2.00
9.08
31.39
23.75
15.72
3.03
4.59
4.04
11.12
2.04
12.07
8.59
2.02
11.60
9.09
7.59
13.13
2.54
7.07
8.08
8.58
4.03
4.03
17.72
14.65
2.52
19.23
6.01
13.61
5.55
36.38
1.52
11.08
7.07
27.28
52.02
2.50
20.73
1.00
11.62
3.02
2.00
63.14
5.58
25.31
3.02
2.02
23.22
9.11
2.04
4.04
5.02
27.79
3.01
10.10
2.53
6.07
9.62
7.58
6.55
2.51
13.12
2.03
3.04
8.59
2.53
4.57
6.58
10.59
6.57
3.53
6.06
4.51
4.06
8.59
13.17
7.58
8.61
22.23
14.64
6.09
3.01
27.76
2.01
2.99
1.52
7.09
1.02
15.15
0.99
1.02
18.74
5.05
1.51
27.82
3.04
4.56
19.20
6.58
1.51
14.09
9.10
30.30
3.53
17.21
7.60
12.14
3.04
4.05
5.57
3.02
24.76
3.53
17.68
5.04
2.53
9.62
2.02
1.03
9.62
22.20
5.05
3.03
16.65
2.52
2.56
11.58
1.98
2.52
1.02
16.19
3.00
4.55
16.17
12.60
1.51
5.10
1.56
3.01
5.05
8.59
17.20
11.62
5.52
15.65
9.10
5.03
1.02
4.04
9.57
7.09
50.53
6.59
11.12
3.54
8.57
1.02
1.00
3.53
5.03
2.54
2.51
18.21
3.54
20.24
9.05
9.64
3.50
6.58
2.54
10.09
2.03
1.00
8.61
5.07
3.02
16.18
4.04
10.12
0.99
5.05
15.20
8.56
4.56
2.52
7.09
2.05
20.20
2.53
21.80
1.52
4.99
5.58
22.20
2.52
6.07
6.07
4.09
9.08
16.64
15.62
1.01
7.58
10.10
4.05
10.11
5.03
10.62
2.53
5.05
7.08
3.04
7.07
21.70
16.64
21.75
11.58
11.15
19.70
1.51
3.57
5.07
9.11
8.58
2.03
6.60
0.96
1.02
12.11
2.02
4.55
4.02
13.60
5.57
1.54
8.59
20.17
7.04
8.57
7.61
8.07
5.54
4.08
13.61
12.15
11.56
3.04
8.07
3.57
11.12
14.65
3.51
10.10
2.53
5.55
20.17
11.59
4.05
5.07
9.09
8.09
10.14
5.55
16.69
4.05
18.68
7.58
8.61
5.06
18.74
0.96
12.16
19.21
27.31
26.29
0.98
14.18
18.67
2.53
25.26
6.59
12.14
6.07
16.16
9.57
12.62
57.55
5.02
6.09
1.55
17.18
1.50
7.06
5.57
10.08
3.05
8.60
1.55
3.52
23.71
4.51
3.04
5.60
11.63
14.62
6.08
1.01
2.02
1.00
27.88
19.19
3.04
2.02
5.54
18.20
21.75
2.53
13.67
2.54
18.18
10.09
26.78
5.54
33.31
1.53
3.02
15.65
4.05
14.17
6.10
26.82
12.62
12.16
7.59
12.63
2.02
13.60
10.11
0.98
36.34
9.12
9.64
21.21
15.64
27.80
1.02
22.18
11.11
46.45
11.11
7.07
7.09
4.59
15.18
6.08
17.18
14.67
2.03
4.00
10.10
1.01
12.61
10.64
5.10
7.58
6.04
13.63
14.66
16.19
21.69
12.13
2.00
17.17
18.16
27.29
17.24
9.08
1.03
2.02
4.50
8.09
26.31
14.12
6.06
5.56
11.61
1.04
1.01
16.67
33.26
4.04
12.13
5.11
13.63
28.81
1.49
1.03
13.68
3.54
22.69
4.08
14.64
6.11
1.98
13.66
7.61
1.53
16.61
4.61
7.08
11.14
15.66
5.06
1.01
1.02
3.04
6.03
16.16
2.54
1.00
2.06
14.16
20.19
3.06
3.55
8.08
17.65
1.02
10.62
9.58
7.62
20.16
12.62
6.07
23.23
11.62
2.03
2.02
34.33
1.48
1.03
10.63
8.05
1.55
7.54
4.00
7.56
1.01
1.55
4.02
3.05
1.99
18.73
13.13
21.21
9.08
1.50
10.62
45.00
6.07
6.63
16.17
17.16
17.15
13.13
2.52
13.13
6.07
12.64
11.60
1.52
9.10
3.53
5.07
6.07
5.08
9.58
15.68
6.51
5.55
2.03
1.52
3.06
2.00
3.52
1.01
11.63
2.53
4.55
0.99
12.14
9.66
4.51
11.08
15.70
4.01
13.18
11.60
6.55
2.04
5.54
14.67
5.05
1.54
23.25
7.57
1.52
10.63
6.60
11.63
21.28
10.63
16.68
8.09
19.72
31.78
22.70
14.12
17.68
2.50
10.14
0.97
17.67
5.05
8.10
1.52
16.66
5.57
7.58
3.55
6.08
15.19
6.06
15.63
14.66
13.10
9.61
7.58
1.01
17.68
10.62
19.20
10.63
6.07
2.03
11.12
8.09
3.03
3.03
5.55
5.55
21.70
1.02
1.01
36.36
17.22
9.55
14.64
3.06
7.08
22.22
1.01
2.53
2.04
6.59
11.17
5.56
1.45
4.03
15.16
7.06
20.75
3.01
18.15
35.90
17.15
1.01
1.55
1.49
1.01
2.02
22.27
8.10
2.49
32.89
21.75
25.27
22.75
1.00
2.52
25.74
5.05
36.38
8.62
10.11
3.02
1.01
9.07
9.57
10.12
17.20
17.22
4.03
2.51
23.28
20.21
21.27
21.71
18.65
1.01
25.21
13.66
13.14
2.55
1.00
15.12
24.29
2.54
5.06
31.91
10.61
18.71
2.03
7.56
19.70
12.67
5.07
29.32
6.55
4.53
2.03
7.61
5.06
12.11
12.66
10.58
3.05
7.56
5.52
2.01
2.51
12.13
29.86
10.14
19.69
13.15
1.01
11.60
11.63
1.50
4.56
2.53
19.26
4.56
2.54
7.61
2.01
1.02
20.69
32.88
8.13
25.28
7.59
3.02
24.75
29.76
1.01
2.01
1.54
4.04
2.51
8.10
1.00
2.00
5.07
8.61
2.02
6.52
10.13
3.99
5.58
3.54
10.10
5.59
1.00
2.05
2.55
6.06
8.53
11.61
14.14
23.71
8.09
3.53
7.62
6.59
21.25
19.20
26.23
7.04
48.02
11.62
5.55
5.58
6.54
6.08
2.02
2.02
1.52
3.02
38.37
39.40
12.13
23.72
6.56
2.02
2.01
2.02
11.61
2.04
2.04
4.00
10.61
3.56
4.53
1.01
17.72
1.96
4.06
9.59
8.60
2.05
47.52
4.03
8.58
5.05
9.62
5.05
3.54
42.42
12.12
32.40
2.01
3.00
6.05
26.32
0.98
9.59
1.01
8.10
1.52
3.05
6.09
0.99
2.54
8.55
3.54
11.63
2.05
21.22
34.89
24.21
1.52
6.60
10.60
8.58
6.54
6.07
1.02
3.52
8.09
17.18
16.69
0.99
5.55
6.55
3.54
9.09
8.09
7.55
2.53
33.91
29.33
1.01
10.06
12.11
15.67
38.43
4.07
16.18
17.20
7.05
7.07
5.03
6.61
7.07
2.08
10.11
25.26
8.06
4.03
1.49
11.66
3.53
0.98
16.16
7.60
13.19
15.70
6.52
26.39
7.57
9.53
15.10
5.51
5.57
11.11
26.37
18.72
18.68
8.57
10.04
2.02
2.55
5.56
13.13
7.59
1.51
1.05
4.55
6.09
11.08
5.03
5.53
10.12
3.54
34.36
4.06
2.01
21.21
8.10
20.19
1.00
4.04
1.52
2.51
27.22
2.04
10.63
3.53
6.07
2.02
3.56
11.64
1.50
6.56
20.74
4.03
4.00
5.09
5.54
22.74
11.62
17.16
9.10
21.77
21.65
10.08
22.70
1.00
5.05
14.14
2.51
14.20
13.18
24.24
10.15
5.06
12.64
30.82
4.53
1.50
9.64
6.58
11.62
1.01
8.59
2.06
27.25
2.01
17.17
4.61
3.47
13.18
2.55
29.81
10.12
1.98
11.66
6.56
2.02
26.24
7.57
23.83
17.18
5.00
1.01
12.11
9.58
4.05
8.60
13.11
1.01
3.02
14.12
1.02
1.00
5.56
10.64
8.04
16.72
16.70
10.10
10.62
20.26
23.67
3.51
2.03
2.04
14.15
9.10
7.05
3.56
5.54
19.74
6.60
18.71
19.16
6.06
4.54
3.54
8.08
12.65
10.13
8.08
17.17
9.57
7.57
2.54
22.73
16.22
2.01
11.60
8.05
1.52
12.66
6.08
1.53
22.24
11.60
20.19
2.54
6.06
9.60
28.33
23.76
5.04
12.63
15.66
12.15
10.58
25.24
11.10
3.04
11.11
12.16
6.55
5.05
9.64
25.76
8.06
26.80
5.55
31.36
13.10
7.57
7.58
1.51
3.04
19.20
5.05
6.08
17.75
18.67
5.56
1.53
28.30
11.08
11.64
11.12
3.54
7.09
3.51
3.55
32.89
26.83
16.14
1.52
32.32
8.59
3.56
23.27
10.61
4.54
20.20
4.55
25.80
8.57
8.06
4.59
9.09
15.63
24.28
26.23
4.58
4.55
2.52
10.05
37.87
4.56
5.55
5.55
17.20
6.06
4.98
7.58
12.64
5.09
20.67
7.08
7.57
3.53
27.77
27.32
7.04
28.35
4.55
18.69
12.63
6.03
2.53
1.51
12.60
11.62
3.53
7.57
2.55
19.72
14.19
5.56
16.68
12.11
3.55
17.20
2.50
2.52
11.14
14.12
38.81
4.59
10.11
8.07
29.80
7.04
6.05
20.25
7.56
2.57
6.56
2.01
5.55
7.61
3.04
10.09
3.52
1.52
16.68
1.02
3.02
28.77
11.11
13.21
2.03
0.97
9.12
25.25
8.06
3.59
22.22
15.67
12.60
13.63
17.71
10.12
26.31
11.07
22.24
1.51
2.04
4.04
9.10
36.33
2.02
30.38
45.97
2.01
3.52
10.10
11.67
1.51
9.58
6.06
5.53
14.15
11.11
3.02
2.00
3.01
6.10
26.30
15.63
3.01
29.31
4.01
14.14
23.76
8.59
16.65
5.55
10.14
19.23
2.52
9.62
1.51
11.59
2.52
2.08
10.14
12.61
5.06
15.66
4.54
1.04
20.24
11.58
29.32
10.60
10.10
2.00
27.77
3.04
1.01
13.66
7.10
3.51
2.02
3.04
16.12
6.02
6.57
4.04
8.10
5.03
3.02
5.07
9.61
5.56
1.01
6.05
3.02
2.02
4.07
4.52
8.62
6.06
1.49
22.73
5.55
13.70
4.05
7.56
14.19
23.71
2.53
6.08
5.03
9.59
6.55
5.04
1.01
13.15
15.16
11.15
0.96
14.18
22.21
28.31
1.51
4.07
21.20
12.64
13.62
2.02
12.16
1.00
8.61
1.52
28.30
20.23
10.61
8.11
14.10
20.63
1.01
1.01
2.51
1.01
3.04
3.04
4.52
1.01
6.04
27.78
4.58
3.01
5.07
2.51
6.62
7.11
2.99
0.99
14.68
17.21
3.54
8.09
10.12
3.06
3.51
52.03
2.02
26.75
5.04
11.09
1.52
12.70
12.60
36.89
8.57
1.51
7.06
4.06
3.53
33.30
4.06
3.54
36.44
20.24
1.01
5.05
23.77
12.10
8.08
14.18
12.09
17.69
12.12
1.50
7.06
5.60
7.60
20.73
9.56
2.55
3.04
8.11
12.59
14.21
17.20
4.00
10.06
17.65
1.50
10.62
2.52
4.05
4.54
5.53
3.06
3.03
7.59
14.15
4.05
14.63
10.62
15.20
6.05
3.07
9.56
8.58
10.60
5.54
15.65
11.60
1.51
7.06
24.81
26.26
4.01
1.52
3.57
6.58
10.60
2.06
5.03
7.09
4.57
7.61
16.11
2.52
5.08
11.09
8.61
3.07
17.24
15.63
1.49
2.51
9.09
2.52
16.62
4.05
15.66
2.06
11.09
12.10
1.51
2.51
1.02
3.59
6.07
2.54
28.85
3.03
3.49
18.64
4.04
11.09
17.67
2.04
5.56
2.01
14.68
1.00
8.62
12.13
1.01
5.07
11.11
1.01
4.00
14.61
8.57
14.14
17.16
4.59
10.59
2.55
7.06
16.70
7.05
7.07
11.16
21.26
13.11
2.54
8.07
8.60
1.00
1.53
5.60
40.43
2.51
10.08
9.11
3.54
7.07
3.51
22.71
2.59
1.45
10.57
4.05
14.18
20.21
5.07
3.53
3.03
8.57
9.67
10.53
15.69
1.02
20.23
3.05
6.09
6.04
5.54
23.77
1.02
2.51
12.16
24.31
35.34
7.59
5.04
16.10
11.64
2.54
8.60
4.02
1.01
8.54
9.09
8.07
12.62
2.57
1.01
4.03
3.00
11.12
12.71
12.13
1.01
10.60
3.55
1.50
4.03
27.80
10.06
5.54
15.20
14.13
7.52
15.61
5.59
3.55
13.66
20.20
21.22
2.02
3.55
26.28
5.05
27.81
24.83
14.17
5.04
6.56
14.15
23.74
9.62
9.12
12.18
30.34
10.09
5.56
4.06
2.55
39.40
6.04
10.11
12.61
15.63
2.51
1.54
3.58
4.03
21.76
7.07
14.62
24.76
40.91
7.59
1.53
28.30
11.14
1.50
2.51
3.55
5.07
1.50
1.99
3.03
2.57
10.08
4.04
3.04
28.76
6.62
4.50
6.59
25.24
1.01
18.66
2.56
7.10
5.55
5.54
14.15
7.57
2.00
7.57
1.52
5.07
15.67
3.05
6.03
18.16
15.62
7.08
9.60
7.09
2.54
11.11
6.59
26.28
19.74
8.07
13.12
3.53
2.02
10.09
18.65
1.00
1.01
9.11
8.07
9.11
9.09
20.22
2.02
11.07
8.11
2.53
11.16
0.99
18.69
5.57
7.11
7.07
1.01
27.80
7.03
13.66
21.22
7.06
2.54
10.61
1.00
3.04
1.01
8.60
1.04
6.06
5.06
5.58
21.22
25.24
2.52
10.58
2.03
16.18
1.50
3.04
5.57
17.22
1.02
16.70
4.58
21.25
20.27
17.17
10.57
12.09
15.13
5.08
13.60
10.63
2.52
7.57
1.55
2.00
5.05
1.01
9.61
10.59
4.08
4.04
8.07
14.13
17.17
11.18
7.10
9.63
4.05
44.46
17.24
6.06
21.23
7.57
4.55
50.50
14.64
11.59
22.72
13.14
2.01
2.00
21.25
10.15
6.06
3.53
19.71
14.67
7.06
15.66
1.07
11.63
1.49
7.08
11.62
19.71
15.66
5.01
14.66
6.07
8.55
17.73
5.52
21.23
3.54
71.26
5.06
26.32
6.08
7.57
13.61
1.52
11.10
6.54
1.00
3.55
17.14
10.08
5.06
25.76
6.54
5.05
1.51
1.01
27.80
2.53
25.27
4.06
2.52
12.68
9.08
18.17
7.07
29.82
22.72
17.19
9.58
5.06
8.55
8.09
12.65
16.17
16.15
9.09
4.03
12.13
41.94
3.03
7.08
26.27
2.51
6.56
2.03
15.19
8.12
14.13
10.06
2.00
10.61
9.64
16.74
19.71
3.55
5.04
4.54
16.66
1.01
25.80
2.52
7.55
14.17
20.21
2.04
0.96
3.55
4.05
8.60
15.73
5.02
2.53
9.57
6.60
18.17
3.04
7.08
15.15
6.60
63.13
3.57
4.54
2.49
3.57
5.58
14.68
7.05
1.51
5.03
6.08
4.04
5.56
2.52
8.59
1.03
5.55
8.08
10.16
7.58
19.72
5.04
5.07
15.21
19.68
3.49
8.11
10.08
11.09
32.82
19.21
7.12
4.52
4.07
20.16
11.08
2.50
3.03
6.55
11.62
15.15
7.58
10.59
11.11
17.16
1.54
4.04
7.58
6.03
7.57
5.57
2.54
11.09
6.05
5.07
12.13
19.69
2.02
3.54
1.52
4.05
7.56
9.58
9.60
7.56
13.64
2.03
12.08
11.14
2.55
2.49
18.13
3.55
2.01
20.18
8.60
24.23
9.09
3.52
1.04
7.06
22.26
4.06
1.01
11.10
21.70
7.59
1.52
8.63
12.65
14.67
2.53
15.60
3.54
3.05
15.17
3.02
11.13
1.02
11.18
6.56
8.54
7.57
6.56
1.01
10.59
1.00
43.98
14.64
5.06
3.04
14.63
11.15
10.62
15.65
5.05
2.01
7.05
3.54
12.64
6.06
2.04
1.51
4.03
2.02
4.53
1.02
9.11
21.78
12.11
2.50
2.52
3.03
11.11
14.14
4.57
2.51
3.56
3.55
5.59
11.57
2.55
14.60
13.68
1.49
7.06
62.15
4.53
13.11
2.52
16.66
16.20
1.01
12.58
6.55
19.24
32.86
10.13
1.52
23.21
3.52
1.51
5.56
5.55
20.24
2.53
3.55
1.52
0.98
18.70
2.02
1.03
0.99
7.06
17.18
13.64
3.54
2.52
15.68
1.52
3.04
7.57
11.60
17.17
11.63
8.04
17.18
1.03
6.05
16.69
11.15
15.13
1.48
10.62
3.52
1.99
8.61
1.00
1.04
14.65
3.58
17.17
3.04
11.08
8.05
2.03
3.03
15.11
8.58
28.33
3.04
24.78
9.09
14.14
18.16
15.14
1.01
2.56
3.51
25.73
2.08
15.66
26.78
11.60
6.06
19.20
15.68
2.55
17.68
5.62
0.98
3.02
2.01
17.12
12.64
25.25
25.30
4.01
8.11
20.71
6.07
11.12
4.56
10.09
21.20
14.18
4.01
23.22
1.01
24.29
14.12
4.04
1.02
5.03
10.66
3.52
10.62
3.55
5.54
24.79
26.79
18.68
10.08
13.17
3.07
31.32
7.07
61.07
17.66
6.06
2.54
1.50
5.56
17.72
2.51
4.07
13.14
5.06
18.70
1.01
3.54
6.55
30.79
6.05
3.55
12.66
2.49
10.12
10.60
24.74
8.04
4.51
11.63
7.57
34.35
13.17
32.92
8.59
4.03
11.09
6.05
10.57
2.02
11.12
3.03
1.03
19.24
10.65
4.01
6.06
1.53
7.54
16.69
31.31
4.56
33.38
6.57
2.51
20.19
2.05
36.85
6.10
11.60
7.06
12.12
30.80
1.49
7.07
24.76
7.57
3.02
5.06
5.59
10.61
2.52
2.06
9.55
3.04
19.19
8.56
6.59
4.01
22.27
34.81
9.58
33.30
21.22
5.56
3.04
10.11
11.13
9.08
5.06
19.66
18.20
7.03
15.19
21.18
18.17
3.03
1.01
5.05
12.15
4.04
2.04
12.18
12.67
6.55
7.03
1.01
10.11
3.04
12.60
3.53
5.56
21.73
10.58
8.09
7.05
7.59
3.02
11.12
6.59
5.54
9.60
31.30
9.65
11.15
5.05
5.58
8.60
3.52
9.06
2.53
3.03
3.52
6.07
4.57
49.01
2.02
1.49
4.03
11.59
6.05
2.52
5.04
5.09
21.24
12.12
7.53
1.03
3.09
7.06
1.01
10.62
6.50
2.54
3.52
2.55
24.80
24.73
38.39
4.52
1.01
2.03
13.61
14.65
34.81
4.55
2.54
4.05
6.56
7.58
19.68
11.12
7.58
7.06
3.01
2.54
2.53
27.81
66.71
32.80
1.01
6.56
2.53
13.21
19.68
2.03
19.26
3.00
19.20
19.22
8.11
0.99
28.28
9.12
3.05
8.08
13.11
23.19
7.10
7.04
1.52
4.06
33.35
2.02
35.38
8.61
19.27
1.99
24.78
5.57
4.57
12.66
3.49
30.27
13.64
19.19
5.07
9.16
29.30
2.00
6.03
8.60
20.20
23.78
7.62
2.00
9.64
27.75
5.54
4.56
28.31
21.68
7.57
5.57
7.58
4.54
3.57
11.11
17.67
1.02
18.70
16.22
23.72
7.04
11.55
1.55
4.07
15.15
4.06
2.52
6.07
1.01
4.58
6.61
2.99
6.08
4.05
7.05
6.06
35.42
32.81
3.07
2.99
10.62
36.37
9.10
2.01
1.52
1.02
9.09
13.64
8.10
3.53
26.79
7.07
12.11
14.14
7.09
3.01
6.04
3.03
5.05
1.53
3.57
8.61
2.03
3.04
8.05
2.01
5.08
13.64
5.05
11.63
1.04
6.04
11.62
29.83
8.07
4.01
8.08
1.01
6.59
8.61
10.09
6.55
4.04
10.59
11.10
9.10
19.23
5.57
3.04
7.08
4.54
21.72
1.55
5.57
11.08
18.66
3.53
26.81
13.70
3.50
1.03
12.62
1.52
18.18
10.57
1.01
1.52
11.11
5.05
24.25
9.06
21.70
8.07
4.54
2.03
47.59
1.51
15.65
7.55
1.52
1.55
5.09
4.50
8.56
15.66
15.19
17.15
7.59
19.27
2.00
8.11
16.68
12.66
14.67
13.63
9.14
1.54
14.12
6.07
10.12
3.55
13.15
7.62
60.18
0.99
2.00
9.59
3.03
6.56
3.03
13.20
7.06
14.16
12.57
12.11
3.54
2.98
10.13
11.11
4.04
5.54
17.20
9.58
8.61
17.73
2.52
29.79
13.13
7.05
11.10
46.03
51.09
7.56
5.08
1.04
13.65
1.02
13.60
70.27
21.78
3.01
1.51
12.13
26.75
3.53
17.18
4.53
12.13
10.10
7.57
9.55
43.96
1.52
1.52
11.12
11.15
6.61
3.03
17.68
24.79
1.52
0.98
4.60
9.56
1.99
6.64
2.47
14.66
3.03
8.10
4.00
2.52
5.56
8.57
40.45
1.50
38.42
4.05
3.02
5.07
15.20
2.01
13.70
9.60
6.61
15.65
1.55
4.51
3.57
20.26
2.51
23.72
3.53
12.10
8.12
15.16
3.54
13.63
3.54
8.10
9.64
12.57
25.24
33.41
10.07
3.01
22.71
26.25
5.08
5.57
4.00
5.03
30.84
5.11
5.00
18.20
9.10
15.72
6.59
3.02
7.59
6.03
3.52
15.64
2.55
19.67
6.57
10.09
17.70
8.10
5.06
25.32
10.63
7.56
29.81
3.03
3.06
3.54
11.64
1.52
2.02
5.04
18.17
19.72
10.63
3.00
10.60
2.02
3.03
6.11
30.30
14.12
4.04
8.09
7.60
6.61
17.20
6.59
11.60
4.03
4.03
3.03
24.21
29.33
6.53
31.31
6.07
20.24
19.16
2.53
10.63
1.53
7.02
7.10
22.75
7.61
1.51
6.07
7.09
16.66
10.08
19.22
6.56
46.60
48.09
11.06
23.21
15.70
3.02
15.14
3.05
15.15
51.08
27.86
2.02
7.57
9.55
8.08
3.04
17.68
16.16
13.62
13.09
2.54
18.19
11.64
21.75
2.50
4.04
10.10
7.58
1.00
4.57
2.53
7.07
1.53
2.02
8.13
2.05
8.10
6.57
3.02
4.54
21.18
17.17
37.36
12.63
6.58
5.55
17.19
2.02
9.58
1.00
9.10
14.13
5.06
30.74
5.55
2.02
16.68
6.06
7.10
15.68
11.12
6.60
5.57
1.02
7.55
1.52
19.70
25.25
16.73
3.49
19.18
4.54
7.60
38.91
6.57
1.02
19.68
13.15
20.21
4.53
21.71
11.62
16.18
1.54
8.12
5.53
3.49
1.52
19.23
1.50
3.55
1.55
2.50
3.54
14.69
4.03
2.03
20.76
2.50
6.08
14.17
1.54
3.52
8.08
6.59
18.20
6.06
21.72
9.13
1.99
27.27
2.02
9.08
43.00
3.53
2.52
1.02
22.19
2.02
5.56
1.52
6.54
17.70
24.73
8.11
14.14
3.01
11.12
22.78
0.96
1.49
2.03
2.01
1.01
7.61
20.77
2.53
14.13
7.07
10.64
3.00
11.10
2.51
2.05
18.75
6.04
3.06
12.08
1.52
2.48
34.90
1.52
5.55
11.65
6.10
5.61
5.04
2.03
18.68
4.53
1.51
3.99
7.07
12.61
3.52
10.11
2.53
33.36
17.15
2.02
2.03
3.06
6.03
1.52
2.05
8.57
31.82
1.52
1.51
12.63
11.11
4.05
15.13
31.84
28.83
7.10
2.00
12.16
10.58
11.64
9.08
16.64
7.10
4.04
6.56
8.58
5.06
3.02
11.12
4.52
7.08
0.99
7.57
5.05
14.68
2.53
8.10
2.49
18.19
3.55
10.12
4.51
38.36
27.29
1.00
7.60
2.02
3.05
11.65
9.57
6.58
1.02
21.68
5.60
16.69
2.01
4.53
10.63
15.20
6.06
1.01
4.00
55.04
11.10
1.50
12.14
11.61
13.12
14.66
12.09
4.57
8.09
24.32
23.20
3.09
8.60
6.56
1.00
6.09
11.55
5.06
1.54
1.49
18.20
8.60
27.28
19.70
10.06
3.05
20.16
14.13
22.19
16.19
5.04
1.52
11.61
7.08
16.65
2.04
8.06
19.76
2.00
7.06
25.83
14.12
14.63
6.08
1.48
1.04
8.09
4.00
37.41
29.32
0.97
16.72
10.60
2.56
11.65
3.00
1.52
51.69
8.59
5.03
1.51
6.55
6.09
10.62
24.23
11.13
1.04
7.09
9.61
1.48
10.57
4.55
5.07
11.12
1.01
9.08
4.04
6.10
2.00
9.58
21.79
10.61
9.18
7.57
7.10
8.61
10.59
16.13
16.65
22.21
30.82
1.52
5.55
3.03
15.12
2.53
3.58
1.01
4.04
11.58
6.11
4.08
6.07
5.52
3.53
1.52
7.10
9.62
11.15
14.64
2.52
2.52
13.16
42.38
14.64
2.99
14.12
19.19
9.14
6.09
5.56
9.61
1.56
13.15
29.77
17.71
4.55
9.11
2.54
14.65
1.49
5.05
5.60
3.50
5.05
1.00
1.52
57.53
16.64
7.05
6.63
1.96
7.09
4.06
10.59
2.53
10.61
11.11
11.67
16.70
0.99
5.07
1.55
31.91
11.14
5.10
6.05
12.62
4.55
2.53
11.07
10.12
4.05
7.57
5.56
7.60
25.26
25.25
1.01
20.14
14.20
5.06
13.62
11.10
9.65
20.20
1.01
19.70
3.00
19.72
4.06
2.53
27.30
10.07
2.03
2.53
3.52
3.51
3.04
2.54
14.70
36.36
9.58
4.57
3.00
16.72
34.88
12.05
5.07
23.73
16.16
7.07
7.58
3.54
5.55
3.03
4.55
13.61
24.31
29.80
14.60
7.10
24.75
10.11
8.56
3.54
16.18
7.59
16.67
16.18
13.62
1.52
1.52
13.10
2.03
5.57
1.03
2.56
1.02
11.12
9.05
1.02
21.73
2.51
14.20
3.52
11.13
8.10
7.08
3.03
1.00
1.01
6.56
8.11
7.09
8.07
15.19
8.12
1.51
25.30
10.06
4.60
5.04
36.88
9.65
42.94
10.06
21.19
11.60
6.07
27.25
9.57
1.52
11.65
5.55
4.56
1.52
15.18
1.01
8.08
4.56
9.58
3.55
13.08
1.54
13.10
23.24
25.81
8.13
11.14
15.15
30.81
13.11
22.18
4.53
7.57
8.59
1.51
7.15
8.59
1.51
10.67
4.54
4.05
18.15
2.01
4.04
15.62
35.36
3.08
35.41
10.58
1.02
23.23
18.65
42.44
22.22
16.66
1.00
17.15
21.74
2.56
4.03
6.06
21.77
9.07
24.76
21.71
8.10
1.49
6.53
15.65
21.74
14.13
2.56
6.05
1.03
5.03
2.03
22.70
10.62
6.56
1.52
28.80
3.59
9.59
6.53
7.05
11.63
4.06
18.62
1.52
1.51
1.55
1.00
8.08
4.52
2.02
8.13
25.81
20.24
1.01
11.14
5.06
6.59
14.67
5.54
6.61
2.98
11.61
5.56
2.57
7.57
24.29
0.97
1.02
11.61
10.13
8.06
4.62
0.98
11.14
30.81
12.15
6.07
1.53
1.01
7.58
14.64
16.64
2.01
3.54
17.22
2.01
28.29
1.51
7.60
5.07
2.51
6.58
18.27
7.12
4.56
12.12
4.57
3.56
23.21
3.04
15.14
4.07
26.26
10.63
3.54
2.54
1.52
28.32
14.19
9.60
11.61
2.52
1.49
5.60
9.07
5.56
8.58
8.11
8.06
9.58
20.69
3.53
11.15
7.60
3.54
19.22
11.14
8.14
5.04
7.04
2.56
24.80
7.05
23.22
2.52
1.00
7.62
4.04
14.17
16.16
13.60
13.60
27.33
13.13
8.56
22.72
3.53
4.54
33.44
2.01
8.60
30.79
8.56
15.17
3.03
1.00
6.05
34.85
2.56
1.48
28.88
18.20
17.64
12.10
12.14
10.61
2.00
9.07
43.98
15.68
18.17
4.03
37.92
1.04
3.50
15.15
6.59
37.44
10.06
8.05
1.01
7.58
5.59
1.50
7.57
2.52
5.50
1.02
1.99
8.58
12.61
21.23
1.52
2.01
2.02
3.58
2.99
3.04
26.76
27.85
2.53
3.54
8.59
2.02
7.05
19.77
18.76
4.02
12.11
9.58
12.14
5.57
8.10
3.04
4.57
5.55
6.57
3.49
3.05
5.03
2.48
2.03
10.09
2.02
14.66
9.12
28.81
4.53
3.05
13.16
11.13
8.58
36.93
27.83
14.66
8.07
5.03
10.10
5.03
2.54
14.14
19.71
10.12
20.22
8.59
1.52
11.08
1.01
12.65
16.24
16.71
1.50
8.54
18.67
11.15
3.53
21.73
12.63
10.60
7.57
63.10
6.06
4.06
3.04
1.52
5.59
2.01
26.28
21.77
2.53
8.10
5.57
8.56
32.29
3.00
3.55
20.23
41.44
5.55
3.00
8.59
4.54
15.15
59.14
5.10
11.15
17.17
6.12
8.02
11.12
17.23
4.04
28.24
2.03
9.09
2.04
19.71
1.01
39.31
8.11
10.59
15.13
36.96
5.01
27.77
33.36
10.61
7.08
12.13
19.22
3.54
11.12
40.88
10.14
24.76
3.51
4.53
6.08
1.02
2.05
11.12
8.10
2.51
17.24
5.56
3.99
4.56
8.59
2.55
22.22
8.59
1.00
1.02
26.28
26.71
16.69
6.60
10.63
7.59
3.54
24.26
1.02
2.02
15.65
7.11
6.06
11.15
5.56
2.49
45.98
5.03
1.50
8.59
10.12
2.08
22.74
19.23
10.05
10.64
2.02
25.82
0.98
7.61
2.03
2.54
6.06
28.80
6.04
3.53
11.59
11.13
2.52
7.62
9.59
0.98
3.02
17.19
1.49
8.06
6.59
1.52
2.53
9.12
8.11
15.15
7.09
13.59
2.55
8.63
7.58
12.64
4.05
19.71
7.08
0.98
8.60
12.69
4.51
12.59
1.00
1.05
12.10
8.11
7.07
4.48
4.54
18.66
4.02
3.02
3.06
19.22
14.69
3.50
3.02
2.55
1.01
3.56
0.99
6.56
7.58
1.51
15.67
4.09
6.00
10.62
4.03
2.55
4.07
5.53
7.59
1.54
34.87
15.62
9.07
6.63
12.13
5.08
3.48
6.56
7.10
19.27
21.73
8.57
2.03
8.10
5.55
2.54
10.09
10.60
26.26
11.07
1.00
2.01
26.35
7.59
9.59
14.13
1.01
0.97
8.60
0.98
31.35
17.19
3.09
1.49
14.63
1.02
22.71
5.05
3.06
10.13
13.11
4.54
8.10
5.55
8.61
5.06
18.66
2.49
2.51
1.54
4.03
2.50
6.62
13.69
18.19
21.21
1.52
8.07
11.16
4.03
4.04
11.09
6.04
2.02
1.01
16.68
3.51
12.63
17.15
2.02
0.99
14.67
5.54
14.16
9.12
0.99
7.60
6.06
9.59
3.56
22.21
45.52
6.04
6.05
9.10
1.01
19.70
5.60
27.84
7.06
7.53
5.06
8.07
1.01
15.68
5.07
13.15
10.63
3.03
21.71
18.69
21.23
3.01
2.03
5.05
3.54
3.52
5.06
1.50
23.74
21.77
13.65
10.61
5.56
3.04
6.57
12.12
4.57
2.02
9.10
12.20
1.49
13.13
5.06
13.16
4.55
1.01
3.02
6.06
5.55
7.07
6.59
18.17
9.05
5.07
16.67
2.99
10.12
17.67
5.04
6.05
33.82
1.01
8.60
27.83
4.05
2.56
17.68
2.51
1.51
3.04
14.16
1.56
10.62
3.03
2.04
16.21
2.99
1.01
1.52
9.61
28.23
18.18
3.56
3.06
24.27
15.16
20.67
23.26
0.99
2.04
0.97
8.10
10.11
3.53
4.50
6.11
15.66
6.06
7.53
5.06
1.03
5.54
18.25
22.22
4.01
4.03
11.71
6.11
5.06
5.02
2.03
8.61
20.75
6.07
1.53
10.12
10.65
6.56
10.09
8.11
5.56
8.09
26.82
15.64
6.59
9.11
1.54
1.51
13.63
8.63
0.99
45.00
2.02
31.25
29.86
1.52
1.03
1.51
2.02
2.51
3.03
1.51
1.52
7.59
12.16
34.38
19.70
10.13
4.06
2.06
16.66
9.07
1.01
3.49
3.55
1.51
4.53
8.60
19.77
14.15
2.03
4.08
7.06
7.06
21.24
1.00
9.07
8.08
6.09
4.04
3.02
12.62
20.26
7.59
9.63
11.14
4.58
8.63
5.51
20.22
3.56
4.04
4.03
14.20
7.07
12.63
3.04
8.61
31.87
11.12
14.69
6.51
5.51
33.88
2.52
2.02
2.03
8.14
9.67
0.96
8.59
4.05
2.54
19.71
5.52
6.56
2.07
23.21
10.06
3.55
10.58
1.01
26.25
6.56
44.94
11.62
1.01
12.68
12.09
13.15
11.63
18.72
7.58
7.05
6.55
2.03
5.06
2.53
12.11
2.52
13.19
3.53
0.99
6.07
2.53
2.56
4.02
6.53
11.12
9.65
20.23
8.55
38.87
1.01
8.60
1.55
9.61
25.23
16.68
1.51
14.15
10.59
1.01
3.03
42.41
1.04
12.15
4.52
7.07
8.09
7.58
19.20
21.73
3.59
12.11
27.80
4.49
3.01
10.10
12.12
14.69
21.20
5.05
7.55
33.39
18.71
2.54
8.05
8.07
2.52
31.84
12.63
3.56
29.82
9.56
31.28
3.54
9.58
1.04
9.56
22.79
10.11
4.05
2.03
7.05
3.52
26.29
9.62
22.26
3.53
14.14
10.58
23.25
44.46
10.67
2.99
2.02
3.55
31.33
18.18
6.61
5.09
3.04
1.03
14.66
5.03
7.61
1.46
16.17
5.59
8.59
17.67
9.11
2.54
6.54
15.19
1.56
34.37
7.06
15.22
6.08
14.62
17.63
3.54
18.17
2.51
4.57
5.55
1.51
8.09
11.61
6.04
16.72
7.59
6.07
20.70
21.74
2.53
24.79
7.58
2.52
1.02
3.02
5.06
11.61
18.69
5.57
19.71
14.68
12.62
1.05
5.55
6.01
1.02
9.09
2.55
12.15
26.29
10.08
6.05
1.51
7.10
8.60
24.25
4.56
8.09
4.10
16.17
6.56
3.05
6.59
14.61
7.57
4.55
19.17
1.52
10.60
5.54
12.60
1.04
9.61
17.73
1.01
9.06
6.56
1.51
6.56
4.03
2.03
19.23
12.11
20.75
3.54
9.11
14.16
11.12
0.99
10.61
2.53
29.34
33.86
26.80
8.10
1.00
4.53
37.87
4.53
14.68
16.21
2.52
12.12
15.68
16.69
29.81
1.07
11.65
5.50
8.09
23.22
26.30
13.17
1.51
7.06
1.51
5.01
4.55
14.15
7.07
3.03
22.23
7.10
2.03
31.29
3.05
6.06
5.57
13.16
15.18
15.14
23.22
10.10
1.50
1.03
3.53
2.51
3.53
1.00
2.02
1.01
10.58
17.18
11.12
3.56
5.55
6.56
23.28
1.01
4.07
6.06
21.21
2.56
7.63
6.03
22.22
6.58
1.51
13.10
10.08
4.05
19.70
26.26
1.51
11.66
34.83
6.56
25.29
38.40
5.03
12.12
31.40
6.05
5.56
1.01
2.03
4.55
15.15
5.62
3.03
10.60
5.57
2.53
8.58
7.04
4.05
4.03
1.52
1.01
14.64
12.63
5.10
0.95
9.61
8.08
2.54
8.09
5.09
14.64
1.51
18.15
1.54
19.15
10.60
2.04
20.17
6.05
5.06
8.57
8.60
7.59
1.03
10.07
5.03
2.06
4.54
6.08
21.75
8.11
1.48
13.65
15.64
30.35
10.13
3.04
20.71
15.18
1.02
14.63
15.63
5.07
6.56
24.24
5.04
2.02
2.57
0.98
2.52
4.05
2.53
2.53
11.14
10.60
2.57
13.64
41.41
29.32
0.98
10.60
4.06
8.09
35.90
4.07
1.52
1.52
3.06
5.57
6.55
1.52
14.18
30.32
2.01
15.15
5.05
3.06
7.60
11.07
16.16
8.59
1.01
1.03
6.58
4.56
2.03
5.05
7.09
15.20
5.04
1.01
6.59
4.06
7.11
1.47
7.60
1.01
3.02
13.61
5.10
18.67
20.26
2.99
12.62
4.05
16.60
9.60
9.15
4.03
15.62
4.51
4.03
8.08
18.69
20.18
2.51
10.58
11.11
2.03
1.51
27.84
7.60
5.05
13.11
27.90
19.71
19.73
2.00
9.61
1.49
7.10
3.05
15.68
12.66
37.35
7.57
2.57
8.61
11.06
3.02
10.14
14.17
2.98
13.20
6.52
4.59
6.03
15.12
25.79
3.01
2.02
11.65
3.55
31.80
5.60
12.65
57.05
13.10
5.07
1.51
11.15
17.65
12.07
11.07
24.65
3.03
5.14
5.09
1.99
3.04
8.08
4.07
3.02
2.51
3.57
17.19
8.60
2.08
12.12
9.08
21.72
22.65
20.20
19.67
5.53
6.58
14.16
26.76
6.57
11.08
10.60
7.08
12.63
10.11
10.10
12.67
12.16
9.09
11.14
24.81
24.18
5.03
6.10
14.14
1.01
12.65
25.80
12.18
9.61
10.10
22.74
8.08
5.56
6.06
2.03
2.01
12.61
1.52
19.20
11.13
7.09
19.76
10.13
19.22
11.12
12.59
2.02
3.54
23.72
8.06
2.52
8.13
11.14
17.18
1.01
3.51
2.53
5.05
1.04
11.12
4.01
15.65
6.07
16.61
20.18
8.59
19.14
3.57
13.64
14.66
18.63
13.66
6.08
3.03
4.53
4.07
1.50
7.64
20.72
2.01
20.24
0.97
3.04
12.63
10.66
7.61
5.53
27.72
7.08
6.57
1.51
3.01
8.05
20.71
8.11
3.53
9.15
1.55
26.28
7.08
7.06
7.07
8.06
7.06
24.74
8.11
3.55
7.59
3.04
2.02
4.05
6.13
8.57
3.52
11.11
13.16
4.01
14.17
5.05
18.76
10.61
15.17
12.14
6.10
35.94
2.00
6.07
3.04
1.54
3.06
2.52
11.65
6.60
4.52
17.13
3.53
14.13
21.23
4.05
6.61
17.17
4.53
8.09
4.06
8.61
14.18
4.03
2.52
6.57
4.05
7.55
1.52
1.01
13.12
12.12
14.67
2.00
4.05
7.05
8.62
1.03
9.55
7.08
3.06
2.54
0.97
4.55
6.59
17.19
4.02
18.20
17.18
5.58
5.55
1.53
10.55
38.44
2.98
3.03
16.12
23.74
56.55
5.04
3.54
3.53
5.06
3.52
34.86
14.68
16.15
19.74
16.68
25.26
13.19
20.21
19.77
24.24
6.04
33.35
21.74
7.58
1.53
1.03
8.07
14.11
3.55
7.08
14.60
28.78
13.16
16.14
2.53
9.62
6.52
24.85
2.02
1.02
30.28
6.57
12.62
5.59
12.61
25.78
29.30
8.09
1.02
16.73
2.53
17.70
3.50
29.34
1.52
15.64
11.11
2.57
23.25
12.12
0.98
4.07
1.56
15.17
1.55
24.21
15.68
9.04
3.52
2.03
9.59
12.15
10.61
1.51
1.01
3.04
4.57
23.74
13.19
6.09
2.51
5.01
3.54
11.09
7.58
4.09
22.72
27.72
48.03
2.56
3.03
25.72
7.10
3.04
13.10
6.59
17.74
15.17
6.51
3.07
3.57
4.03
12.07
12.64
11.58
20.23
13.12
20.17
5.54
7.59
3.01
7.09
11.14
0.99
6.09
4.03
6.06
6.57
27.84
20.23
5.10
2.50
4.59
0.97
10.10
49.53
12.62
1.51
4.53
16.14
1.51
9.60
6.06
22.74
1.01
11.14
21.21
1.02
33.82
5.05
5.06
3.54
7.09
8.58
2.52
4.03
4.04
8.58
3.53
8.06
11.61
24.29
8.05
14.17
11.16
9.14
17.21
7.10
3.01
1.04
3.59
38.87
4.10
2.97
12.12
22.20
4.05
25.25
13.68
6.55
14.18
8.14
40.96
9.58
11.60
3.06
6.06
8.09
17.67
1.49
6.05
6.57
1.01
1.02
1.51
6.55
7.61
14.66
5.54
28.27
8.59
12.10
1.53
3.58
22.24
33.84
1.51
25.23
19.72
1.01
5.54
20.19
10.12
8.06
15.71
5.04
6.56
2.01
3.54
11.15
20.77
1.52
7.06
15.14
9.10
26.22
18.70
6.63
8.55
21.19
16.18
6.60
12.67
0.95
13.10
21.15
9.09
1.02
3.54
3.58
4.97
11.59
18.17
8.64
2.03
13.15
11.65
12.14
9.60
22.23
39.44
4.06
0.99
4.03
5.03
1.02
1.99
3.02
3.57
4.04
8.58
3.04
10.61
8.59
13.12
2.53
25.78
8.57
12.64
4.54
9.60
2.01
3.03
5.56
25.32
5.07
5.59
9.12
11.07
3.06
21.24
4.51
1.00
6.07
14.15
2.02
8.58
22.25
4.06
28.83
20.24
4.02
3.07
4.06
2.54
9.60
7.10
5.51
10.60
3.01
6.06
1.01
3.05
2.00
11.61
18.71
4.56
1.53
1.02
4.01
5.53
9.60
20.74
16.72
67.20
9.06
15.19
9.08
21.25
27.31
11.63
5.04
5.04
9.53
4.06
11.66
1.98
15.67
7.57
11.13
7.57
6.08
16.20
22.75
8.61
5.06
18.68
13.63
2.06
4.02
12.13
6.56
9.07
2.53
3.57
22.21
3.54
21.71
12.62
28.77
15.20
7.07
4.54
3.52
1.04
9.62
5.03
15.12
2.06
4.58
9.09
12.11
10.60
2.03
16.20
13.62
8.56
1.01
23.70
1.02
14.69
3.52
12.64
22.22
2.53
13.13
10.64
1.00
22.75
18.23
13.16
17.69
2.04
4.05
13.15
11.08
3.50
2.02
16.16
11.63
8.58
11.09
4.04
15.18
3.02
6.55
43.48
2.52
4.56
7.11
1.03
34.93
20.76
2.52
4.51
3.02
5.53
3.53
10.64
10.61
8.60
7.54
12.12
9.61
23.30
1.52
18.22
14.16
2.99
3.02
1.52
5.05
23.83
6.05
18.73
20.71
4.51
4.04
7.07
5.56
1.02
15.17
7.11
5.05
3.06
3.48
7.07
9.13
7.08
4.55
7.06
11.62
5.59
51.51
3.05
25.29
21.28
1.54
16.67
3.04
1.02
2.55
16.16
21.80
2.51
7.55
8.08
2.05
6.05
2.46
8.06
4.58
1.47
7.57
7.57
2.52
4.05
5.58
13.14
14.20
6.56
16.69
19.68
11.11
2.52
6.58
4.03
5.57
34.36
2.51
3.07
7.56
26.32
3.04
16.09
16.68
19.15
10.61
16.70
4.00
15.16
7.57
4.05
6.08
7.09
11.60
2.51
4.05
2.52
2.05
11.62
5.08
11.62
3.98
2.03
2.02
13.16
4.06
17.68
11.62
7.59
20.72
6.05
20.74
0.94
17.22
14.64
10.58
6.56
16.65
2.53
18.71
12.64
7.57
12.13
25.77
14.65
10.61
1.02
15.67
9.65
15.64
33.90
32.30
2.50
11.15
22.75
18.68
8.08
6.11
13.72
4.58
15.17
15.61
7.60
13.63
5.57
9.07
2.53
9.14
1.50
11.60
2.52
8.07
8.09
3.02
29.89
13.64
10.17
4.08
3.53
14.09
3.01
0.97
5.04
3.56
2.56
9.12
17.69
9.63
1.99
20.68
15.69
12.65
8.13
1.00
6.04
4.05
9.58
2.02
8.06
2.02
1.53
17.74
7.05
11.60
1.50
7.07
5.57
6.55
11.61
1.52
7.10
6.04
4.06
7.60
13.08
25.74
24.72
3.03
8.11
13.14
9.09
7.08
2.52
36.41
4.05
8.56
11.17
18.72
7.60
11.08
11.12
26.80
17.19
10.62
6.06
0.97
1.04
1.00
10.59
7.56
8.09
3.03
8.10
25.34
3.04
5.07
8.57
3.54
10.66
15.13
5.03
9.60
2.51
6.62
1.48
6.06
30.85
10.66
13.14
0.96
1.01
1.98
9.60
1.52
11.65
3.55
16.18
37.33
5.06
18.25
11.09
16.60
1.01
7.07
3.52
5.04
1.04
10.59
4.00
4.08
7.08
2.49
46.89
5.55
12.15
3.02
15.17
24.74
13.19
6.09
24.77
6.57
3.01
11.14
23.77
2.05
18.26
2.56
0.98
14.66
1.02
16.63
2.55
2.02
5.51
17.15
19.20
1.54
4.55
7.57
6.57
13.61
8.67
2.98
12.06
3.04
42.46
17.68
22.78
6.08
13.67
18.69
4.07
27.79
1.49
26.31
18.69
3.51
9.11
10.04
11.12
2.55
14.17
7.07
13.68
6.09
10.60
13.12
3.57
10.57
3.08
12.64
13.65
11.08
3.08
1.98
7.59
16.64
3.01
5.06
1.02
1.00
36.35
1.02
21.79
12.15
5.56
3.02
1.00
10.09
12.67
5.56
21.20
17.68
14.68
20.71
33.35
16.67
5.05
2.53
15.65
8.60
7.62
0.99
5.06
37.44
3.04
24.25
6.09
14.12
17.17
23.31
4.05
1.47
11.09
5.03
8.09
10.62
4.03
3.53
8.55
18.20
6.09
5.06
22.32
27.33
1.00
2.00
7.09
1.52
20.18
3.02
1.52
6.06
14.70
27.27
2.05
11.63
17.73
6.04
1.54
14.66
28.75
13.14
6.11
7.54
23.70
5.54
5.08
1.02
34.85
21.75
9.08
3.54
40.48
2.57
4.01
16.13
12.13
1.01
2.55
24.77
15.70
4.51
3.02
1.55
22.20
24.31
23.71
12.16
18.66
29.32
8.55
11.11
6.06
2.51
24.78
5.50
26.82
8.13
10.58
8.58
26.26
3.03
6.59
3.48
6.07
2.53
6.55
7.06
3.04
18.73
7.06
43.45
26.27
2.04
22.25
0.99
2.55
4.52
4.05
40.95
11.61
7.57
16.64
1.54
7.06
11.69
21.73
8.59
23.73
8.06
28.76
1.01
27.27
1.03
6.55
5.05
10.65
11.12
7.03
7.05
3.03
22.71
2.54
6.08
20.22
7.07
29.77
4.05
13.69
6.03
3.55
2.54
4.54
1.04
6.05
1.52
46.02
6.06
9.60
7.59
2.50
3.02
19.65
2.03
1.50
6.08
13.24
17.20
7.07
0.97
9.60
26.75
7.09
5.04
3.06
1.51
2.99
2.03
6.06
4.57
1.51
13.70
11.14
14.66
2.05
16.59
7.07
1.52
3.53
2.55
6.58
3.03
3.56
26.35
13.65
3.02
1.03
11.59
24.79
3.54
6.08
27.27
1.03
7.58
2.06
5.05
4.03
9.09
7.56
23.71
12.64
4.04
12.13
27.26
4.57
8.08
5.56
4.10
3.06
5.02
3.04
10.10
8.10
11.11
20.11
1.00
6.08
10.10
1.01
6.58
3.58
19.24
5.97
1.52
12.11
7.08
20.17
10.62
4.54
2.07
11.61
13.16
5.07
6.55
3.03
11.62
33.32
6.59
25.71
1.01
11.61
21.25
26.26
7.09
1.00
10.08
2.03
3.02
42.97
25.25
19.18
2.07
16.19
1.50
27.78
5.55
5.56
4.56
18.67
12.13
21.18
26.84
30.47
8.10
83.91
6.05
8.56
3.05
2.50
4.53
1.57
12.11
2.01
10.66
1.03
16.11
10.07
2.02
3.54
3.53
40.45
3.02
23.24
2.52
5.57
8.63
14.16
6.11
5.60
7.55
15.68
12.13
19.21
20.18
3.04
1.54
14.14
3.03
1.01
4.05
1.56
23.26
20.19
0.98
50.07
19.19
1.05
4.50
1.50
3.03
17.17
15.64
8.59
15.64
8.57
3.05
3.02
9.10
17.24
1.51
9.09
1.01
3.03
44.47
3.03
9.59
2.03
10.64
7.09
3.01
16.71
4.58
0.99
11.10
11.12
22.26
11.14
5.58
23.25
27.23
4.07
21.61
14.61
12.63
15.16
3.52
2.48
4.59
8.62
5.54
9.54
2.03
35.42
11.12
11.60
14.63
6.06
7.12
5.05
2.00
3.06
2.53
11.11
14.10
4.05
9.10
38.47
1.51
20.70
5.55
20.73
3.53
2.52
6.04
1.05
6.02
4.03
2.52
17.73
22.25
5.55
0.98
1.51
1.02
4.52
3.56
16.15
12.63
5.03
2.51
3.57
12.72
2.46
5.05
17.67
5.55
5.53
2.01
37.49
1.53
21.25
3.55
2.02
6.02
6.06
11.62
4.58
10.60
8.57
2.02
3.54
18.73
2.97
6.07
13.60
7.08
2.00
43.47
3.04
7.09
8.08
2.00
41.43
1.52
5.08
3.02
5.54
3.53
20.17
13.64
2.52
2.06
11.13
5.55
14.16
6.08
2.02
2.02
20.19
7.58
20.20
6.61
1.02
7.06
9.09
4.08
4.03
4.55
10.06
10.09
2.02
11.18
11.12
31.78
1.01
4.54
3.06
43.40
12.10
6.11
26.87
9.09
5.52
10.15
9.60
22.74
26.32
7.09
15.65
27.85
2.00
8.09
1.54
1.53
21.69
2.04
13.17
2.52
7.54
4.03
1.04
12.11
13.09
2.54
6.56
3.04
9.56
26.74
9.61
5.04
39.86
4.06
6.04
17.66
7.58
3.05
16.69
4.03
2.02
29.34
5.05
11.63
5.09
2.48
10.59
1.01
8.59
11.14
12.13
1.01
3.53
28.26
6.59
9.61
22.73
72.67
3.00
6.08
14.16
4.04
11.10
10.08
6.08
16.17
3.04
7.60
15.16
5.06
28.38
14.12
6.58
4.00
7.07
20.65
25.78
4.59
2.53
24.76
4.05
3.52
5.55
4.05
14.09
3.02
4.05
2.06
7.59
0.98
14.64
2.03
6.08
23.71
5.58
20.20
33.31
6.11
1.57
1.47
1.01
3.49
24.76
1.98
22.21
2.01
8.08
39.51
16.65
3.02
14.16
17.19
15.18
2.06
24.84
16.19
8.06
1.01
7.58
3.07
9.11
27.80
5.07
9.54
3.03
3.06
6.56
5.04
3.00
3.03
11.64
6.56
13.16
27.79
7.10
12.19
12.08
31.35
21.20
9.52
30.28
13.63
3.03
11.61
14.19
16.18
5.59
11.15
10.11
7.58
3.03
17.66
1.51
18.23
43.48
13.71
2.49
5.11
13.09
26.73
8.62
1.49
48.07
19.19
5.56
21.67
3.53
11.63
8.61
2.02
30.76
3.06
4.50
21.75
2.52
11.60
2.53
10.64
5.05
8.61
5.55
3.05
12.11
1.55
14.16
5.03
2.48
4.53
3.03
8.07
2.54
4.59
13.70
5.06
12.10
12.14
10.11
24.69
10.10
9.61
7.09
2.53
1.56
3.51
1.01
27.76
17.16
1.53
16.69
1.51
11.62
12.16
4.00
3.04
14.16
22.27
2.02
8.08
44.45
5.05
5.59
6.58
6.57
1.98
3.00
13.62
2.02
6.56
2.07
5.06
4.01
2.03
19.23
3.03
6.53
14.11
4.03
31.86
15.19
2.54
13.15
17.67
15.68
6.04
2.01
5.57
3.06
10.65
20.25
11.12
3.53
9.65
4.56
27.26
7.57
43.00
1.52
4.03
8.13
6.06
6.55
13.73
4.48
5.51
3.54
20.24
6.02
9.63
26.31
3.04
6.07
2.53
29.78
2.98
3.04
14.69
15.13
16.21
4.04
9.04
8.54
10.59
6.13
18.68
11.08
9.62
13.14
11.58
2.48
32.37
7.04
5.05
8.61
19.72
20.72
17.70
9.58
2.02
9.11
3.03
10.58
1.55
6.06
14.15
13.61
12.13
16.68
3.04
8.58
19.20
3.06
3.03
1.99
13.17
6.03
10.61
3.08
3.00
7.06
18.69
5.05
11.16
1.48
4.56
11.12
3.54
5.07
2.00
5.56
13.24
7.57
12.13
4.06
1.01
10.13
8.10
1.02
26.26
15.65
1.01
17.69
30.33
1.51
22.20
1.51
11.63
2.03
1.54
4.52
6.01
12.62
26.76
18.20
3.06
6.57
3.54
7.57
2.52
17.65
3.03
2.03
2.05
6.09
5.53
2.02
40.99
1.04
6.04
2.02
1.51
15.65
2.04
2.00
9.10
27.78
3.08
7.55
7.54
3.58
18.69
7.56
18.18
11.18
6.05
1.52
15.18
15.16
10.11
9.07
7.57
2.53
19.27
36.89
21.77
5.04
3.54
1.52
10.62
6.57
8.61
23.72
6.56
6.59
3.06
24.80
11.58
47.92
2.53
16.15
3.55
3.58
5.52
10.11
18.71
54.16
29.74
33.87
6.10
1.50
8.54
1.52
13.15
8.13
26.75
9.58
10.13
7.60
20.72
34.91
1.51
6.55
6.58
2.03
3.53
19.18
2.01
5.05
19.23
19.73
2.02
19.17
37.43
5.55
7.61
1.49
37.99
7.09
3.09
0.96
2.52
10.66
25.73
1.52
2.99
7.08
4.50
4.04
7.57
10.11
1.56
10.66
6.04
6.58
0.99
1.52
13.14
5.57
22.71
1.53
3.01
12.62
18.17
36.44
24.28
33.32
6.58
4.04
1.52
3.03
5.04
8.14
19.22
5.04
13.67
10.61
3.01
25.73
17.78
11.63
7.04
5.10
13.59
9.07
4.03
6.61
21.25
8.58
4.00
1.53
2.58
7.57
14.69
16.16
18.19
9.08
8.13
6.51
7.56
11.15
6.07
4.07
5.06
4.51
17.70
13.66
2.01
4.57
4.05
6.03
9.57
7.09
28.83
4.56
7.58
9.58
6.57
2.51
16.16
5.55
9.14
8.14
10.13
9.57
5.54
5.04
22.25
8.16
10.16
6.53
1.54
0.97
16.17
39.39
11.61
8.05
7.07
5.56
4.54
14.66
7.56
2.52
11.17
3.03
9.07
24.73
3.56
9.62
2.52
7.11
1.00
2.56
12.63
21.66
21.25
5.60
7.06
64.68
2.04
11.17
21.20
2.03
24.78
32.91
2.54
2.50
30.82
11.63
7.07
20.77
21.70
7.61
1.96
23.23
10.62
1.02
29.83
7.06
3.52
4.07
9.54
4.52
2.56
10.10
7.05
7.07
4.61
12.12
5.57
3.52
7.58
14.62
27.78
11.66
1.49
39.48
6.06
2.54
7.57
12.66
17.68
3.01
8.07
19.22
2.04
0.99
8.62
15.15
9.11
14.64
1.01
17.69
15.76
8.53
33.36
6.10
6.58
1.50
27.30
1.52
11.08
8.10
2.02
11.13
20.22
6.08
5.59
1.98
3.53
9.61
3.04
2.56
7.11
1.00
1.01
5.06
19.66
8.63
1.02
27.33
6.09
7.59
3.02
16.73
5.57
15.64
12.14
8.07
1.52
17.67
1.51
20.70
1.01
1.01
16.69
3.55
9.65
25.82
1.53
9.06
4.55
4.05
16.67
2.03
6.06
30.29
3.03
1.02
6.01
4.55
6.53
3.59
5.02
18.17
6.04
7.14
5.58
1.52
20.70
18.14
15.16
8.60
9.12
32.35
0.98
1.52
2.52
26.25
2.01
4.06
10.58
32.81
9.09
7.57
9.66
1.99
41.40
12.15
9.60
4.03
13.12
21.67
5.06
36.90
1.49
1.49
14.15
1.54
5.09
7.56
4.56
3.02
12.65
6.59
1.00
18.71
25.29
4.03
7.09
7.05
5.55
1.51
16.16
6.09
3.51
8.61
2.02
5.58
6.60
4.02
2.52
11.60
1.01
3.55
15.17
3.01
41.85
9.60
14.14
10.13
6.05
2.01
13.15
1.55
1.52
2.56
1.49
14.66
5.57
6.54
1.01
1.52
15.18
5.57
7.09
29.83
11.61
14.66
1.49
5.55
2.04
8.60
7.06
13.65
3.03
24.81
4.57
4.05
13.11
10.58
10.10
39.92
6.13
13.57
2.02
44.98
30.40
19.22
13.13
14.14
1.54
11.62
8.53
5.61
1.99
2.02
42.41
3.55
7.05
5.54
13.13
23.22
42.45
6.09
8.58
2.02
4.10
13.63
22.78
13.14
26.72
17.17
2.03
12.62
24.75
7.57
2.03
6.08
32.82
3.56
17.17
1.02
28.32
5.03
14.16
4.04
11.58
9.55
2.02
8.08
6.59
0.98
19.16
1.02
8.61
6.07
3.53
15.16
4.04
2.51
19.25
14.67
9.04
11.12
15.12
8.63
33.90
8.04
2.01
7.59
22.79
12.19
2.48
6.57
23.18
7.08
26.22
3.03
13.64
8.63
7.06
21.71
4.05
19.21
22.25
10.67
13.11
7.59
10.07
13.59
3.04
4.04
14.66
17.70
17.73
20.21
2.02
15.66
5.52
16.64
2.02
13.16
26.80
11.61
9.07
10.62
5.59
17.17
4.04
9.56
1.56
6.55
6.51
3.07
1.00
10.57
10.61
20.71
3.57
7.04
11.17
6.06
11.56
5.52
2.58
3.08
1.53
3.02
7.09
6.53
11.08
13.12
3.54
14.15
5.03
12.66
8.60
27.25
6.54
35.91
17.20
2.01
8.61
4.00
19.19
1.02
12.15
7.11
12.68
1.99
5.08
17.17
6.51
31.40
3.53
1.52
5.48
2.08
10.08
7.11
1.51
8.09
15.61
5.04
4.03
3.06
3.52
8.13
3.50
4.05
1.52
44.44
9.04
11.11
39.40
12.63
3.02
2.01
5.09
9.65
10.08
23.78
14.15
1.99
5.56
14.14
12.67
21.71
10.08
8.10
1.01
4.06
3.06
23.76
8.61
0.98
13.17
13.60
2.03
2.02
11.66
2.02
25.24
8.58
2.52
1.01
7.07
7.61
8.60
6.01
38.38
1.52
21.18
20.24
5.04
9.07
1.52
6.05
1.52
14.61
3.54
8.07
2.58
26.27
3.51
29.36
17.20
16.15
8.66
15.15
0.99
9.06
4.05
13.11
2.04
0.96
28.35
5.07
16.69
18.71
5.59
19.66
5.54
3.06
5.10
3.54
1.99
4.05
1.01
7.62
12.11
13.65
2.53
2.52
12.63
11.07
2.51
16.18
16.13
3.02
12.65
13.67
1.00
10.61
4.00
7.09
19.78
1.49
21.74
5.55
1.53
4.04
11.12
6.07
13.17
3.53
4.58
14.15
8.09
4.04
14.61
9.13
4.01
21.74
6.10
3.53
9.60
6.05
43.92
5.56
19.28
9.63
5.56
24.29
2.54
5.05
4.55
6.57
12.12
6.57
12.58
5.55
7.59
7.07
8.09
14.22
4.49
9.65
3.02
25.26
8.05
34.93
4.53
10.63
4.05
1.53
10.11
6.55
19.63
28.34
3.54
7.60
21.25
4.05
7.08
1.50
2.06
2.98
10.64
30.32
20.21
2.52
4.04
24.19
1.52
2.54
8.57
7.07
1.02
6.06
10.59
2.02
8.62
4.08
16.17
14.59
2.03
16.65
3.56
11.11
31.42
2.53
1.00
16.65
10.12
9.59
1.52
5.05
5.55
4.05
4.06
25.76
25.22
3.51
30.30
6.58
16.14
7.57
10.08
8.07
2.54
3.03
1.50
11.61
7.06
5.62
6.57
3.54
9.10
2.02
11.13
18.14
12.10
4.07
10.61
15.19
28.31
9.11
19.71
4.07
5.57
34.39
10.11
18.20
7.62
19.20
11.60
2.04
3.01
9.60
5.09
9.58
16.70
14.65
0.99
11.67
11.05
22.81
25.76
2.01
4.52
7.04
11.12
25.32
8.10
11.12
8.06
5.55
14.61
34.87
3.03
7.14
4.54
13.17
25.24
18.68
5.08
21.70
1.52
8.57
25.25
5.55
14.62
28.82
3.56
46.00
6.06
5.57
1.01
1.01
12.62
3.57
11.12
8.59
12.56
17.24
4.07
6.05
1.01
11.07
1.01
4.06
18.20
10.11
32.81
10.59
11.11
4.01
11.61
3.04
11.65
1.54
2.52
0.99
7.63
3.04
2.00
14.65
2.02
16.18
9.11
9.13
21.75
7.57
26.83
24.21
12.63
10.10
6.60
24.73
17.18
5.08
2.00
4.07
22.72
16.67
6.06
8.62
28.29
37.90
6.57
16.14
7.55
4.04
13.12
6.06
5.54
1.02
8.61
20.71
21.71
1.49
2.54
15.64
11.13
2.52
6.04
4.53
1.03
2.53
4.54
8.12
7.09
7.07
14.65
14.16
7.07
22.76
7.05
8.54
2.55
7.59
1.49
4.52
8.11
6.09
30.32
10.59
27.77
30.78
7.07
1.51
5.53
21.32
43.40
20.22
32.34
9.09
11.11
47.48
2.07
8.11
9.55
15.12
10.10
2.52
7.08
1.01
2.04
3.07
7.57
4.02
1.01
14.70
9.09
15.12
4.56
17.71
12.64
38.46
1.48
1.54
5.04
11.12
35.37
4.56
2.55
11.08
1.52
33.39
0.99
9.08
19.23
8.05
45.99
2.60
1.48
19.71
6.01
7.06
16.16
2.01
4.06
24.81
6.56
21.23
8.58
12.16
4.00
22.75
3.09
1.99
2.02
6.55
44.94
12.14
5.03
2.49
6.05
19.69
12.63
2.03
28.81
24.73
9.58
15.17
24.28
7.64
7.60
9.61
11.05
3.56
16.15
14.16
16.18
61.64
46.03
7.06
42.94
18.20
6.59
2.50
21.75
5.08
1.98
7.04
17.65
6.56
7.06
1.04
11.60
6.52
9.62
9.60
11.12
2.01
5.57
21.23
9.60
9.08
23.80
5.59
5.04
3.05
10.64
1.06
18.66
18.70
1.49
1.05
10.03
33.84
2.04
15.14
4.03
7.08
15.67
5.07
18.73
1.51
5.05
1.00
9.08
3.03
11.09
2.01
4.04
4.03
1.02
22.27
23.72
11.14
1.01
6.09
1.00
11.09
11.15
3.53
4.07
16.23
41.49
14.13
10.10
7.06
3.56
4.01
6.57
44.43
1.52
10.63
2.52
2.04
4.56
2.47
10.09
16.29
3.53
15.72
10.11
12.69
15.62
2.46
13.16
16.15
14.18
2.47
2.54
1.53
9.04
8.63
1.01
13.13
22.25
15.68
7.07
5.08
4.61
13.18
3.99
4.99
5.06
8.06
2.53
8.12
6.05
22.76
5.05
2.03
12.67
14.20
9.58
4.04
2.52
2.01
1.52
44.46
8.59
7.06
5.53
4.06
19.21
3.02
4.54
1.53
4.54
5.04
3.53
1.06
8.10
23.25
3.02
20.64
32.89
24.26
7.09
6.57
18.18
12.63
4.02
52.09
10.13
3.53
10.64
2.02
10.10
3.01
24.31
3.06
13.16
12.11
6.52
18.70
8.11
10.62
4.58
17.09
11.06
6.05
34.87
7.59
2.04
5.08
15.70
13.12
2.52
5.55
12.63
24.79
1.01
12.10
7.07
7.58
4.06
4.47
5.57
13.13
6.06
9.71
1.49
8.08
4.05
2.52
7.07
3.59
23.32
4.56
16.71
12.06
3.53
6.57
5.55
19.69
9.62
8.10
6.05
4.05
8.57
9.63
7.06
23.75
5.06
3.07
2.52
9.09
12.12
13.65
15.15
35.39
8.63
14.64
4.56
11.14
12.13
19.18
23.24
14.62
12.65
2.01
8.63
10.61
14.73
6.56
3.52
2.06
10.61
6.53
3.06
2.07
25.21
4.04
13.18
3.01
24.82
16.20
7.56
8.57
3.56
9.58
2.99
8.05
8.60
9.08
14.15
23.80
14.19
19.76
1.47
9.01
6.55
11.14
14.64
4.04
1.52
9.60
12.61
7.64
9.63
29.82
1.04
5.48
5.60
6.04
3.53
13.62
19.74
6.05
4.56
20.77
2.05
1.52
23.73
2.03
5.07
1.04
7.62
0.99
5.04
8.61
1.01
9.13
4.54
8.58
8.06
1.53
1.51
35.46
5.08
2.01
5.55
27.77
8.14
8.59
7.11
25.73
25.30
18.72
4.54
4.08
24.24
19.76
11.06
11.60
13.08
10.59
1.54
4.05
7.58
1.01
24.19
10.62
12.15
14.16
8.64
8.58
1.01
1.01
4.99
1.52
4.03
13.17
6.08
1.00
8.64
14.64
1.01
3.55
8.61
7.56
1.04
2.04
10.60
14.15
11.11
13.07
9.04
9.10
52.53
26.76
14.16
10.12
9.63
32.85
4.04
2.00
10.09
22.28
1.52
5.55
41.94
2.02
24.74
30.88
56.61
12.14
26.27
5.58
23.28
1.99
3.58
1.99
9.08
4.04
20.70
17.65
26.31
2.48
22.74
14.66
12.65
7.07
6.06
10.61
31.84
26.29
7.57
5.09
19.72
11.58
20.20
1.52
3.52
28.35
2.55
0.99
20.78
16.67
0.99
2.55
1.00
6.57
4.06
4.04
13.13
3.60
11.61
18.70
3.54
10.08
31.31
7.57
6.06
40.89
8.11
10.67
4.50
34.94
21.24
21.77
10.57
24.25
9.62
5.58
21.78
3.06
9.06
10.08
2.02
4.61
29.31
5.49
11.62
22.76
37.44
4.56
13.18
6.54
1.54
2.02
1.52
39.92
1.57
12.69
10.59
12.10
6.59
36.87
3.03
9.06
15.14
2.02
1.51
3.53
6.61
2.04
3.55
2.03
11.60
1.02
11.16
1.48
4.03
15.11
7.61
33.43
14.15
2.02
5.57
16.09
4.56
26.79
10.14
2.02
18.23
28.79
2.56
24.75
3.01
5.58
1.01
2.01
20.24
4.04
2.00
2.52
18.22
2.53
1.02
2.51
1.04
6.07
11.66
2.07
5.53
1.52
2.97
7.10
2.04
17.74
7.56
19.64
1.52
4.08
7.65
2.98
13.69
14.13
3.53
1.53
3.55
2.51
12.14
8.59
