4.13
2.02
4.04
4.57
18.20
4.58
21.76
13.12
21.21
2.02
17.69
10.63
20.23
33.36
11.12
21.76
1.49
6.11
8.05
12.13
3.54
8.09
6.55
3.52
28.35
2.01
12.12
21.20
4.53
20.71
30.84
10.13
8.59
11.64
45.96
2.04
23.76
9.59
10.13
11.12
7.59
7.60
29.74
17.72
1.55
7.05
5.08
15.18
10.57
6.58
9.61
6.60
6.57
9.11
3.03
9.11
3.06
4.52
8.58
28.85
9.56
3.58
20.73
2.51
2.53
11.11
22.76
27.27
16.17
14.15
8.63
1.98
28.81
9.11
3.03
1.53
5.57
12.12
17.71
11.14
14.11
2.58
3.01
6.04
2.54
22.25
8.11
7.04
9.07
16.21
10.59
9.59
3.08
7.03
6.05
2.52
13.14
30.86
1.50
23.76
9.16
11.58
46.04
9.58
3.04
4.06
14.13
2.56
1.49
3.58
6.53
3.03
3.56
4.07
11.13
19.16
2.56
12.59
5.05
6.08
8.63
4.53
12.67
6.55
2.02
11.12
13.15
18.21
7.57
14.63
1.53
5.09
4.00
7.08
13.18
1.48
19.74
5.08
2.49
1.56
3.02
33.34
15.67
6.06
6.03
12.12
8.14
6.02
9.60
4.04
2.53
16.70
2.52
4.09
9.59
22.27
1.52
16.16
2.03
10.66
11.10
27.25
16.68
9.61
15.17
20.25
8.58
6.06
3.58
19.70
12.66
2.03
4.01
5.54
8.08
1.51
29.29
1.54
13.13
13.14
4.55
5.06
9.59
3.03
4.56
6.04
12.66
16.68
7.62
7.57
11.63
1.50
10.12
17.15
4.05
6.08
2.52
16.69
6.59
4.04
6.06
10.62
8.11
33.30
7.65
16.16
17.72
1.52
2.04
20.20
5.07
2.01
23.79
17.19
11.62
13.65
5.05
2.03
1.54
4.01
12.69
10.11
3.53
17.67
4.53
2.03
5.60
1.46
3.54
2.52
16.69
1.52
14.19
30.85
16.64
4.03
5.57
3.04
10.14
35.80
3.04
1.53
3.02
9.64
9.10
4.05
8.11
2.00
3.56
4.05
30.83
4.04
9.63
4.55
10.14
4.01
7.04
1.51
13.68
4.02
4.59
19.17
29.29
7.11
5.06
27.28
2.50
4.06
9.60
2.04
21.74
1.52
1.52
9.13
6.57
7.04
47.01
8.58
9.15
3.01
2.56
12.14
8.55
8.63
10.62
1.54
2.51
5.06
6.08
4.02
18.19
4.56
29.85
8.63
41.52
3.02
8.13
11.05
9.11
10.68
2.48
12.16
3.56
2.53
5.57
14.14
4.54
10.66
3.03
18.20
2.52
10.62
4.54
9.12
29.29
33.32
4.59
21.23
1.56
15.15
17.25
17.10
2.03
1.54
23.72
15.69
2.51
10.14
31.80
2.52
3.05
5.02
5.60
14.18
20.17
8.08
12.62
7.60
9.17
11.60
3.07
21.19
12.14
1.49
5.06
10.11
3.04
6.06
21.26
2.52
4.03
18.19
4.56
2.00
5.56
13.11
3.02
13.13
3.54
2.52
28.31
5.05
7.58
13.67
3.08
5.51
7.59
10.62
3.53
7.59
4.08
1.99
12.67
4.03
3.55
14.11
7.58
7.58
2.54
3.03
29.79
6.06
9.60
2.54
6.55
2.03
16.67
5.08
13.16
12.66
3.53
10.16
15.68
12.12
7.58
6.07
10.65
11.63
15.21
26.79
8.61
4.57
11.59
2.04
8.61
5.57
2.54
4.02
2.53
4.05
11.10
50.60
2.49
14.65
15.20
5.00
10.14
4.00
17.21
1.49
8.08
10.60
37.90
15.16
20.19
5.08
2.53
10.13
6.09
2.02
15.17
10.62
19.20
20.80
2.99
29.30
5.57
5.55
11.68
6.05
3.58
8.05
12.63
6.08
4.57
2.00
2.54
19.70
3.52
8.08
14.16
1.54
10.09
13.69
36.86
31.85
2.53
2.02
9.10
7.60
1.49
7.58
14.15
13.63
8.64
6.05
3.53
2.02
14.67
17.69
4.55
6.58
10.11
13.15
3.04
14.13
1.50
13.17
23.76
4.55
5.55
18.17
1.52
5.57
18.21
10.10
3.55
2.03
1.51
2.02
12.68
17.15
15.15
4.55
2.56
12.12
3.04
12.62
13.67
8.61
4.55
13.66
8.05
12.62
10.64
3.52
12.64
9.60
6.06
11.12
10.61
16.67
7.11
3.01
12.13
18.70
2.05
3.04
7.57
16.66
8.59
4.05
11.67
9.57
6.56
4.06
8.62
1.52
4.03
13.66
15.69
9.60
5.56
10.14
5.02
2.55
11.12
17.20
4.06
11.59
10.62
22.27
3.55
2.48
7.09
4.03
13.12
9.09
7.09
1.54
2.55
19.73
3.51
1.50
19.22
11.14
6.09
16.13
8.08
3.53
25.79
7.11
10.10
4.07
46.53
2.00
1.52
22.21
3.04
23.76
2.02
14.64
2.04
8.56
25.25
5.06
2.57
10.04
13.69
10.07
3.56
25.84
11.13
15.20
8.56
29.83
5.62
25.78
7.55
16.19
17.73
10.59
3.07
5.57
11.12
14.17
2.01
6.09
2.00
6.56
7.60
5.55
18.73
2.00
4.04
8.12
11.60
3.55
2.03
2.05
1.48
5.08
11.61
21.79
5.01
19.20
12.64
4.55
1.53
15.15
18.68
13.65
7.08
8.60
3.53
7.60
2.00
19.25
22.75
7.06
7.08
2.52
2.54
2.02
11.15
18.18
2.04
11.62
3.05
8.08
17.71
7.09
18.26
5.01
3.02
3.57
1.47
5.06
41.51
5.59
9.59
18.21
5.05
3.54
14.67
16.66
1.53
6.55
18.73
23.27
3.06
6.56
8.12
6.59
27.33
2.54
8.08
15.68
23.27
12.65
7.56
1.99
7.57
22.72
2.53
13.13
4.05
4.53
3.03
13.63
12.14
3.56
20.20
27.31
2.53
8.59
13.68
22.23
21.20
3.53
12.66
1.52
2.53
37.42
3.00
2.01
2.53
16.74
4.55
9.13
5.07
15.13
17.17
7.59
2.53
2.54
3.05
8.60
19.16
22.71
19.71
5.05
16.19
5.05
3.03
2.02
11.64
19.24
10.11
12.13
9.62
8.60
2.00
6.57
8.63
5.05
2.57
27.76
1.52
6.10
6.06
5.06
3.54
26.32
1.52
5.06
14.73
5.50
1.52
19.71
7.60
15.64
5.11
4.52
4.08
7.58
26.34
4.05
1.50
6.05
5.59
14.14
13.69
10.62
24.21
6.10
4.53
7.59
12.64
1.52
6.58
16.16
10.11
9.62
6.05
7.58
6.07
8.64
2.00
19.21
7.60
10.10
1.98
5.04
3.06
4.53
7.08
1.49
4.04
2.01
17.20
8.59
5.56
24.28
9.14
4.03
4.58
26.22
18.21
12.11
8.08
6.54
2.52
7.60
2.54
5.57
10.12
6.54
6.08
3.04
1.55
13.59
2.01
2.07
10.64
3.02
2.52
5.07
1.51
2.02
13.63
11.13
4.05
29.30
12.61
2.04
3.54
2.51
12.15
3.03
4.03
9.59
16.24
20.16
2.53
5.09
1.97
19.71
4.05
4.06
5.04
18.70
9.61
19.71
35.43
3.02
13.71
1.53
6.06
13.17
4.57
17.68
18.23
2.03
7.56
9.18
1.99
4.08
2.99
20.75
7.55
5.01
5.58
38.39
25.33
7.57
7.56
13.65
10.66
4.49
3.57
17.69
9.59
11.62
6.09
6.61
2.50
14.65
10.17
12.62
20.74
4.07
8.56
13.66
2.01
14.66
12.14
7.61
9.63
1.51
1.56
39.43
18.19
3.53
17.19
19.15
6.56
6.55
2.53
1.54
2.00
30.39
13.17
2.02
12.14
3.56
3.01
1.52
13.17
1.50
1.52
3.05
14.72
25.80
4.53
4.07
12.66
17.16
22.71
12.66
8.60
6.58
8.60
15.20
27.26
22.28
6.58
2.52
14.17
7.07
3.54
5.08
13.63
6.07
6.07
9.60
1.51
3.53
18.74
7.60
3.03
5.05
2.05
2.51
20.19
8.11
11.62
18.71
23.23
28.83
4.00
26.80
10.65
5.56
3.03
15.72
17.16
5.56
7.58
32.34
6.57
24.26
18.73
28.30
14.12
28.83
2.07
13.60
6.06
4.57
4.57
3.55
12.13
23.73
20.27
6.57
30.30
18.71
3.03
3.02
12.67
18.71
11.12
25.34
1.51
4.58
10.12
11.08
12.13
3.03
11.10
2.03
11.14
10.62
5.54
24.80
17.65
22.75
8.11
10.13
6.03
1.55
3.03
3.02
13.15
7.57
12.15
8.59
5.05
3.03
7.12
10.07
18.74
2.53
20.24
28.26
9.61
16.71
1.52
3.01
16.73
14.69
3.03
6.59
6.55
14.16
3.05
3.54
3.03
6.58
7.05
16.21
23.78
5.57
6.08
2.01
21.21
13.64
7.07
11.11
5.05
5.03
5.07
9.09
7.59
2.01
8.59
4.03
28.29
24.74
12.63
36.85
2.00
9.59
6.09
4.56
32.88
6.06
10.61
2.52
1.52
10.67
11.06
10.63
8.10
4.54
12.62
21.22
11.65
9.10
12.66
9.57
7.58
5.59
4.54
7.08
10.63
8.61
3.52
28.28
6.04
8.64
8.08
9.63
2.01
13.17
6.58
7.57
28.29
7.57
2.02
7.08
10.08
18.20
2.54
18.75
6.02
6.08
9.10
2.00
2.58
5.52
19.67
16.66
17.73
2.50
13.15
2.04
6.07
3.03
11.09
2.52
14.71
6.57
3.54
4.56
11.66
21.75
13.18
31.34
2.02
14.18
3.51
4.56
18.73
12.64
20.72
2.54
17.20
6.58
13.68
22.23
8.53
31.32
5.06
6.10
3.50
4.55
29.80
10.60
3.55
6.05
1.52
9.14
21.69
8.10
2.53
3.03
3.03
8.09
5.56
2.51
12.67
7.62
9.09
3.02
2.51
22.26
18.22
3.51
6.05
2.03
7.11
23.70
9.11
7.09
8.57
3.56
2.01
25.28
5.07
2.99
3.54
14.14
8.10
3.07
23.27
4.56
7.59
5.06
8.07
23.72
11.68
10.62
3.56
10.59
5.57
6.09
18.21
9.57
20.75
11.62
5.06
6.60
4.06
18.14
2.04
1.49
6.07
7.61
12.17
5.56
6.59
8.65
28.27
4.03
16.76
1.99
2.01
5.60
2.06
27.82
5.55
8.07
3.03
14.67
11.62
23.25
39.50
7.57
18.69
6.06
5.07
7.12
1.98
17.72
9.06
4.54
30.80
15.21
11.07
6.60
6.03
6.07
1.53
10.07
4.56
19.21
5.04
6.59
53.63
7.57
11.65
15.65
7.09
5.57
5.56
10.60
2.52
3.06
6.54
2.56
19.73
10.15
38.44
2.53
7.56
26.79
2.55
15.74
6.56
8.06
7.06
2.52
32.89
2.54
8.05
6.61
18.17
2.05
1.49
6.10
5.55
8.59
3.03
6.60
21.72
51.08
7.58
9.11
17.76
1.97
14.66
11.62
3.07
10.10
5.56
4.57
24.31
1.50
18.70
8.61
10.10
20.77
6.06
1.52
4.05
24.74
4.01
10.65
3.54
2.52
1.53
4.02
12.13
6.09
3.03
3.56
5.01
2.03
4.08
12.66
12.62
2.54
21.76
20.74
2.55
1.50
9.12
13.66
5.53
1.51
2.03
3.04
6.07
7.09
1.52
1.51
7.09
2.53
11.61
2.51
19.19
5.10
7.05
11.60
6.08
3.03
34.87
28.31
27.78
8.60
3.04
18.71
1.53
19.19
1.53
32.85
4.57
27.73
3.54
18.69
9.58
8.60
2.03
12.62
18.22
2.05
24.76
5.08
6.53
1.51
2.54
32.33
7.61
12.17
4.02
3.56
14.15
3.04
2.02
14.68
3.54
20.69
5.09
3.56
12.12
2.02
7.06
2.52
11.68
19.67
1.52
5.55
11.67
5.03
2.53
17.19
5.58
15.16
11.09
15.19
9.54
15.68
8.10
21.25
11.15
5.07
16.17
15.16
5.06
10.58
16.22
12.12
23.76
3.04
16.18
25.28
3.07
4.50
3.54
4.03
7.09
23.26
6.60
12.61
3.04
3.03
8.07
14.16
53.01
2.06
5.06
4.56
5.53
2.01
8.11
4.05
5.04
3.56
3.01
8.59
27.79
8.05
3.53
16.17
18.21
3.09
22.67
5.61
3.99
2.54
16.70
26.77
8.11
17.16
6.58
10.10
19.78
13.12
12.64
5.06
30.37
3.01
13.16
52.03
10.67
18.17
7.58
2.05
10.10
7.54
13.66
6.58
8.08
11.61
10.10
12.65
10.59
44.45
2.58
2.53
9.09
3.56
16.18
13.64
7.59
9.07
6.06
13.67
5.58
5.61
3.00
10.14
18.73
5.02
2.51
2.02
10.59
3.05
8.10
12.12
5.08
11.60
5.04
4.56
4.60
8.10
30.31
8.08
5.07
1.52
15.68
3.56
5.08
5.02
5.05
20.77
7.04
6.08
9.61
12.14
1.52
3.54
12.15
5.53
9.12
10.09
4.05
1.52
2.53
4.56
2.50
11.62
3.02
2.54
4.04
11.12
7.63
3.49
7.10
15.62
12.10
2.07
4.53
13.64
20.30
20.74
1.98
30.30
4.04
11.64
6.10
5.53
37.87
22.26
17.21
2.04
11.64
6.09
3.53
28.29
7.10
12.14
13.13
1.52
5.56
7.58
4.04
2.53
10.61
4.54
14.15
12.67
5.60
4.00
10.11
4.56
6.56
2.57
11.06
30.83
2.53
6.07
17.72
3.01
5.07
46.53
4.58
1.49
3.54
9.58
8.58
7.61
17.17
1.53
3.06
1.50
2.03
2.56
12.13
12.12
36.90
3.52
3.57
25.76
2.53
15.20
2.53
29.34
8.11
15.68
8.61
36.95
26.23
23.26
5.08
21.70
12.16
18.26
10.08
2.52
9.64
16.65
4.03
6.07
6.58
3.55
2.51
18.73
4.52
3.05
9.59
2.53
14.18
17.65
14.18
24.78
9.63
19.69
19.22
31.88
5.02
20.71
9.61
11.65
7.60
15.66
12.11
7.62
5.50
18.69
17.21
8.09
5.55
4.54
2.56
4.54
5.56
10.63
13.07
2.03
8.15
22.27
5.58
28.75
21.20
21.76
1.49
16.18
10.64
3.02
3.55
18.19
3.06
37.36
4.55
3.53
2.53
22.28
28.78
5.05
5.08
3.53
1.54
7.53
7.09
11.15
4.02
17.67
2.06
7.56
1.57
11.07
2.56
1.48
4.09
3.52
9.07
5.58
4.59
7.07
1.49
2.03
4.03
3.02
2.03
2.52
17.20
16.67
6.06
6.59
33.81
31.35
15.16
5.57
2.04
5.53
16.68
13.18
7.56
3.04
8.60
29.78
13.17
3.53
14.68
14.19
11.66
5.51
2.53
13.17
4.54
6.07
7.08
8.62
5.53
2.54
17.66
9.11
3.54
5.04
18.70
16.18
5.08
10.10
4.08
8.53
9.64
3.55
8.07
5.05
2.51
13.14
1.52
9.59
14.72
10.55
14.65
2.00
3.04
8.08
26.24
12.16
7.09
3.55
11.62
21.77
4.53
7.08
3.03
8.62
7.62
22.24
13.15
1.55
16.16
15.65
7.09
6.58
1.51
29.35
12.66
5.02
2.03
27.32
4.56
16.70
21.78
12.12
18.71
7.58
12.66
17.18
1.97
11.10
3.54
8.61
13.15
28.81
19.76
15.64
7.06
2.56
5.02
4.05
6.57
7.12
21.76
14.67
1.49
13.16
8.09
4.05
2.54
9.10
5.02
3.55
6.57
5.05
13.19
15.17
6.07
2.03
1.51
6.60
3.50
5.05
15.15
20.71
4.58
3.52
16.64
4.57
2.02
2.04
40.99
37.00
12.11
8.60
8.06
9.17
1.47
3.02
8.58
21.25
10.66
50.96
21.23
5.09
3.56
1.52
1.48
18.22
8.57
19.25
8.12
5.05
5.56
5.56
14.19
4.05
6.05
14.16
26.88
7.61
24.21
8.58
1.53
10.12
7.58
10.67
4.04
7.04
4.53
3.05
2.54
20.26
21.21
13.15
30.31
7.07
2.04
24.77
14.16
9.11
6.05
1.49
9.63
12.10
9.68
22.73
16.17
2.54
3.54
14.73
16.64
4.03
1.53
25.82
31.85
12.13
3.03
5.06
7.59
13.65
4.54
3.03
2.04
19.69
3.05
3.07
39.41
6.06
6.04
5.58
13.12
20.24
8.13
16.67
3.04
1.51
1.52
11.62
13.67
3.04
11.13
10.62
1.52
18.68
2.53
10.14
1.51
11.15
10.10
8.61
3.50
8.59
1.55
70.63
12.14
9.63
28.82
6.54
3.06
7.61
10.12
3.04
7.05
15.17
7.07
18.21
7.10
2.57
12.13
14.18
3.55
5.08
11.60
3.04
11.65
2.01
3.54
18.21
11.10
8.11
18.71
16.71
11.61
12.67
7.62
11.11
9.08
3.53
8.11
2.53
5.07
4.55
13.64
2.03
35.88
9.14
3.50
7.09
12.66
2.52
3.01
8.59
2.58
15.71
17.18
18.68
15.16
19.24
4.03
9.59
1.55
14.65
26.31
14.65
4.58
3.01
12.13
7.58
2.52
5.11
11.09
14.65
8.58
15.15
9.63
5.56
8.06
8.09
16.71
2.01
49.01
19.69
2.07
10.12
15.65
4.06
6.11
14.15
18.26
9.62
1.52
12.14
3.01
9.10
5.04
11.11
4.04
5.56
1.52
24.75
15.17
21.71
2.04
25.79
4.54
11.64
10.62
14.68
2.02
15.16
25.77
5.56
3.53
5.58
28.78
35.86
7.58
5.57
3.04
3.55
2.55
4.52
13.67
4.06
4.01
11.12
4.54
7.62
23.76
4.08
24.75
13.64
12.65
4.05
14.67
11.10
20.24
15.68
4.04
5.09
12.09
11.63
2.03
1.52
5.57
4.03
4.06
2.50
5.58
10.61
9.63
8.10
6.56
22.22
3.04
4.06
3.53
5.59
10.13
12.61
4.04
2.52
4.08
3.01
3.04
8.59
14.13
18.25
20.21
1.52
9.64
14.62
6.05
19.76
7.05
2.53
7.09
3.54
3.55
7.06
3.05
5.07
1.52
6.53
21.73
12.14
7.61
4.04
5.06
1.52
3.00
1.53
3.04
5.55
12.16
8.07
18.21
1.51
5.05
3.04
28.80
4.05
3.03
19.21
10.13
5.58
6.56
3.53
8.06
5.57
15.73
5.05
3.05
3.02
6.09
8.07
10.09
6.07
1.51
29.82
29.25
3.02
3.04
5.56
17.72
18.17
18.24
3.01
4.06
7.10
1.51
8.10
2.04
5.52
1.52
5.59
2.05
10.57
2.55
1.49
5.58
11.13
21.75
2.48
12.65
4.57
3.54
12.62
13.66
26.77
7.57
4.56
5.56
14.14
7.59
6.12
10.07
24.82
13.62
13.17
4.57
20.20
4.06
21.74
15.71
1.99
6.58
2.00
5.08
8.61
6.56
5.09
2.98
39.48
5.57
14.64
6.06
10.13
6.54
6.56
1.54
1.52
10.62
19.22
9.66
3.52
26.84
15.69
19.23
9.64
16.65
5.54
2.54
1.52
6.06
1.51
1.52
3.04
5.56
9.12
3.03
22.78
2.02
14.64
20.23
6.56
5.55
2.04
2.51
10.11
5.07
27.79
3.02
27.79
6.07
26.30
2.99
3.53
14.15
8.59
1.54
20.70
2.53
5.55
9.11
7.12
17.67
18.76
5.51
21.79
16.14
4.05
2.04
7.55
10.63
3.03
6.57
22.28
3.55
5.02
2.02
27.82
2.52
2.03
49.53
5.55
14.16
16.74
8.54
3.02
3.02
28.36
17.17
19.68
30.37
2.50
7.61
20.29
15.15
17.66
12.66
12.13
5.57
4.54
16.18
48.03
5.60
20.72
1.54
6.09
11.10
19.23
12.14
13.14
3.05
11.10
19.20
12.14
2.02
38.43
23.28
13.12
19.78
14.59
1.52
7.61
2.02
3.54
10.59
2.52
4.55
2.06
20.74
7.54
8.11
2.07
8.06
7.08
13.64
2.54
4.56
4.08
10.58
4.05
7.07
16.70
9.13
11.16
6.53
8.64
15.13
10.66
2.00
2.05
12.14
13.62
27.76
11.12
19.73
2.53
3.04
15.64
5.08
4.51
8.09
7.11
10.09
2.58
7.04
19.17
14.69
14.68
7.57
2.53
7.09
8.55
11.63
9.11
3.52
3.06
8.08
2.03
18.19
4.03
4.04
7.57
6.56
1.52
1.52
4.59
8.09
4.01
4.04
20.24
7.09
40.38
37.93
9.63
2.51
17.20
14.16
33.85
25.25
21.24
3.54
13.66
2.06
5.01
4.08
1.52
3.51
17.22
1.49
3.56
2.49
12.09
26.27
2.52
6.04
5.09
15.67
6.06
3.04
7.06
5.06
18.23
5.04
14.10
15.69
9.62
19.70
17.22
20.71
5.57
3.52
5.55
46.02
12.61
1.55
7.09
3.01
4.55
18.19
19.21
14.61
19.19
5.57
2.02
5.09
19.64
5.56
2.01
28.29
6.08
2.55
2.00
5.58
3.55
21.24
5.05
2.53
3.52
6.06
6.61
7.58
8.12
1.52
39.90
10.11
3.55
4.53
8.09
7.58
2.54
3.52
2.52
25.82
5.60
9.10
7.57
15.15
9.61
5.56
1.51
22.23
3.09
42.91
12.67
25.27
19.68
4.08
6.04
14.65
8.05
6.57
7.08
12.62
9.62
1.51
13.69
6.08
12.62
7.61
2.48
4.05
8.59
11.13
12.15
12.67
25.75
27.30
5.56
1.52
12.65
23.24
8.10
1.50
8.06
4.07
4.06
31.42
12.64
20.23
7.07
5.58
8.13
1.51
15.18
3.02
7.57
2.02
30.27
15.66
9.09
3.52
10.11
5.56
12.65
4.05
7.59
2.54
10.11
7.57
2.02
1.52
10.63
4.00
13.21
18.64
3.08
20.64
14.20
3.04
32.36
7.07
9.09
10.60
3.03
15.20
4.02
2.03
2.00
3.03
19.26
9.60
9.10
4.05
2.53
7.59
3.05
3.03
4.04
9.10
14.15
8.09
38.92
8.62
63.70
22.77
16.17
9.11
2.00
13.14
8.63
2.99
4.55
11.10
20.24
8.08
3.57
33.81
4.03
2.03
11.62
2.54
19.24
3.53
12.63
1.51
1.54
6.53
7.09
6.05
1.51
16.67
1.52
1.52
7.61
17.19
6.07
1.52
10.64
3.55
2.53
27.31
3.57
19.66
13.65
58.61
10.11
29.32
3.05
6.10
5.50
22.27
6.59
2.53
5.09
10.08
2.03
12.11
3.54
2.03
11.59
5.05
8.08
4.56
11.66
14.68
7.58
6.56
8.10
2.54
16.72
2.03
1.48
3.04
11.60
16.72
15.13
5.06
3.55
5.59
14.12
8.64
1.52
5.56
13.69
42.45
5.58
10.61
5.62
7.56
8.08
17.19
2.04
8.57
10.62
21.66
4.59
3.02
17.15
7.61
3.50
14.17
11.13
11.14
14.16
24.26
12.67
3.51
1.99
10.61
4.59
8.08
28.84
12.12
48.50
2.02
1.51
19.73
23.27
22.26
13.14
6.58
5.07
2.01
13.67
6.08
2.54
18.69
5.56
3.03
5.09
5.52
6.08
14.15
2.04
2.02
2.55
5.55
4.54
2.03
1.51
29.81
12.65
3.54
21.79
8.65
5.53
4.59
11.11
8.12
1.98
8.08
1.52
18.66
11.09
2.57
9.04
24.29
2.55
23.24
14.69
7.06
2.03
7.60
5.52
29.36
1.52
13.66
3.04
5.09
2.99
11.65
19.20
14.17
2.56
14.70
13.64
13.64
14.67
4.03
5.56
10.62
20.25
9.07
5.06
9.63
3.54
5.55
11.12
8.06
7.59
11.12
16.73
3.00
7.08
5.07
5.57
10.10
28.79
38.92
6.55
7.08
6.05
11.63
9.08
9.10
6.58
10.64
2.52
7.61
11.60
5.55
24.27
6.56
7.58
4.59
7.55
15.70
2.02
34.88
3.04
17.17
7.58
13.65
36.91
5.54
2.01
15.73
2.51
2.53
11.58
42.96
41.50
2.53
2.55
3.55
5.04
18.71
7.61
4.56
7.59
10.63
3.52
8.63
9.59
2.03
9.12
3.52
4.55
3.03
1.51
1.53
6.57
5.57
3.54
11.10
22.77
5.57
10.18
3.04
4.02
7.58
12.66
8.09
17.70
2.52
25.26
9.06
15.66
14.13
7.09
23.75
11.14
8.58
11.12
7.11
2.51
5.60
4.00
12.61
2.03
9.60
2.53
5.58
1.51
4.04
3.55
6.57
19.72
13.65
10.10
10.13
23.29
8.03
5.56
12.65
5.05
19.78
16.70
5.03
8.57
33.37
4.56
32.86
3.04
6.62
25.29
11.11
19.13
7.07
10.09
11.14
2.52
4.57
15.16
4.05
1.53
5.56
2.07
5.03
4.05
3.03
11.61
12.66
1.52
11.14
11.10
2.53
2.49
3.04
18.71
9.61
2.02
28.80
21.76
38.42
7.06
2.02
39.44
8.64
22.72
2.54
5.59
16.16
1.52
3.05
3.52
2.52
1.54
6.07
9.09
3.03
10.12
5.06
2.55
15.64
28.85
4.53
1.52
37.01
21.20
15.21
6.04
9.63
3.49
10.12
16.69
15.23
2.50
4.03
7.08
5.06
19.75
5.55
1.55
26.32
25.28
24.29
15.17
1.52
3.54
6.54
10.16
22.72
4.05
20.24
28.36
13.11
5.59
8.55
17.16
8.60
6.08
5.53
7.07
2.54
9.12
4.56
9.62
5.05
9.11
12.65
6.56
20.72
6.59
2.00
1.53
3.02
4.56
11.61
6.08
9.62
24.80
20.74
3.04
7.07
24.27
16.72
16.14
7.58
5.03
9.58
7.06
11.11
3.03
10.58
25.74
33.85
6.06
9.13
14.14
18.17
3.04
6.06
10.10
6.56
6.58
8.58
6.07
10.11
2.53
11.13
10.57
13.15
7.61
6.08
11.13
38.44
3.51
57.69
23.71
9.09
13.64
5.07
1.52
2.01
39.40
14.70
32.80
3.04
2.02
4.04
9.09
28.32
2.03
3.55
2.07
7.01
9.10
4.57
12.61
1.52
40.04
16.67
10.06
42.47
1.52
6.06
25.25
3.04
5.06
9.58
7.60
10.14
12.12
20.70
10.11
9.59
23.23
28.32
3.52
2.01
17.17
12.13
3.56
8.58
13.64
8.09
1.52
8.63
4.01
16.22
2.53
6.08
44.50
3.03
8.10
6.05
1.52
21.72
17.18
8.60
9.60
18.74
16.16
11.62
9.62
6.58
4.04
1.52
7.08
9.13
12.62
2.51
11.14
7.08
3.56
26.80
21.22
3.01
17.70
5.57
8.08
2.54
9.59
2.04
20.26
26.26
1.99
2.52
3.54
5.58
11.14
16.21
2.48
8.59
8.11
20.72
8.59
3.02
4.04
22.22
1.52
2.51
8.08
6.07
20.21
13.65
15.18
9.58
11.65
6.09
2.55
7.07
3.56
5.05
6.06
26.23
10.62
5.59
9.59
6.08
19.23
19.69
3.06
2.51
50.55
15.19
3.52
2.02
1.50
21.72
9.11
3.03
33.32
20.18
8.63
6.58
6.58
8.62
4.55
20.24
1.53
4.02
2.03
6.05
5.05
6.58
5.04
17.17
3.04
5.55
6.06
20.73
6.06
8.58
8.11
4.58
18.69
5.05
4.57
14.16
3.03
38.39
2.54
5.56
4.58
8.56
12.66
7.10
1.98
3.05
23.29
6.02
10.61
16.19
2.02
3.53
6.07
26.82
3.49
9.59
6.58
1.52
31.42
3.01
4.55
6.04
2.54
14.13
14.66
5.56
5.54
13.68
7.58
15.65
2.52
5.56
6.09
33.37
3.02
32.40
1.52
16.68
1.52
21.22
2.52
17.69
6.06
21.79
3.51
2.04
12.64
7.08
4.02
8.11
5.59
22.20
14.13
4.07
4.04
4.05
9.11
1.50
24.80
8.54
3.54
8.58
3.53
1.52
2.52
5.10
15.13
12.64
1.56
6.54
2.53
9.09
8.10
1.55
15.18
35.31
21.75
14.67
12.15
5.08
7.07
11.67
1.51
4.01
5.08
25.76
14.64
8.63
8.59
4.55
33.39
5.58
11.58
7.08
5.06
6.60
42.99
2.02
4.03
1.52
1.50
2.55
5.07
8.60
8.10
8.10
7.10
10.62
6.09
3.04
9.10
10.11
14.16
7.07
16.19
11.67
9.13
12.13
2.02
41.02
12.15
4.07
9.11
18.21
4.56
15.14
12.64
15.14
13.15
3.04
12.18
3.52
9.62
10.58
1.52
4.04
19.70
6.08
6.08
6.08
5.05
19.24
15.21
9.59
4.53
13.15
17.15
17.20
6.10
12.59
2.03
4.04
2.51
5.07
6.57
13.65
15.16
19.72
4.53
15.15
11.68
17.67
33.85
3.57
7.12
6.08
2.50
10.65
26.23
12.64
2.01
11.12
1.52
23.26
2.55
5.03
10.63
1.53
8.07
1.52
3.05
8.09
3.55
1.54
17.18
3.01
5.06
2.53
8.11
2.52
14.67
1.55
21.20
4.05
52.56
13.14
18.16
2.54
5.05
10.11
5.60
2.02
9.16
5.56
2.48
26.78
8.59
2.53
2.03
5.11
16.68
4.04
7.09
1.52
1.55
4.57
17.18
3.54
5.05
12.12
3.58
2.48
12.65
12.64
7.07
10.62
2.52
6.56
14.66
12.15
18.16
1.51
7.06
26.80
6.59
25.77
3.53
3.55
5.06
9.12
2.98
2.02
17.72
9.07
2.03
6.08
13.14
19.21
16.67
17.70
5.56
5.07
8.07
10.66
35.83
14.65
10.62
13.67
8.61
9.68
12.10
7.08
2.02
23.76
8.10
14.65
1.52
15.66
3.55
10.66
10.56
27.32
10.59
4.05
4.57
2.00
12.62
5.06
10.15
21.69
12.64
4.59
7.10
13.14
3.09
8.54
3.03
2.03
7.07
15.18
28.31
3.09
7.09
2.98
9.61
10.66
2.54
1.51
2.52
10.67
10.06
18.73
5.58
13.67
7.04
30.36
23.83
7.08
2.01
3.53
10.68
7.59
3.06
1.47
28.40
3.01
14.66
12.63
5.56
4.54
29.81
6.11
12.61
3.07
13.60
8.10
22.77
14.70
25.26
2.52
2.04
9.62
5.55
2.55
27.80
36.38
11.62
1.51
1.51
15.15
3.02
10.19
7.09
7.57
15.69
25.33
14.68
10.61
7.59
21.21
20.22
12.14
12.63
2.52
16.17
15.67
8.63
10.06
12.14
1.54
6.03
7.07
2.03
24.78
1.51
3.03
15.16
20.70
8.58
18.70
15.65
2.53
4.05
4.03
5.09
25.22
10.64
2.53
1.52
22.24
6.59
6.51
4.56
3.07
1.99
19.16
4.56
16.21
1.54
2.04
20.26
8.03
13.19
3.50
12.67
4.05
6.54
9.12
7.07
5.57
4.08
10.60
3.55
1.56
9.56
10.14
8.56
34.36
35.90
9.10
49.10
7.04
13.14
32.87
16.68
2.01
9.60
8.59
5.02
11.13
6.57
16.65
3.07
12.11
14.15
4.58
5.53
20.25
16.65
10.10
4.53
15.19
1.54
14.16
6.58
5.60
4.01
7.58
18.73
13.14
11.64
13.14
18.69
2.55
4.05
21.23
7.08
4.53
4.05
7.59
5.53
10.64
2.01
4.01
11.65
3.50
3.59
3.49
7.12
11.62
23.20
4.04
9.11
10.66
13.12
5.56
19.18
8.61
2.03
12.10
2.52
37.97
4.01
7.08
4.04
1.52
2.03
10.09
1.51
1.53
3.04
8.11
10.13
46.98
3.02
3.06
5.55
17.71
9.09
7.58
8.61
12.64
4.53
18.20
5.05
8.10
12.66
5.59
3.04
10.10
9.09
3.55
8.05
16.71
1.51
7.56
2.54
7.60
3.02
1.52
9.09
1.99
18.23
9.15
12.64
2.50
21.25
20.65
8.13
4.00
13.15
9.07
6.08
3.55
1.99
8.59
32.85
14.13
2.05
3.02
5.55
5.57
20.18
25.77
3.57
50.10
1.99
1.52
1.63
8.08
2.57
5.54
2.52
1.52
7.68
5.05
4.13
9.61
2.01
20.70
17.14
2.06
12.64
12.60
3.03
2.03
2.53
18.20
2.04
7.11
4.55
3.53
10.06
6.58
3.02
3.05
5.59
7.56
13.66
6.02
38.89
14.17
3.02
8.07
5.01
10.09
3.00
15.18
19.21
6.08
6.56
10.59
9.11
1.49
16.13
6.54
8.08
7.67
4.52
27.32
20.21
3.57
29.27
4.03
21.25
17.19
18.71
7.53
3.01
10.63
8.59
3.03
13.61
7.56
10.10
7.04
2.54
7.07
2.51
5.04
14.19
2.55
5.04
16.66
17.68
4.56
2.05
9.58
7.04
38.36
4.56
2.04
2.01
15.18
8.07
3.01
7.09
11.66
6.05
14.66
11.09
2.54
11.14
10.12
2.51
2.99
2.56
7.58
2.54
5.57
10.10
7.57
3.03
15.67
4.56
5.04
5.05
5.06
11.60
3.03
13.09
2.03
23.74
3.57
9.13
14.16
2.99
5.56
2.00
3.55
5.51
7.61
3.04
3.05
3.50
5.55
10.13
23.21
23.22
9.60
26.31
3.53
3.54
7.07
37.41
2.02
5.07
5.57
13.08
15.66
3.05
13.68
1.51
18.20
19.20
3.05
13.18
27.75
12.07
4.08
3.02
1.51
6.06
23.23
19.71
7.07
15.68
2.04
1.47
2.03
20.19
7.09
13.64
6.55
11.05
9.62
9.66
3.53
4.10
1.98
15.17
11.65
21.15
3.01
4.57
14.65
1.53
7.10
6.06
10.62
2.54
14.61
7.61
2.50
5.56
2.03
22.28
6.03
14.64
17.14
2.02
1.50
11.16
8.57
6.54
15.18
9.65
3.05
19.68
1.52
29.29
5.04
3.54
4.55
23.71
9.61
1.51
4.02
4.55
4.05
8.60
7.55
2.05
2.53
5.53
24.78
5.57
7.08
27.30
5.55
5.04
3.02
8.61
27.74
1.54
25.21
13.14
19.73
5.50
3.54
14.66
3.04
13.15
2.51
7.57
20.71
1.51
7.09
2.52
19.19
3.06
4.04
16.15
8.06
2.55
12.09
20.18
5.56
8.08
22.21
5.56
2.52
2.02
1.51
24.25
6.05
16.22
37.87
5.55
8.59
1.53
8.57
2.00
18.21
8.61
4.57
18.71
21.68
2.53
11.60
16.66
12.63
5.54
4.55
4.04
8.08
15.70
15.70
4.00
1.51
10.57
8.58
42.94
4.03
30.32
2.05
35.31
11.12
12.67
11.13
14.65
7.03
15.68
13.16
5.06
22.76
5.04
3.54
19.70
9.59
1.51
6.54
7.05
9.08
7.06
3.56
3.50
5.09
5.54
11.63
7.58
1.50
3.06
7.60
33.88
1.99
3.57
11.57
12.56
4.07
6.05
9.08
16.64
1.51
5.56
7.60
4.56
2.55
2.49
9.62
2.49
12.62
2.02
4.04
4.02
2.56
5.53
4.56
6.59
33.86
5.09
3.03
32.24
16.16
5.03
4.04
15.68
5.05
5.51
8.59
1.53
4.04
4.02
3.04
10.62
11.11
17.18
1.51
3.54
2.03
2.54
13.12
7.08
2.07
1.98
3.54
3.02
21.70
53.01
9.09
4.04
3.03
2.05
18.18
8.58
6.55
5.05
1.52
5.61
43.94
3.07
8.54
15.15
15.70
18.70
18.69
3.03
1.51
9.67
16.72
17.14
2.51
6.08
11.60
16.22
7.64
14.68
1.99
7.06
6.07
15.66
18.66
1.51
3.59
7.07
2.46
7.07
7.07
9.10
5.56
15.65
6.57
7.09
8.61
15.71
16.14
12.61
18.67
14.64
6.60
14.72
4.07
3.04
7.06
2.98
2.03
7.10
3.08
1.51
12.09
3.50
3.54
3.58
3.04
16.19
23.78
10.09
9.10
4.03
12.66
12.63
20.27
11.14
22.72
2.01
8.09
14.09
2.52
5.04
4.04
14.16
2.52
2.53
10.61
19.70
1.54
5.03
43.89
6.57
4.59
6.56
2.02
7.01
5.59
6.61
45.46
17.16
20.22
17.22
4.56
34.88
16.23
1.98
2.54
46.99
4.04
10.13
3.55
9.57
3.05
3.53
16.70
8.65
3.00
5.04
8.06
27.76
15.18
3.53
19.18
13.10
4.03
2.06
7.06
8.58
16.13
8.63
2.99
5.05
2.52
12.13
5.57
4.55
19.25
14.66
14.13
3.53
5.55
1.55
5.58
8.05
8.04
9.08
5.09
26.21
51.53
2.02
4.02
14.64
1.52
6.08
6.05
7.59
14.16
7.11
8.09
5.05
22.25
7.59
6.13
21.72
15.60
5.60
15.14
2.52
2.02
8.61
46.44
1.52
20.18
7.08
12.09
1.51
24.28
5.10
3.57
29.29
5.00
8.06
2.54
10.63
2.02
13.09
2.03
2.01
22.76
10.11
3.54
22.78
23.28
2.55
24.24
3.04
3.54
25.28
2.00
24.19
2.54
10.10
4.03
5.03
2.52
6.52
6.08
16.15
27.32
8.12
19.73
3.54
2.02
2.53
5.06
15.17
14.13
20.71
14.65
9.61
1.53
9.13
13.14
4.52
2.06
3.58
3.49
2.06
14.12
13.15
3.50
14.61
4.04
6.57
1.56
3.00
29.36
12.63
10.59
12.61
15.16
8.10
4.00
2.00
18.71
3.06
7.08
7.09
4.57
16.71
1.48
12.61
21.17
36.87
30.83
2.51
9.06
8.11
9.61
16.68
4.53
3.54
2.02
2.03
35.34
10.58
22.16
21.24
28.31
1.54
3.04
12.14
6.58
14.14
18.70
5.06
16.10
21.20
14.20
6.08
13.16
6.56
1.49
2.53
4.52
7.57
2.54
12.09
15.69
11.11
11.11
21.66
4.05
13.67
12.65
6.03
8.58
10.59
12.66
3.52
7.58
2.02
8.06
5.09
35.33
3.00
8.06
8.12
21.70
18.18
2.51
5.07
8.07
2.57
16.69
3.53
13.17
9.06
7.02
8.55
7.58
24.78
9.10
3.04
5.04
37.34
14.14
15.69
17.70
2.49
3.55
26.31
41.42
8.58
5.04
3.05
14.65
3.03
12.65
4.57
3.56
10.13
19.71
27.85
23.77
10.10
4.03
2.52
3.54
19.22
14.15
25.80
31.84
9.11
4.01
8.10
50.00
2.00
5.55
3.04
2.54
7.06
2.53
4.55
9.10
5.54
11.57
8.58
8.13
5.57
8.08
2.02
9.06
9.60
2.52
3.06
3.03
5.04
3.02
16.17
7.63
21.22
11.63
4.98
9.60
9.60
1.51
3.03
18.69
11.64
7.07
6.59
35.85
7.11
20.73
26.25
20.17
13.13
7.05
2.03
14.66
13.66
5.56
6.05
2.52
4.03
3.57
9.09
9.60
9.14
14.61
3.05
1.50
8.61
2.04
11.08
14.13
2.02
3.04
22.24
5.56
4.04
5.57
3.53
13.12
4.55
3.04
5.04
1.51
9.58
7.62
4.55
9.09
6.05
10.08
5.04
5.09
7.55
4.05
17.69
5.53
6.06
15.19
32.37
5.05
4.04
9.10
18.68
5.05
4.55
1.50
4.04
8.10
6.06
33.80
9.59
13.16
1.52
7.60
4.07
26.78
9.62
3.03
5.57
8.09
11.15
12.63
9.58
10.58
34.82
5.55
3.58
8.08
2.49
19.64
15.14
5.53
25.23
9.60
2.03
3.05
2.02
14.68
4.06
1.52
7.58
7.05
1.51
12.10
6.06
3.54
5.08
11.63
19.69
8.58
5.11
7.59
9.61
2.51
12.14
32.36
3.58
6.05
15.60
21.20
16.66
43.43
3.03
15.15
37.89
17.68
47.04
2.07
4.05
3.02
7.05
4.07
10.64
23.74
12.12
2.52
5.04
1.56
2.51
2.48
8.60
10.64
14.66
5.02
5.07
19.73
4.04
9.11
11.10
8.11
6.61
3.02
2.03
19.19
2.50
4.56
7.57
17.66
6.56
10.11
7.56
5.07
8.61
3.05
6.09
14.09
16.68
17.13
8.58
8.63
1.51
5.55
25.76
1.52
16.16
5.03
6.56
6.56
24.27
1.48
16.20
5.56
4.04
8.56
3.54
20.75
3.03
7.07
7.57
8.10
8.59
26.30
8.60
16.17
2.53
14.19
7.11
2.00
7.09
9.15
10.64
14.66
5.55
15.14
6.59
9.06
3.55
9.10
1.48
3.54
1.53
2.03
1.52
7.58
14.16
16.22
7.06
3.53
3.05
9.58
10.63
1.53
3.55
3.58
52.64
53.04
1.52
4.06
15.18
13.68
14.63
5.54
9.15
6.07
3.49
1.51
10.07
5.56
19.72
2.03
2.99
26.80
28.34
7.57
2.05
1.52
15.15
12.13
1.99
11.59
7.61
6.58
3.49
15.17
3.53
1.52
4.02
2.03
11.63
5.56
5.60
2.51
7.58
9.08
5.05
2.53
18.69
11.65
6.57
10.62
6.58
14.68
2.99
11.10
6.12
19.71
12.14
1.50
5.03
15.15
30.81
3.04
1.51
26.80
9.60
31.29
7.57
6.59
10.14
1.52
19.71
36.89
12.63
2.04
3.03
15.13
8.09
2.54
7.09
6.54
14.13
13.13
13.68
2.01
2.53
4.99
3.53
21.22
10.58
17.68
18.72
17.68
6.58
15.66
5.02
4.08
33.85
1.51
3.50
7.55
4.56
15.69
12.09
7.60
3.01
7.10
41.38
2.54
1.54
3.03
2.53
26.74
33.33
7.09
4.06
18.71
5.04
3.07
6.58
1.47
13.08
10.06
5.06
6.60
2.55
1.49
5.57
16.71
8.11
51.01
23.26
16.68
2.00
5.07
14.16
12.14
27.76
7.05
10.11
12.63
9.10
6.57
4.04
6.05
1.51
14.18
19.16
7.02
12.61
5.05
12.62
12.18
13.13
2.02
7.57
1.51
8.06
21.70
6.08
14.72
3.50
2.02
13.13
6.05
34.34
7.55
2.55
15.65
2.48
2.53
4.03
1.52
3.55
15.24
5.03
9.60
17.21
5.54
5.56
2.55
8.05
7.08
2.04
7.08
6.55
17.18
7.57
32.32
33.34
9.10
15.65
1.52
5.07
2.53
1.54
1.48
36.80
9.58
16.75
17.21
30.29
6.59
8.06
2.58
7.06
20.23
2.02
5.55
2.03
3.53
5.10
9.60
7.55
4.57
16.19
14.14
7.07
10.56
8.10
21.68
16.16
3.03
21.23
2.51
3.52
2.02
1.51
7.57
12.62
2.02
6.56
6.09
11.13
6.55
9.59
5.04
9.58
2.01
3.54
10.62
8.12
10.62
12.66
2.01
9.11
5.56
19.69
7.60
9.10
15.62
7.10
15.63
12.17
39.94
21.77
32.34
27.86
8.58
14.18
13.11
8.56
1.51
2.54
3.54
5.06
4.05
3.03
29.77
5.56
22.76
3.08
22.22
30.36
26.79
8.56
6.05
6.56
16.13
3.04
5.05
3.04
4.03
5.04
10.63
8.64
10.62
3.09
1.51
14.16
6.03
13.61
3.50
4.08
3.04
2.56
14.62
2.54
11.10
8.58
2.02
12.62
14.66
3.01
5.03
33.79
8.10
11.09
23.27
5.55
29.79
2.04
7.57
6.08
14.13
2.54
2.01
1.52
10.10
2.01
4.09
20.72
2.02
2.53
9.61
14.61
19.19
3.06
2.49
19.15
20.70
17.67
1.57
5.50
2.54
34.79
28.73
9.09
2.01
12.63
9.61
7.59
10.09
10.15
3.49
10.09
6.64
3.06
3.48
9.14
3.54
2.49
4.03
3.02
12.13
4.04
3.56
2.53
12.59
23.25
10.61
11.65
5.55
10.14
6.07
8.08
11.60
1.52
2.53
7.10
7.05
3.03
12.18
4.04
16.67
7.58
5.03
4.02
7.59
4.05
6.54
4.04
7.12
9.13
3.04
7.56
1.55
10.64
2.51
10.57
3.03
22.73
2.57
10.13
23.75
5.06
7.00
7.03
8.62
11.12
10.10
9.07
9.11
17.63
7.06
3.52
12.12
15.15
3.03
5.07
3.53
20.24
8.57
3.54
14.14
4.08
1.48
14.68
11.62
7.58
5.00
3.58
2.06
2.99
9.57
8.08
15.69
1.55
3.54
13.11
10.10
1.56
13.64
2.03
10.09
17.68
18.64
6.57
8.64
3.01
3.51
12.63
5.07
14.13
20.75
3.05
4.02
18.14
20.21
7.57
4.01
10.62
5.54
3.57
9.60
14.64
10.63
7.07
3.04
5.56
6.06
39.91
2.05
16.67
4.51
3.54
8.59
12.10
16.18
1.50
4.57
20.24
1.50
6.07
1.56
10.17
8.61
1.54
6.51
3.04
9.08
12.09
11.13
12.13
17.66
4.05
3.55
44.87
3.08
5.03
13.13
4.51
6.58
7.10
5.58
11.58
7.56
10.10
1.50
5.05
11.12
11.60
4.56
37.33
3.06
23.23
5.52
4.57
11.60
23.78
36.42
1.49
15.13
3.05
1.54
3.00
18.14
2.53
14.62
3.05
13.18
3.99
11.05
17.14
4.04
7.09
6.56
12.13
12.12
5.02
18.18
1.51
7.59
9.60
3.07
4.53
4.06
21.24
10.08
16.66
7.12
43.44
5.01
7.07
14.63
2.02
3.54
5.07
14.63
7.55
4.57
1.97
5.55
2.03
17.14
3.09
5.55
7.56
20.71
10.16
5.05
3.54
25.69
6.58
2.54
6.56
7.09
10.63
9.12
10.10
7.57
14.61
4.05
1.52
3.53
10.59
6.08
14.16
5.56
24.23
1.99
10.13
12.15
14.63
14.17
17.63
2.00
26.29
1.50
7.58
7.04
12.13
7.06
7.09
2.01
10.11
2.52
12.67
10.07
12.61
15.14
2.51
3.52
6.08
15.12
16.67
6.03
13.66
7.59
23.24
12.65
4.06
17.71
6.04
14.64
1.51
12.16
2.05
8.59
18.75
8.05
7.59
6.03
3.01
6.55
3.55
18.21
21.70
2.52
13.14
9.08
5.54
2.53
2.54
1.53
27.82
2.03
2.03
13.63
21.76
3.02
1.98
10.60
3.52
2.52
12.16
11.17
5.99
2.04
25.27
17.20
2.01
8.60
20.16
4.04
2.03
6.07
17.70
8.59
2.05
4.04
2.51
1.55
5.49
29.30
11.08
14.66
2.03
6.07
11.60
33.83
5.08
11.60
7.57
3.04
10.12
5.06
6.05
16.66
4.56
6.08
7.05
10.60
7.60
4.51
4.02
5.09
5.57
35.89
6.07
6.52
3.53
21.24
5.06
17.18
19.22
6.08
15.66
9.10
3.07
15.12
3.50
2.51
8.07
3.50
15.68
1.48
25.74
5.07
6.56
18.70
2.00
1.52
7.60
1.49
7.60
16.69
2.50
5.03
15.17
4.04
3.54
4.05
18.70
5.04
16.15
7.10
4.52
8.58
7.57
6.56
7.09
19.70
2.49
5.04
22.26
46.41
2.01
4.08
16.20
17.13
10.05
14.60
5.59
12.58
6.07
4.03
6.05
15.11
15.16
6.05
12.62
8.61
1.51
20.68
5.53
2.03
10.59
4.04
5.57
21.25
6.09
23.77
5.53
16.67
3.55
1.51
1.52
4.55
8.58
5.56
5.55
2.53
8.07
38.42
21.19
4.04
2.04
2.00
7.10
13.63
11.11
18.69
3.56
3.52
5.07
4.04
12.12
15.15
3.51
7.62
5.57
4.54
9.58
10.64
5.56
14.15
11.15
6.53
3.04
8.57
9.60
3.53
6.56
4.55
2.54
1.51
2.02
5.04
27.30
6.53
34.81
3.57
1.46
5.08
3.54
6.04
10.63
17.19
3.54
2.54
5.60
2.56
2.00
7.59
21.71
16.65
5.09
23.75
4.57
6.52
4.56
12.13
11.14
15.64
11.62
23.72
8.13
10.60
17.21
21.26
1.50
7.08
1.51
1.50
7.59
11.60
1.50
6.08
9.12
12.65
7.58
3.54
2.52
18.18
8.08
4.02
38.46
8.09
17.17
13.57
6.54
5.56
19.20
4.58
10.07
3.51
2.04
2.52
1.50
15.70
21.23
15.12
20.72
5.57
2.03
11.14
6.05
4.02
15.18
11.61
12.69
2.01
5.56
8.63
4.54
24.76
12.13
24.78
6.54
3.04
8.60
1.51
10.12
2.02
4.04
10.16
8.07
14.66
10.59
5.54
9.60
13.11
15.63
9.58
8.56
1.52
8.08
21.22
3.05
6.06
9.11
10.61
4.49
9.60
11.17
6.04
40.91
3.05
3.54
2.56
15.16
16.18
5.05
8.57
13.57
2.53
10.10
13.15
1.52
27.77
2.02
4.06
2.05
22.21
14.13
11.12
32.92
2.02
2.02
10.11
8.57
2.03
38.43
33.32
24.74
5.52
11.64
12.09
13.13
4.57
3.55
1.48
11.60
7.63
5.05
7.56
5.07
3.54
4.00
7.12
10.57
8.10
3.54
1.51
6.07
13.60
2.00
1.55
3.01
4.56
14.14
1.51
5.05
33.39
14.64
6.02
4.05
2.03
20.72
12.17
4.03
10.65
13.08
2.55
27.35
49.56
29.83
5.54
2.53
2.54
8.56
9.09
9.08
6.56
3.53
16.70
3.03
29.85
13.61
23.30
2.55
1.50
8.60
5.56
12.12
5.06
6.05
9.62
1.47
3.06
24.76
3.04
18.67
7.59
16.12
4.06
4.04
15.20
5.03
3.53
11.64
7.56
18.16
3.02
11.09
26.79
11.12
3.53
4.06
12.70
12.13
25.76
11.65
14.60
2.51
3.03
6.56
9.61
16.15
5.06
29.31
4.55
4.54
13.70
16.14
10.60
28.78
4.09
12.58
14.16
8.05
36.88
4.05
4.01
13.67
3.04
2.01
7.06
5.05
2.54
7.58
10.65
8.06
7.05
10.11
2.02
6.06
10.12
2.56
24.31
16.16
9.65
11.59
11.12
5.51
3.54
50.09
3.54
51.48
13.13
11.65
16.62
2.02
2.04
3.01
14.64
6.09
2.00
3.04
6.03
2.01
25.80
2.52
2.02
4.03
7.53
3.04
8.08
22.29
3.55
9.62
19.22
11.62
11.63
2.02
15.63
3.04
22.28
4.02
7.06
14.63
9.11
16.66
6.07
20.75
3.01
4.55
5.04
4.05
8.07
9.59
15.19
5.55
3.52
17.16
24.76
3.05
11.15
3.02
1.52
8.08
7.55
6.54
12.11
2.52
2.53
3.54
9.11
7.05
7.57
9.12
3.54
10.61
2.58
6.06
5.55
24.77
18.19
11.15
5.06
5.04
1.52
3.04
11.12
12.65
6.03
61.13
15.17
15.15
18.71
11.63
7.03
21.75
2.53
3.57
4.04
4.52
16.74
5.08
7.06
10.57
6.07
10.63
7.07
25.75
12.67
2.53
1.52
5.56
2.53
15.12
9.07
2.51
3.55
3.54
4.55
3.03
19.68
12.10
8.11
7.59
2.01
7.05
3.53
18.21
1.54
9.65
2.02
5.07
10.08
16.14
3.05
2.52
14.62
6.05
12.63
3.54
3.53
6.58
15.18
6.06
37.88
26.77
9.08
3.59
15.70
13.13
4.02
3.02
6.57
8.61
11.64
2.06
22.24
11.11
14.12
12.63
18.69
14.14
4.58
10.61
6.59
15.18
1.52
15.12
2.01
8.06
7.63
15.64
1.52
3.02
6.53
1.55
1.52
2.06
10.07
27.79
8.07
3.53
24.71
6.07
5.57
4.03
3.02
20.22
9.11
20.25
12.16
3.04
9.61
2.52
1.52
10.13
1.55
23.19
4.51
6.06
49.01
11.09
25.77
9.12
2.99
17.17
1.52
2.53
9.64
3.51
12.70
17.66
32.35
18.20
5.05
3.06
4.06
5.50
16.21
2.49
3.05
4.07
1.48
2.02
5.05
1.52
11.64
3.02
3.54
3.53
3.03
6.51
1.52
9.10
4.53
19.18
8.06
15.16
9.60
3.57
17.17
21.19
17.68
25.30
45.91
2.01
11.09
11.12
2.53
10.14
6.00
29.82
1.48
10.62
7.59
14.66
35.35
4.06
2.05
4.02
1.53
18.20
4.04
3.04
5.51
2.02
6.58
9.10
6.06
5.55
13.61
2.03
9.57
8.58
13.09
7.08
10.64
2.50
3.05
9.15
14.63
2.01
2.06
6.51
3.01
7.07
2.05
9.07
9.62
3.03
11.64
5.06
3.00
10.09
6.04
11.61
12.13
5.55
3.08
4.05
5.05
13.10
8.59
34.86
3.52
3.52
7.60
10.08
7.58
5.02
8.61
9.11
3.06
4.51
5.08
6.55
4.02
8.58
4.56
2.07
3.02
11.61
3.03
7.04
3.55
4.58
3.50
11.12
4.54
16.67
4.07
10.65
8.61
4.06
2.51
7.58
17.15
1.54
13.13
14.20
35.89
13.18
1.49
5.05
3.04
37.44
5.55
3.49
5.07
3.53
2.02
8.57
15.67
22.75
16.67
12.59
3.07
3.01
20.19
3.02
2.01
9.14
5.08
5.55
8.08
5.06
18.73
2.48
3.04
19.71
6.07
8.08
18.71
2.00
23.23
21.74
3.01
7.05
4.54
6.05
7.55
9.09
4.54
9.63
8.61
18.27
53.71
29.83
4.02
8.58
12.15
12.19
16.73
12.62
13.63
25.29
13.68
35.32
24.25
21.70
21.71
2.99
8.05
2.03
3.04
13.13
3.54
5.56
4.01
7.05
8.09
1.54
3.51
24.78
7.57
2.06
6.58
1.50
24.25
15.17
3.55
1.49
2.54
25.74
6.09
5.57
14.18
10.08
19.64
6.60
21.74
2.53
2.05
15.13
10.59
6.55
4.58
12.57
7.00
5.06
1.51
13.19
6.03
6.08
4.01
6.06
10.64
12.66
4.04
8.10
10.64
1.47
5.05
3.04
8.10
5.56
17.67
12.15
13.12
10.61
12.66
36.87
30.88
1.49
3.03
4.05
15.66
7.59
8.06
4.04
2.50
20.14
5.59
38.39
2.04
2.03
2.48
6.05
3.56
36.95
5.01
2.03
1.51
22.74
2.51
9.62
2.52
10.63
10.10
7.58
15.15
6.06
26.31
57.09
14.12
20.17
17.19
4.05
3.51
6.57
3.51
11.14
21.23
12.18
1.98
15.17
8.06
8.11
1.51
29.26
4.05
4.03
6.07
2.55
11.64
15.15
4.04
6.05
5.55
10.16
8.62
7.04
11.11
12.12
3.56
9.58
7.59
5.57
21.22
7.04
3.56
3.53
4.58
9.10
2.99
1.53
38.89
10.12
3.01
10.66
16.15
16.14
15.17
8.58
24.77
2.57
1.47
4.54
2.56
20.21
2.02
13.61
20.68
3.55
4.57
8.59
11.12
3.56
11.12
2.00
15.14
4.05
1.53
3.03
7.08
8.07
25.73
17.24
12.10
29.34
8.08
4.57
5.58
8.57
14.63
3.57
3.98
32.83
2.07
7.01
5.06
15.62
3.04
20.68
2.55
5.03
9.10
7.60
13.64
3.08
7.01
12.08
28.27
10.08
17.70
17.67
8.59
8.11
17.15
3.53
9.63
14.63
2.53
10.10
23.73
6.60
5.56
2.53
28.27
22.80
11.60
2.53
10.55
19.25
6.57
7.02
19.74
4.04
8.56
9.09
22.18
29.78
7.05
8.12
1.49
15.66
8.14
16.74
2.53
1.48
1.53
8.56
6.58
46.48
17.12
6.56
2.06
8.07
23.27
2.52
7.57
1.55
3.01
4.06
3.50
11.11
19.18
11.15
3.57
14.12
4.05
3.04
12.64
5.05
13.09
12.62
17.18
18.72
5.03
26.80
10.63
1.50
7.05
4.05
3.52
12.71
2.00
6.59
7.56
4.03
7.59
24.30
1.52
2.02
15.16
6.56
1.51
7.13
2.55
7.05
1.97
7.57
8.13
5.06
2.03
6.09
1.50
12.09
6.59
3.03
10.16
10.61
11.57
12.67
5.56
13.65
20.68
18.70
11.09
3.02
7.11
3.05
12.16
3.54
13.59
18.14
1.52
5.54
7.08
1.53
3.53
4.03
2.03
1.53
2.55
5.54
32.85
9.11
2.50
9.62
2.03
11.12
5.10
21.25
9.58
2.50
8.56
17.15
10.16
20.23
9.63
5.10
12.63
23.22
17.22
1.98
5.56
15.67
5.03
7.59
34.38
2.52
2.02
5.53
39.41
6.08
3.00
7.10
10.61
7.08
10.11
5.05
16.71
5.56
5.05
32.27
22.26
8.61
16.18
3.53
2.01
21.72
9.61
3.51
4.05
2.04
2.52
6.55
2.02
7.04
19.68
4.54
4.06
2.52
4.57
4.05
2.02
8.58
10.64
65.68
7.08
1.51
8.13
3.00
7.59
27.30
4.05
3.55
8.07
16.16
5.55
6.04
1.52
6.56
16.65
2.53
13.17
19.71
1.47
6.56
2.00
27.83
33.35
24.24
4.03
4.04
6.11
9.59
11.71
5.55
2.06
9.57
2.50
2.01
18.14
11.57
2.53
12.14
2.54
12.63
8.08
14.12
2.05
21.19
11.09
25.29
2.54
16.17
14.64
3.06
1.51
6.58
6.10
4.03
7.06
3.51
16.17
2.52
8.55
4.57
3.57
14.63
6.56
7.08
7.05
14.63
6.58
16.68
27.77
25.75
2.03
2.53
6.08
21.21
1.51
3.08
13.13
16.66
3.55
10.06
11.61
6.55
2.55
2.01
3.54
13.66
1.52
7.09
6.06
10.08
11.66
16.14
3.05
1.48
11.61
8.06
2.05
18.65
19.18
4.06
9.12
17.18
4.08
4.01
3.03
3.02
19.66
6.06
16.22
28.32
4.53
3.55
5.54
5.55
4.03
6.54
7.10
10.13
5.50
15.62
5.55
1.52
6.07
5.05
30.83
2.51
4.58
1.53
3.56
3.05
19.23
4.01
3.01
6.02
1.50
4.09
10.63
9.10
13.60
28.79
3.02
9.60
16.18
8.07
18.69
20.22
3.57
3.02
3.49
12.64
3.54
1.51
5.56
3.53
2.04
11.67
9.07
2.01
7.07
4.56
3.53
6.56
17.14
10.60
1.52
6.59
10.10
5.55
1.51
13.65
30.83
23.82
11.62
1.51
10.61
18.69
10.59
17.65
57.57
2.54
15.14
2.03
1.52
25.78
10.59
8.57
3.53
2.03
16.13
3.55
21.26
7.11
6.03
3.51
24.74
17.17
4.56
9.11
6.56
4.52
1.53
2.01
10.61
8.62
6.56
29.78
11.11
4.55
32.85
19.72
9.16
24.23
15.65
6.06
7.61
1.50
7.64
24.22
14.63
3.54
5.05
18.65
6.03
2.02
19.21
5.04
9.59
2.51
23.23
15.20
26.82
13.13
5.56
44.46
7.08
4.00
9.60
6.08
16.68
8.61
13.12
2.07
5.04
1.53
6.99
5.55
2.01
13.15
29.78
8.10
5.08
15.16
7.04
3.58
5.06
2.03
6.03
4.56
3.04
12.14
2.04
9.06
9.57
53.06
15.12
27.78
5.58
8.56
6.59
7.07
10.12
3.04
5.05
17.15
11.10
17.11
8.07
9.59
9.60
18.70
12.57
7.07
8.07
16.17
2.02
12.16
6.55
1.52
5.03
13.62
6.54
11.61
8.59
2.05
12.62
12.08
10.59
7.07
3.59
1.47
35.81
13.68
1.55
4.04
3.52
3.02
9.60
29.86
4.05
2.04
17.65
3.50
4.03
3.53
13.61
18.23
15.64
19.18
2.52
13.16
26.77
32.79
3.03
18.72
3.57
1.50
29.32
19.74
4.54
5.55
8.62
6.51
15.68
33.37
25.74
26.77
12.13
3.04
7.06
26.30
3.57
5.54
6.55
9.07
9.64
8.57
10.10
3.04
10.10
13.13
14.63
3.07
7.06
6.02
20.21
4.09
13.66
11.59
4.04
2.04
12.63
11.10
4.53
5.06
4.02
54.03
6.05
21.79
3.02
2.03
6.55
4.59
51.55
9.55
7.09
12.63
2.00
2.05
7.08
1.53
27.27
3.01
2.06
9.61
15.14
15.75
1.97
3.07
7.09
1.99
2.53
5.00
30.21
4.55
22.78
4.06
26.85
4.00
9.12
4.06
15.08
8.60
2.03
19.17
2.52
6.56
13.14
20.75
28.81
5.58
2.51
4.04
6.08
3.02
9.61
6.57
17.13
9.58
6.58
18.13
4.12
36.32
2.03
4.57
12.06
3.02
1.52
3.01
29.85
2.52
13.14
6.55
2.52
17.75
35.89
7.57
1.47
12.18
11.09
9.61
10.65
2.54
3.51
10.08
12.12
2.06
4.06
3.50
22.23
4.57
4.56
12.13
5.57
12.61
21.70
25.74
1.51
22.78
2.00
2.01
2.50
4.56
3.53
4.56
10.09
10.60
12.12
1.52
2.03
6.56
20.79
2.06
8.57
3.52
6.53
2.52
8.60
1.52
20.73
8.11
2.00
1.52
15.66
37.40
9.64
4.04
16.18
4.54
4.04
8.03
3.53
6.57
2.02
17.65
4.08
7.62
11.60
9.58
14.10
5.04
13.61
10.14
8.62
8.09
7.09
14.13
16.68
3.53
10.14
3.53
16.17
5.05
2.52
11.11
3.53
11.12
8.59
29.35
8.14
3.52
9.54
1.52
3.55
8.62
8.56
6.59
12.12
42.40
17.68
1.52
1.52
1.52
7.09
10.60
3.02
15.16
7.58
1.52
3.05
15.63
5.52
11.62
23.25
19.17
25.81
1.97
11.05
6.59
8.12
1.47
8.04
3.54
13.12
2.53
8.12
7.58
3.00
5.06
18.73
1.50
10.61
3.52
13.13
13.66
5.58
2.98
2.02
31.37
16.15
8.59
15.13
15.16
9.62
23.23
7.60
15.16
26.31
10.08
11.12
9.65
5.53
13.67
22.79
8.09
6.04
5.05
24.27
15.66
7.61
12.68
10.10
5.57
3.51
1.51
5.50
12.08
8.59
5.57
14.14
6.10
4.05
19.21
3.05
7.07
17.17
6.11
14.67
11.62
6.02
5.56
2.53
10.10
3.56
5.60
1.98
21.74
31.33
19.77
18.73
11.06
28.82
10.10
26.27
7.06
32.30
2.56
3.50
21.25
4.54
7.59
8.60
7.04
3.04
4.03
26.27
12.10
2.54
10.09
13.13
6.09
5.50
12.14
21.26
7.08
13.64
9.09
22.76
5.56
4.08
1.48
3.51
2.52
37.92
8.15
6.57
4.03
21.76
11.12
6.58
15.65
4.02
4.55
3.55
3.54
8.07
1.99
3.01
16.13
8.61
21.75
7.05
4.08
21.27
24.28
10.11
19.67
1.51
8.58
25.24
2.06
9.09
2.02
4.99
5.56
17.15
1.54
1.48
3.57
7.56
19.70
16.16
9.61
2.03
3.55
5.08
1.50
12.21
6.10
7.08
7.05
2.52
12.08
14.64
24.75
17.71
19.74
8.08
8.08
3.02
2.52
7.54
6.08
13.12
1.51
6.54
21.73
7.57
16.22
24.24
28.82
4.55
5.06
10.13
2.51
21.25
3.05
8.58
7.02
3.54
10.58
4.06
3.55
2.04
6.56
12.08
10.12
37.87
10.08
3.03
23.72
2.02
11.14
4.53
22.19
17.73
1.52
1.52
8.55
51.04
12.64
10.65
4.53
8.58
27.28
4.02
6.58
5.09
9.58
10.13
43.99
10.08
10.11
3.50
20.17
1.50
5.05
25.27
15.14
21.24
5.55
1.99
27.26
5.04
6.05
6.11
2.53
10.58
10.14
48.56
8.56
6.55
4.02
14.13
9.60
10.08
10.59
6.57
4.06
2.04
19.22
14.17
6.56
3.54
5.55
7.58
8.59
2.54
4.09
2.49
15.67
5.53
7.07
24.27
2.04
6.13
15.63
5.01
16.13
5.55
12.62
5.07
23.72
15.13
7.57
2.03
5.03
20.69
7.09
9.62
19.21
6.06
2.02
4.08
7.06
6.08
3.52
29.34
26.25
14.64
8.08
8.09
3.03
13.60
2.53
13.12
1.47
3.04
10.63
10.60
4.59
8.08
5.51
2.52
21.76
4.57
12.13
2.04
14.68
6.54
1.53
1.98
5.59
3.54
5.02
25.30
6.06
50.45
11.66
5.57
16.15
2.51
6.07
17.13
4.04
19.65
2.01
2.01
12.68
5.05
14.14
2.02
2.56
4.59
20.23
8.58
14.59
5.55
22.21
15.67
3.04
9.06
11.60
5.59
6.02
13.16
14.65
7.11
13.15
4.55
16.25
1.49
4.58
17.66
13.67
5.02
5.08
5.07
7.06
6.05
1.52
7.55
8.57
12.14
30.88
15.66
2.54
11.64
2.53
12.69
12.61
32.34
19.69
6.58
11.10
5.08
5.07
4.56
30.78
13.14
22.22
4.09
2.48
4.03
10.07
5.04
2.02
18.70
2.53
4.57
8.58
8.57
2.53
7.53
5.58
2.53
1.52
3.55
11.11
2.99
10.08
5.62
50.51
4.07
21.76
12.62
17.13
3.02
7.07
5.06
2.53
4.05
20.23
15.65
14.16
10.60
29.33
6.55
29.33
2.53
14.64
13.12
6.06
2.51
14.65
8.08
1.54
10.64
5.55
15.12
10.15
15.15
2.00
6.10
2.52
2.53
10.58
6.58
2.02
17.67
7.57
4.04
2.05
15.62
20.69
2.05
3.03
2.48
2.52
1.53
13.15
10.60
5.56
3.55
11.09
1.51
7.59
1.53
8.11
8.08
5.54
1.52
7.59
5.07
22.76
1.57
7.05
20.16
1.52
9.56
10.12
12.13
19.21
3.55
9.63
1.98
5.05
21.70
19.17
4.04
16.68
13.13
3.57
15.71
7.63
8.05
4.01
3.52
8.59
8.08
2.53
9.62
40.91
22.73
21.26
12.15
15.72
5.06
6.04
4.05
2.54
3.04
3.02
8.58
1.52
8.11
29.28
8.61
1.51
2.55
10.10
5.58
1.48
18.68
7.57
3.03
4.54
5.07
6.59
4.53
11.62
3.54
7.57
11.68
3.02
10.10
3.02
2.03
12.67
29.82
31.84
10.60
5.56
7.02
3.53
6.07
4.03
21.74
22.74
8.61
2.02
21.21
28.81
6.07
8.60
9.63
8.10
2.57
13.11
8.08
2.02
4.53
8.06
15.14
28.76
7.14
17.16
19.67
15.21
20.69
6.53
3.03
2.01
3.55
3.05
8.59
49.46
10.55
6.54
10.63
7.57
4.99
3.55
12.60
1.51
7.14
3.53
4.01
18.70
7.58
5.55
2.02
5.07
7.08
2.55
1.48
14.66
19.71
12.66
30.33
33.41
22.18
6.04
1.52
2.04
5.08
15.69
2.00
33.82
30.87
7.56
19.18
12.12
5.54
1.52
3.52
5.55
3.54
31.92
5.03
4.55
11.11
4.57
6.56
4.02
27.77
9.66
15.67
8.61
5.02
11.07
4.05
9.65
15.64
5.55
4.03
1.56
1.48
10.57
11.09
4.59
4.08
7.12
2.03
6.55
1.54
14.14
2.02
3.52
11.08
3.54
24.72
1.52
2.53
11.63
6.56
12.68
2.04
6.59
12.62
5.00
12.62
5.53
8.12
2.01
24.28
16.16
4.54
14.12
3.02
6.04
5.04
2.01
16.21
1.49
7.05
29.32
3.55
35.39
12.63
4.52
1.50
1.50
9.61
11.64
21.21
8.07
21.71
8.58
2.05
3.99
16.69
25.79
10.10
20.21
11.59
6.05
6.56
5.56
22.72
17.69
12.65
23.27
5.52
4.58
14.14
2.04
4.53
12.58
11.64
5.07
17.18
9.12
17.12
13.15
10.14
1.98
11.66
11.60
9.60
15.67
18.15
6.59
4.00
32.85
44.50
3.53
24.28
1.99
6.54
20.71
23.75
3.06
15.63
13.70
7.09
28.76
2.04
21.75
1.99
3.03
5.06
6.53
3.03
8.09
4.03
1.55
8.62
4.05
16.15
3.49
13.18
44.40
13.68
1.54
16.17
4.54
25.25
8.04
4.02
4.04
7.05
10.58
5.54
13.18
20.21
5.05
17.18
1.52
4.08
5.07
24.70
8.57
13.09
3.55
1.57
6.08
7.05
4.01
3.01
7.60
11.09
13.17
13.14
11.12
5.58
2.54
3.03
2.03
21.18
2.03
6.57
5.03
21.20
17.70
20.20
5.05
17.17
6.59
4.04
4.56
5.06
4.01
2.02
11.10
4.05
6.07
2.56
4.05
9.15
1.53
10.10
6.06
1.48
2.53
3.02
5.05
5.59
2.54
6.57
39.87
6.54
5.53
2.04
6.06
4.54
18.17
4.55
2.52
3.54
52.08
3.03
1.51
2.01
1.51
14.66
14.65
13.68
9.09
6.08
37.94
2.52
13.13
11.20
18.20
19.19
14.08
2.03
8.56
9.13
16.12
15.63
4.04
12.14
15.62
19.18
5.05
3.54
38.85
4.56
2.05
5.56
1.55
7.55
6.59
2.50
15.60
3.02
25.33
2.55
4.01
7.57
13.09
6.56
11.65
14.62
14.70
12.14
1.95
7.06
11.11
14.72
3.53
7.56
31.32
8.61
1.50
3.04
5.11
6.03
27.28
1.50
8.08
13.59
10.14
5.04
4.04
3.02
24.75
2.03
24.24
5.55
10.62
11.63
30.31
19.21
4.55
16.17
19.15
1.52
18.14
8.10
8.60
1.53
3.02
16.62
7.60
1.51
10.13
6.06
18.20
5.58
8.08
4.02
5.55
2.55
6.03
8.61
15.16
5.54
6.06
1.50
13.09
16.20
16.64
42.36
51.09
17.17
4.04
1.51
1.53
6.06
32.35
15.15
2.03
11.58
6.08
5.57
12.16
14.18
22.72
5.52
3.03
7.59
14.13
3.03
7.59
7.57
12.62
7.12
2.53
16.14
6.54
4.09
12.13
2.00
1.49
7.58
12.13
4.55
2.08
27.25
11.13
8.56
10.67
8.06
3.00
5.03
8.57
2.53
10.59
25.77
2.04
5.54
12.10
7.57
3.54
6.08
2.05
7.08
8.58
4.55
16.12
3.02
9.13
28.25
10.60
3.05
4.03
2.51
6.56
3.58
7.58
12.09
19.68
14.18
5.55
3.03
14.18
12.15
6.03
7.07
15.16
12.66
6.06
5.09
3.03
6.58
1.51
3.57
4.59
4.01
17.17
4.56
9.63
12.58
9.06
7.10
2.55
4.06
2.97
20.18
12.12
12.12
3.52
5.57
26.78
5.55
1.53
3.02
5.55
2.02
19.72
7.04
18.23
57.69
15.70
11.57
4.03
4.07
10.09
4.57
18.26
12.61
17.22
1.49
7.05
1.52
28.28
17.19
23.79
9.09
20.69
21.25
2.97
2.05
5.51
19.26
2.54
3.01
8.10
9.10
1.47
1.53
18.68
10.67
2.58
17.19
8.06
14.13
5.58
4.59
10.57
1.99
8.64
5.05
4.01
4.02
2.54
2.06
1.51
10.10
9.10
16.12
29.83
5.08
7.57
5.52
14.13
5.04
9.62
18.68
7.59
24.77
3.05
27.81
4.02
3.04
13.17
4.54
11.10
4.58
7.57
4.03
15.15
18.24
6.07
6.56
10.65
30.24
8.52
16.10
2.03
4.59
18.21
18.66
13.10
7.54
10.09
6.03
6.07
19.20
1.54
5.06
3.07
14.63
4.56
6.55
19.64
17.67
8.07
1.50
9.03
6.56
4.54
2.51
9.57
5.05
4.05
10.59
5.57
26.73
6.58
11.10
13.17
1.51
1.47
1.51
1.52
5.06
21.19
7.59
17.17
3.04
23.73
9.60
11.10
8.09
11.16
26.75
11.60
1.57
2.57
23.76
5.01
4.52
5.56
4.03
1.51
1.55
6.07
4.02
6.12
12.14
7.08
15.71
5.04
4.58
19.71
10.05
11.09
9.63
11.64
23.68
11.10
4.00
5.59
8.61
7.08
1.52
3.50
18.24
8.08
7.58
11.62
2.01
2.55
6.09
25.23
14.13
4.58
15.65
5.54
1.52
8.09
12.63
6.07
6.54
9.12
17.64
2.02
29.30
6.13
8.59
3.56
9.59
35.91
10.62
30.28
5.61
10.60
15.19
15.65
3.05
4.08
15.70
5.50
3.00
21.74
17.21
11.65
7.59
7.10
2.47
1.53
24.29
3.53
4.53
47.49
4.57
6.59
9.62
11.64
13.16
5.02
6.52
3.52
8.10
11.65
5.04
7.60
3.02
16.68
3.52
3.03
4.04
3.56
15.72
7.04
3.52
5.06
5.56
4.03
24.29
4.04
7.56
3.01
1.53
18.73
22.76
9.60
1.51
8.58
24.78
28.33
3.53
24.28
2.54
3.03
6.07
3.53
2.03
5.54
3.55
9.63
12.12
10.07
16.15
4.06
1.52
16.14
23.78
5.07
6.61
15.67
5.04
38.88
5.56
4.02
8.08
7.61
2.00
6.58
2.54
13.15
12.61
3.05
1.52
7.56
2.51
4.02
5.02
4.05
2.52
6.09
3.02
8.05
8.10
14.64
9.56
9.06
2.54
5.07
3.03
12.11
41.45
25.83
2.03
12.08
3.02
12.66
10.61
5.03
8.57
4.07
21.70
8.05
19.24
10.62
9.12
8.05
17.17
23.27
8.61
9.10
19.71
6.59
2.02
1.50
6.06
7.04
1.97
8.09
3.55
13.17
3.03
4.57
4.07
2.51
2.49
30.79
6.57
20.73
20.74
2.01
3.50
2.03
18.19
5.57
1.51
9.62
6.54
6.54
4.51
2.52
1.52
4.08
9.12
12.13
17.17
23.77
5.57
32.36
16.68
8.10
2.05
1.47
13.65
4.56
39.96
6.07
2.54
10.09
5.06
11.08
3.02
1.53
15.17
5.57
2.54
5.54
5.53
3.02
15.63
3.04
5.02
2.51
7.06
25.84
19.18
11.15
8.60
5.54
5.55
17.67
2.53
3.52
2.53
9.60
3.08
3.54
13.10
5.55
3.06
23.25
2.48
2.55
33.89
8.05
2.03
7.61
20.21
4.50
3.54
1.51
17.21
7.58
10.59
1.52
3.02
5.55
2.01
11.60
2.51
8.08
14.17
6.57
2.53
13.15
5.04
5.06
2.01
11.69
5.06
3.53
6.53
2.01
3.54
6.06
5.54
30.83
3.03
4.61
1.50
11.60
7.57
5.05
11.63
2.00
2.53
10.09
2.50
7.12
2.04
2.48
19.19
1.52
11.64
4.02
9.62
9.13
16.72
19.71
14.64
15.14
23.22
18.64
4.60
6.54
16.67
15.16
8.62
24.24
7.55
6.56
25.20
1.51
6.09
20.18
5.58
1.52
3.03
36.42
3.03
6.52
18.20
5.04
4.08
3.51
21.27
22.74
9.57
7.60
9.57
10.62
36.38
10.10
23.78
11.60
18.14
10.64
6.05
6.09
2.53
6.04
3.57
12.60
6.53
2.03
21.23
6.55
3.55
10.08
9.11
3.03
14.14
12.14
10.61
4.06
3.06
1.95
26.76
6.56
18.14
11.62
17.17
6.06
13.12
6.59
10.11
7.06
9.06
3.05
11.12
12.59
36.40
7.59
25.15
14.15
11.13
16.22
2.03
10.09
2.50
3.54
8.63
2.02
1.51
18.66
2.03
4.08
1.48
14.16
10.66
31.34
2.05
7.57
3.03
13.16
17.68
7.59
11.06
5.57
14.19
2.02
6.05
4.53
6.05
5.03
13.71
2.50
20.20
3.03
9.10
11.62
17.22
71.72
5.56
8.08
7.10
5.06
6.58
3.53
29.80
5.06
15.21
21.72
6.55
1.51
26.75
4.04
3.51
13.14
9.07
22.26
7.08
6.53
27.31
7.08
10.66
8.08
8.57
3.53
22.25
25.81
3.50
5.54
3.01
43.47
4.56
5.05
5.52
7.06
4.57
7.58
8.56
6.04
4.56
3.03
8.62
8.08
4.02
5.54
5.06
11.61
2.01
15.66
9.61
4.08
14.68
13.69
6.54
16.62
6.05
6.06
6.58
25.25
14.16
4.55
6.59
14.69
7.58
14.62
14.13
7.08
13.14
15.68
8.07
1.52
5.04
10.14
5.08
2.02
17.16
12.60
4.04
8.58
4.59
5.04
10.10
30.83
11.10
20.75
5.03
8.08
12.16
20.20
18.65
3.01
5.09
1.97
3.04
10.64
2.02
2.51
64.70
16.71
7.09
20.72
32.78
19.17
7.08
10.65
2.02
33.30
7.59
3.53
2.02
9.60
4.54
6.58
4.07
3.02
16.18
4.04
2.51
9.11
9.59
10.10
7.58
5.56
5.55
1.52
4.06
6.58
18.69
1.51
13.63
2.02
18.15
3.07
6.57
9.62
3.02
5.07
7.02
3.05
4.53
5.06
6.59
5.54
13.70
5.53
3.07
7.59
21.23
16.65
3.03
2.03
22.19
3.50
5.57
5.06
2.51
13.16
7.58
8.09
5.53
2.04
4.00
3.08
1.46
18.70
17.17
14.13
25.75
14.14
33.38
2.55
2.03
5.54
1.48
8.62
30.80
22.73
1.51
6.06
2.54
32.82
2.53
10.63
10.11
6.54
21.18
35.38
6.09
6.55
14.66
14.68
25.35
6.54
17.67
3.53
12.13
22.28
11.62
13.12
4.01
6.05
6.09
20.20
1.99
1.54
9.59
5.01
2.55
12.61
7.10
6.53
5.07
7.07
12.13
4.03
6.06
15.72
12.61
5.55
11.64
13.13
1.49
18.68
5.06
12.58
13.62
1.52
4.57
2.47
15.14
5.10
3.51
6.56
21.75
8.07
10.59
8.63
14.67
21.71
2.53
22.76
25.76
8.08
5.06
7.04
5.05
20.29
17.16
4.01
18.16
6.09
3.51
9.09
16.16
5.58
6.09
17.70
12.62
8.10
12.09
12.65
10.10
7.57
11.17
37.36
31.80
8.10
20.73
4.05
15.67
11.64
12.15
30.79
1.53
6.55
5.60
33.30
11.12
19.68
7.07
16.72
11.60
22.24
52.58
48.59
1.52
7.06
13.61
14.66
2.55
4.03
8.61
27.73
2.02
11.12
12.63
1.55
8.08
5.02
32.87
11.65
2.01
5.05
3.55
21.20
1.99
2.04
1.51
1.49
7.60
28.26
4.58
22.22
13.64
7.61
24.74
6.57
3.51
1.51
9.10
33.30
3.53
16.20
5.58
9.11
7.04
2.55
17.67
1.54
3.03
2.54
18.72
4.03
21.71
8.56
5.55
10.14
7.61
5.03
25.24
3.05
1.53
4.02
16.22
24.28
4.03
8.11
7.57
7.57
12.10
3.05
3.03
2.05
6.54
26.26
1.52
8.56
5.55
8.09
41.02
1.50
7.58
2.52
15.16
8.06
3.53
2.52
5.05
9.10
3.52
9.59
3.54
9.59
4.54
42.96
13.66
5.11
2.47
29.81
10.10
3.02
20.74
7.13
4.01
10.58
1.52
16.64
3.03
12.65
10.65
8.60
6.56
5.55
1.52
26.26
10.65
5.11
1.51
2.02
3.52
43.92
11.12
28.28
11.16
21.24
5.58
13.68
6.57
7.58
2.07
4.51
28.89
20.18
1.47
3.53
6.59
5.04
9.66
5.54
3.59
12.17
8.54
8.64
4.57
1.55
22.64
4.00
9.06
6.56
15.20
10.07
2.03
5.08
17.22
6.58
2.51
2.01
5.54
5.55
1.55
8.60
24.78
3.02
6.02
4.54
6.08
1.52
4.57
15.64
5.04
3.08
15.19
11.60
3.03
2.04
3.08
5.54
9.56
3.03
4.07
22.69
11.64
7.04
17.64
3.05
58.54
3.01
18.68
1.51
2.53
1.52
6.58
2.06
7.04
41.44
1.48
14.19
7.06
11.60
2.02
25.26
24.77
2.54
2.51
4.52
12.64
1.50
24.26
10.60
2.04
5.09
10.09
17.63
2.52
1.51
8.12
35.90
4.53
5.05
11.12
3.55
2.55
41.94
5.08
10.62
4.54
4.06
7.03
4.03
3.04
10.61
15.67
10.10
2.01
7.63
2.00
15.70
2.53
7.60
24.76
21.23
6.57
5.06
15.11
6.06
2.03
5.04
13.18
16.19
13.11
32.82
17.69
3.03
27.80
5.60
4.01
2.04
2.03
21.30
17.70
24.22
6.04
10.61
5.08
23.71
7.59
15.65
10.64
29.82
15.16
10.08
13.05
3.03
6.12
9.10
16.16
3.04
3.04
23.21
4.06
14.67
7.10
10.63
15.65
19.68
12.15
6.56
2.00
7.58
3.53
2.53
2.51
3.53
3.56
1.53
26.79
11.10
24.25
30.79
34.30
4.03
27.87
17.70
5.06
3.50
1.50
4.56
12.54
6.53
11.12
44.48
8.63
14.65
15.66
7.61
2.51
5.57
5.09
43.43
5.06
8.58
15.13
12.12
12.14
1.52
10.15
2.03
3.55
5.06
4.04
1.54
20.19
3.53
15.17
8.12
3.53
12.66
9.60
3.01
8.12
1.98
19.16
20.29
5.05
25.26
2.05
2.50
13.62
5.54
13.65
27.83
8.08
6.54
6.12
14.62
7.59
1.54
4.07
2.53
1.98
10.57
6.57
12.09
1.48
5.57
16.69
8.10
6.59
7.60
9.05
4.52
1.50
2.53
3.53
10.64
17.74
3.53
18.73
10.60
21.76
10.14
22.19
17.70
1.55
6.03
17.17
2.00
19.19
2.52
6.08
2.03
13.69
9.62
7.06
1.52
5.07
4.03
11.60
10.15
23.19
3.51
13.17
1.52
1.52
1.53
13.63
12.68
2.53
10.61
7.53
5.04
17.21
7.59
4.59
20.15
2.50
6.06
5.10
7.62
12.15
8.06
2.57
1.98
6.56
13.60
7.06
13.62
38.85
2.02
16.17
10.09
3.56
2.50
2.02
10.13
3.54
2.52
3.03
21.21
4.50
12.64
14.16
2.00
10.60
14.65
15.18
6.06
5.56
6.59
8.10
3.50
3.01
16.17
15.14
17.68
7.57
22.77
4.56
7.07
1.51
14.64
11.64
22.72
7.07
7.07
13.14
5.05
11.67
23.29
4.01
24.27
2.51
9.64
3.97
21.24
30.30
8.58
27.30
7.11
10.09
36.34
8.07
27.24
2.54
11.11
9.60
19.25
18.72
8.07
8.14
7.59
10.60
5.54
26.28
5.54
11.66
15.69
3.02
4.53
6.59
10.12
12.15
7.57
12.60
3.51
20.19
13.17
8.08
10.66
16.68
3.06
22.24
3.00
29.29
13.65
18.19
25.33
7.10
8.06
47.00
7.61
21.23
16.70
6.58
9.59
20.65
2.02
1.51
8.59
7.07
15.69
8.09
4.04
6.55
5.57
2.48
19.21
32.83
5.57
11.11
6.08
35.86
17.16
2.55
30.84
5.05
7.54
4.09
6.56
6.05
8.08
1.51
18.66
47.98
10.58
8.62
2.03
10.63
1.51
13.63
20.19
4.55
3.01
6.56
10.11
35.90
5.05
16.68
17.19
15.67
6.55
4.51
15.70
2.01
4.04
4.57
6.57
9.14
12.15
9.57
6.57
14.10
7.58
73.32
2.08
24.76
14.21
26.76
7.57
27.79
29.89
11.12
14.13
7.59
16.74
26.77
6.05
5.08
25.27
16.17
32.29
13.61
7.60
5.58
2.02
2.03
7.04
15.20
1.51
15.19
5.58
14.15
5.02
3.04
18.63
7.05
28.86
36.39
15.17
2.02
11.13
4.52
6.55
1.51
2.05
7.54
2.55
2.51
2.02
4.03
14.67
11.10
6.08
23.28
5.08
6.05
19.71
8.12
9.62
10.10
5.61
6.55
2.01
19.65
26.28
4.59
17.71
21.20
40.50
2.04
10.05
7.08
3.03
10.58
9.58
5.07
1.50
3.04
8.59
10.11
5.09
13.62
16.64
30.36
21.69
19.73
15.11
8.07
27.76
2.54
19.22
8.56
11.12
11.11
7.09
4.06
10.10
18.72
13.68
3.50
20.72
8.58
2.03
9.58
2.55
19.19
43.50
4.05
12.63
13.13
3.51
1.52
3.05
21.73
3.51
6.12
6.06
24.80
16.65
5.05
19.72
3.04
11.57
4.03
3.54
12.10
15.16
7.57
5.04
22.32
7.58
26.23
10.58
2.57
14.18
9.58
3.52
2.03
4.06
10.13
6.55
9.06
2.53
6.56
39.80
10.11
22.28
5.11
6.60
5.57
5.52
15.13
11.60
27.22
13.65
20.24
14.13
6.60
3.53
14.65
3.56
1.51
19.24
6.57
4.04
2.52
7.63
17.63
2.02
14.69
12.09
11.61
15.11
12.10
8.10
8.08
3.53
8.09
5.05
19.73
2.02
10.60
20.19
43.41
10.13
15.13
3.08
30.32
5.55
1.53
17.11
8.10
3.00
12.11
48.58
31.33
10.08
19.17
2.54
13.14
1.52
4.04
3.55
2.53
19.70
19.21
5.52
10.60
3.57
4.06
3.04
15.12
4.04
7.60
14.68
4.06
4.53
14.18
7.07
5.54
12.07
27.29
9.08
4.55
1.50
8.12
2.53
16.70
2.01
4.05
3.52
5.56
9.62
4.02
5.56
1.53
4.53
5.07
4.52
9.63
7.06
13.12
6.54
8.12
39.92
3.54
12.07
26.29
7.58
10.61
21.72
5.57
31.83
7.60
16.68
32.87
15.17
3.52
14.06
4.56
7.06
16.21
8.10
15.65
6.55
28.81
10.62
2.03
7.57
8.08
2.03
15.15
6.58
7.61
9.06
1.51
6.04
2.52
13.67
9.65
3.48
10.58
11.60
45.95
2.02
11.11
4.56
2.53
1.57
5.51
21.24
2.51
25.77
3.54
14.12
1.49
32.84
25.79
22.21
10.64
2.03
20.22
4.04
7.58
6.08
25.84
10.59
6.03
30.84
9.58
10.61
5.07
8.62
5.52
5.03
29.30
2.03
5.05
30.79
5.08
6.54
5.58
5.05
2.56
5.58
1.50
15.13
11.07
12.65
11.62
1.51
3.52
4.06
4.53
21.29
15.10
9.08
1.53
2.53
1.55
1.49
9.56
6.06
7.62
2.02
2.06
7.08
5.56
23.27
11.60
11.60
2.01
26.70
5.54
3.02
3.54
12.69
3.54
1.51
15.14
6.07
8.09
5.10
17.16
22.70
21.68
17.15
11.65
9.06
3.06
5.05
3.52
13.68
1.53
11.10
5.04
13.63
10.07
11.17
7.02
15.68
6.05
6.06
29.86
12.12
8.07
4.56
7.56
9.14
5.61
20.71
2.06
6.08
30.35
9.55
8.10
3.06
17.13
3.02
4.05
4.04
4.02
5.55
12.11
3.59
7.57
9.57
14.13
12.16
26.77
7.53
12.16
7.55
3.59
2.01
9.57
14.19
4.07
9.62
4.01
5.01
10.56
5.58
16.16
12.12
10.11
5.59
11.13
2.05
11.07
3.02
11.15
12.61
6.53
16.69
5.55
37.88
29.88
7.06
11.58
9.60
3.01
21.73
2.02
9.60
3.58
8.60
1.49
9.57
5.52
4.03
6.06
20.20
4.55
11.62
14.68
6.59
8.62
8.03
5.54
28.25
9.62
30.33
5.52
2.03
8.08
6.60
10.66
8.07
13.66
11.10
3.04
1.53
3.03
9.08
9.61
4.05
4.09
23.28
21.17
11.55
26.27
10.09
3.07
3.54
5.57
12.65
19.19
7.05
17.65
3.57
5.03
2.51
2.04
13.15
5.05
2.02
22.77
7.56
8.06
6.10
2.04
3.01
6.61
3.49
28.76
7.58
16.14
3.53
32.38
1.51
7.60
4.57
15.64
18.74
4.03
7.05
1.52
8.06
3.53
6.05
3.54
10.64
3.03
12.10
7.60
6.59
8.10
3.04
2.01
14.13
5.10
5.06
19.72
3.03
10.05
6.03
10.13
8.09
2.52
1.57
7.07
4.46
5.08
20.26
4.03
15.67
8.56
4.51
12.66
2.03
8.10
14.12
5.59
2.52
2.50
21.25
6.58
6.05
17.19
8.58
5.05
2.05
4.06
5.06
8.58
3.03
30.89
7.06
4.55
2.55
20.29
14.63
6.04
13.09
12.67
1.54
5.54
1.47
5.53
2.56
3.07
3.03
11.09
8.09
12.15
8.60
5.06
14.15
7.06
7.11
28.77
39.49
2.03
5.05
7.56
8.06
8.10
5.60
7.62
4.04
7.01
4.57
3.56
3.54
2.57
3.48
26.78
6.07
14.14
21.70
2.51
8.62
7.57
3.01
8.06
6.03
1.54
9.61
4.59
8.09
5.55
15.15
4.02
2.05
9.63
6.06
16.19
23.73
4.04
5.05
5.55
31.88
10.13
9.61
3.03
3.55
1.50
7.53
13.62
34.34
23.76
13.10
2.02
3.55
7.58
16.20
8.11
8.09
14.18
9.11
14.68
10.61
3.04
17.22
9.58
18.21
12.14
4.05
7.07
5.06
9.62
10.13
12.66
11.10
6.06
16.68
7.57
2.02
7.07
4.07
1.51
1.49
10.13
8.08
21.75
2.52
5.09
11.61
30.38
2.05
3.52
14.59
15.16
8.13
6.58
12.68
7.56
9.59
10.60
2.01
10.66
3.56
12.14
3.04
2.01
11.68
14.63
6.56
16.64
2.57
24.78
8.07
1.51
5.51
2.53
5.05
6.60
4.10
5.56
4.50
5.07
5.60
2.00
16.65
16.15
1.51
2.00
5.55
5.05
3.09
6.57
8.17
6.04
2.53
12.60
5.01
14.12
24.70
15.18
25.74
12.66
1.53
9.08
8.03
8.08
16.13
7.07
1.53
1.53
5.06
5.58
7.59
5.52
2.05
12.71
31.35
16.65
1.98
10.10
16.19
3.50
3.04
22.72
16.67
28.78
2.02
2.52
9.62
12.13
6.57
6.05
2.53
2.03
10.60
7.11
9.60
3.57
8.56
11.13
26.80
4.04
4.05
3.05
7.59
3.01
3.55
14.70
5.04
9.12
11.14
6.55
2.54
18.69
3.53
7.57
10.60
1.52
12.59
1.53
3.54
2.01
5.59
2.50
27.31
7.07
6.57
11.63
10.09
4.05
5.54
8.09
13.67
7.07
15.67
11.12
5.00
13.14
5.09
5.54
23.26
2.04
2.53
10.11
15.16
55.09
21.74
2.53
13.59
2.05
1.99
3.54
8.14
40.44
10.54
40.42
2.05
8.12
5.04
9.64
10.10
2.98
4.07
6.03
23.21
19.69
9.61
14.66
11.64
6.54
1.52
11.60
12.63
10.15
12.10
9.07
10.11
5.59
12.59
10.57
4.05
7.06
6.56
1.52
8.57
5.03
60.13
19.69
2.54
7.55
5.08
3.52
3.52
2.53
26.26
1.51
17.70
7.61
1.52
25.74
2.04
7.60
30.31
15.70
7.04
2.49
8.59
3.55
2.53
6.10
19.73
1.50
9.62
3.01
1.99
10.16
12.10
38.42
8.61
16.17
5.50
2.02
26.78
12.66
9.08
5.56
13.66
19.68
2.03
5.53
4.54
5.04
3.04
1.50
4.05
5.56
3.56
45.96
5.06
3.03
2.02
6.61
15.16
3.54
28.33
11.60
8.61
3.54
19.19
4.02
34.30
3.56
3.55
10.08
15.15
9.57
13.16
26.76
3.55
10.13
4.01
8.58
16.71
3.52
2.50
11.15
3.05
2.01
8.08
7.11
12.69
10.67
2.50
7.60
5.07
15.14
3.53
17.12
2.52
1.54
12.64
15.20
10.09
3.51
3.03
8.08
6.10
3.56
4.52
6.57
22.20
6.55
10.14
9.59
11.08
1.52
4.55
17.67
5.54
3.05
10.58
20.21
1.51
7.08
6.57
31.87
6.07
3.53
2.04
11.08
22.26
4.54
22.25
3.55
4.03
10.61
3.55
4.54
2.02
16.20
3.03
11.14
8.59
27.74
5.55
20.23
6.07
6.06
8.64
2.02
8.62
5.04
13.17
6.04
2.00
7.57
3.52
7.58
7.11
2.02
18.22
4.02
14.14
2.01
1.52
5.08
1.52
2.52
15.70
3.00
11.12
5.59
5.54
8.52
8.08
23.74
2.03
1.51
4.05
10.63
3.58
6.53
12.20
2.51
8.10
21.24
2.06
8.05
12.16
22.21
4.04
2.55
26.78
4.02
2.00
2.53
7.59
1.51
39.43
6.59
6.55
2.04
1.50
22.28
2.01
8.56
16.68
2.52
3.54
1.50
32.75
3.57
5.02
16.68
12.15
1.55
4.05
30.32
26.23
12.12
5.60
3.01
5.08
8.53
29.79
6.06
2.01
6.06
3.02
4.05
3.57
1.52
3.55
10.15
9.12
9.57
25.26
29.26
5.55
15.69
24.77
11.58
9.61
24.76
3.07
38.85
1.50
21.74
22.19
2.03
1.49
8.10
2.01
1.51
18.69
5.57
5.05
7.08
6.09
4.50
5.06
5.03
3.04
12.13
7.57
3.55
1.49
8.08
6.58
35.34
5.55
7.06
7.59
15.70
3.50
15.15
17.66
9.65
10.59
6.62
3.02
16.61
11.61
2.53
2.06
1.50
3.49
22.20
19.24
7.03
24.74
1.98
1.53
2.01
2.02
15.12
41.55
7.04
8.01
5.60
19.73
10.09
2.51
12.62
19.22
28.79
2.06
1.98
3.54
11.12
2.03
16.13
11.65
11.10
9.08
7.04
8.12
2.53
9.60
6.07
8.62
7.55
2.99
1.51
23.26
2.51
5.56
6.58
21.22
3.06
7.05
9.54
35.87
1.52
4.55
5.57
6.57
8.11
24.78
2.05
2.00
4.03
1.99
7.05
3.04
3.53
1.51
5.04
6.57
16.14
2.07
17.17
3.49
9.62
13.14
3.57
19.20
5.08
1.50
2.01
12.61
4.59
2.01
27.23
42.48
4.03
32.86
9.55
16.70
2.02
14.59
3.54
2.52
4.54
5.58
9.60
11.64
5.07
9.62
23.80
2.03
11.10
2.55
4.53
4.05
16.66
21.72
8.08
6.11
4.61
4.55
1.99
2.04
2.48
1.52
2.05
1.97
9.07
14.21
3.53
3.54
7.03
5.53
1.53
2.00
12.63
4.02
3.52
2.52
39.39
4.05
7.08
5.06
11.11
6.56
1.55
6.07
6.09
26.74
6.57
6.57
18.18
8.56
13.17
10.13
11.10
10.13
32.87
2.51
15.61
8.10
2.05
25.77
25.78
18.21
3.04
8.10
3.04
3.52
9.13
20.75
3.03
4.01
4.05
11.62
4.01
7.12
27.78
5.55
9.63
34.32
13.12
1.99
4.58
23.29
14.60
2.05
31.93
10.60
43.95
2.52
7.58
18.66
30.29
2.06
4.04
2.53
6.04
12.17
3.55
4.52
2.57
1.99
11.63
19.16
7.59
1.53
16.19
8.66
1.46
2.52
16.62
26.31
9.62
4.08
3.01
15.63
12.66
29.32
18.69
16.19
12.14
13.10
6.57
14.70
2.04
4.06
5.04
3.57
12.63
3.01
3.03
5.53
7.55
20.70
6.08
14.10
10.61
45.91
11.63
17.68
7.60
21.20
13.68
6.63
4.01
48.48
27.37
1.49
10.16
4.61
7.03
7.57
6.55
29.76
15.66
8.09
2.02
3.54
16.13
7.63
21.69
7.07
8.07
9.56
39.88
18.20
7.63
6.51
3.54
1.52
14.67
29.27
3.04
2.03
12.10
5.06
21.22
20.74
21.24
1.55
2.03
3.53
20.23
2.50
10.11
12.12
7.09
12.63
6.08
14.67
15.16
14.66
11.58
8.61
5.09
5.06
16.74
3.01
1.54
3.00
35.36
9.57
5.07
2.52
2.53
12.12
1.52
6.06
16.70
4.04
8.08
4.58
3.51
3.01
2.51
4.57
4.59
52.54
2.01
6.57
26.30
27.31
3.04
5.56
3.04
11.12
9.63
7.07
17.72
4.52
1.51
12.12
4.06
2.04
3.50
4.53
23.78
5.53
31.80
3.06
15.69
5.02
9.12
19.21
17.62
25.24
19.71
2.01
25.28
1.56
2.03
2.99
6.57
5.06
12.60
10.11
4.57
21.23
18.70
15.12
1.52
2.04
5.12
2.50
11.10
5.55
13.61
3.02
2.04
3.52
16.71
2.53
24.23
3.53
3.04
21.23
5.06
20.74
2.03
11.56
6.56
1.52
10.15
6.08
1.52
3.05
7.55
50.52
21.22
7.07
2.52
29.78
5.56
6.07
13.09
3.55
17.17
3.00
31.85
15.15
10.63
24.73
25.80
2.50
21.73
37.37
2.05
28.30
1.51
9.60
12.65
8.11
9.56
3.07
3.99
16.15
1.47
10.62
57.09
15.21
21.24
3.50
3.03
11.60
7.06
8.58
24.72
15.67
3.52
16.61
20.29
2.48
11.10
2.05
26.30
29.26
15.65
13.17
11.18
26.78
5.56
9.06
14.62
6.57
5.59
3.04
4.01
12.12
3.55
9.59
5.56
11.62
11.12
4.04
4.58
8.06
3.00
2.05
10.59
15.16
7.60
7.12
5.51
55.62
12.13
4.02
5.02
11.61
3.05
12.63
11.59
12.66
5.04
1.52
16.66
4.02
5.07
2.03
10.62
40.94
9.63
3.05
5.02
9.66
12.60
10.05
13.14
3.58
3.54
2.02
2.51
15.61
26.30
10.61
1.98
4.05
6.62
1.50
1.51
9.07
12.13
2.05
3.02
9.09
2.55
6.03
19.69
17.67
28.32
43.05
12.12
9.06
2.53
1.52
10.62
24.24
6.08
6.56
2.03
2.51
4.08
10.64
25.81
14.16
1.47
10.58
5.57
18.70
10.15
2.00
1.51
1.51
15.65
18.69
11.62
25.79
11.10
7.60
13.07
11.15
1.48
20.68
12.64
6.52
12.67
23.76
11.08
7.06
1.55
3.50
33.86
5.57
1.53
5.06
3.04
13.17
8.53
7.59
23.23
4.60
13.64
2.54
4.00
9.62
3.55
5.53
8.57
3.54
6.07
7.58
3.55
17.65
15.19
5.55
10.67
1.99
4.05
44.45
5.08
6.05
8.61
5.58
1.51
4.56
6.06
6.56
11.09
17.69
20.27
5.54
20.70
3.52
6.06
3.04
2.02
9.59
3.01
10.10
3.52
19.23
34.88
9.12
3.02
1.53
10.11
12.21
23.26
12.08
27.80
7.61
10.10
14.19
3.55
7.04
1.52
6.02
13.16
10.10
19.16
8.10
2.02
10.61
2.50
7.06
6.08
11.08
4.02
21.16
8.12
9.61
24.78
20.20
3.53
5.03
3.52
7.06
14.19
4.56
5.04
1.53
8.60
33.42
3.03
5.54
3.52
4.09
2.48
5.53
17.69
16.14
27.31
5.56
11.62
30.32
9.08
2.52
7.59
3.53
8.10
15.15
8.13
9.09
12.65
7.04
13.12
10.59
8.62
2.53
12.64
1.52
4.08
9.61
3.06
7.05
21.73
5.56
7.58
7.65
2.97
8.05
45.43
10.67
5.02
1.99
5.02
3.55
12.13
20.78
2.51
7.05
15.15
13.12
6.07
5.07
3.55
21.21
4.49
6.08
7.08
2.03
8.61
23.21
5.59
1.49
57.60
10.61
4.01
8.08
7.58
2.52
5.04
1.52
11.59
8.08
2.50
59.14
7.63
18.70
5.01
12.12
2.02
3.02
1.51
5.06
14.64
6.58
7.61
10.62
18.68
4.03
1.51
9.05
10.14
2.52
5.06
3.02
3.02
8.59
6.06
5.59
33.34
17.70
10.11
3.06
8.07
7.05
13.62
6.56
4.04
6.60
6.56
12.64
14.62
14.67
8.56
5.57
32.27
4.53
1.51
15.11
15.14
2.03
20.21
6.08
11.62
1.54
29.31
2.57
9.14
13.60
10.07
6.55
9.60
1.54
9.63
3.52
36.87
11.11
12.59
5.56
3.53
5.59
6.06
5.09
7.53
5.06
5.55
3.01
34.40
40.88
1.54
13.18
2.50
13.67
2.50
14.18
15.67
4.00
18.66
8.03
2.53
11.08
4.04
5.54
9.67
6.63
7.56
11.08
30.81
6.11
5.52
6.59
18.71
14.18
2.06
34.84
21.75
12.64
4.52
19.71
10.13
12.61
37.83
8.06
12.65
6.60
14.18
3.54
12.11
12.62
22.23
6.60
23.73
6.07
2.52
3.06
6.05
5.02
8.07
12.14
17.21
28.80
1.48
7.58
58.11
16.68
2.55
5.09
1.54
11.12
54.05
8.55
2.52
7.51
6.08
9.59
1.51
5.58
10.10
3.04
2.54
4.06
1.54
14.66
4.02
6.59
19.67
10.09
12.16
23.22
8.10
7.09
2.05
9.65
4.03
15.68
10.65
3.48
2.02
23.20
28.80
9.57
8.55
5.54
6.09
6.58
11.09
8.10
1.52
23.26
8.58
14.18
20.71
2.04
23.29
21.75
3.51
3.08
3.01
22.23
17.65
3.05
9.11
15.16
16.17
9.62
10.08
2.52
15.15
4.54
6.58
21.25
18.17
3.49
12.63
1.55
7.09
14.70
7.04
5.04
7.58
3.03
9.10
6.09
2.00
3.06
8.08
3.00
2.02
17.22
3.55
11.09
2.52
17.17
23.75
5.05
1.51
10.11
19.73
5.05
8.59
10.19
12.12
3.49
4.07
7.55
22.19
12.08
13.19
9.61
1.54
8.58
1.56
5.04
1.49
3.05
9.57
4.04
11.07
4.06
7.03
3.06
19.75
15.65
1.52
12.15
10.09
11.58
9.57
5.06
6.55
32.32
4.59
2.49
10.61
1.52
6.08
6.58
13.14
2.00
3.54
9.59
30.76
28.85
8.56
3.54
2.02
18.72
27.76
1.53
11.62
6.06
8.08
3.05
2.02
21.67
2.03
3.55
3.52
4.56
3.04
8.60
2.05
8.58
11.61
2.54
10.12
8.62
15.17
34.35
2.49
5.08
14.65
18.73
7.07
17.65
9.57
10.63
20.71
2.01
2.52
11.64
2.49
1.52
13.64
9.65
1.53
3.53
1.49
2.51
10.60
8.11
16.16
7.56
5.55
10.14
18.73
16.20
10.14
8.06
9.13
6.57
7.11
18.69
44.52
1.52
29.77
7.08
7.62
18.71
4.52
16.72
1.48
12.09
3.03
29.24
18.74
8.08
19.69
10.65
6.05
27.76
5.09
22.20
5.05
1.55
3.54
25.25
5.53
1.51
8.13
6.09
2.53
20.75
8.06
6.08
8.04
5.06
23.74
2.03
9.13
2.49
10.61
17.17
7.61
2.49
17.65
12.12
9.62
2.50
9.11
26.28
5.05
10.11
2.61
8.09
9.12
6.03
14.61
23.78
19.16
22.26
13.14
16.20
9.57
29.38
8.56
3.03
1.99
9.05
1.52
10.11
2.03
11.62
13.12
10.62
4.05
30.80
10.61
25.28
4.52
14.12
28.27
3.04
3.52
31.32
1.50
3.56
8.56
1.55
8.58
16.71
2.53
2.01
12.64
4.09
34.87
3.52
28.84
22.17
1.98
3.52
3.55
3.55
2.52
3.52
4.06
2.00
11.64
2.04
4.05
6.58
13.69
11.08
7.60
20.72
8.11
4.01
6.08
2.05
3.51
4.55
7.58
12.64
8.06
8.06
4.55
16.68
7.08
2.03
3.56
2.00
14.63
10.11
6.08
32.84
8.03
4.00
33.32
13.17
12.17
16.18
13.61
13.11
15.13
1.50
12.65
1.57
14.16
10.08
11.10
14.69
3.02
9.57
8.08
15.68
7.58
19.72
5.56
5.04
14.13
20.74
9.59
20.75
23.20
15.69
2.04
11.62
10.14
1.48
3.61
2.47
3.03
23.72
7.59
3.03
3.03
28.29
8.08
7.57
1.49
11.59
5.58
24.27
9.58
17.70
2.03
6.09
8.54
7.11
14.13
19.18
12.67
15.17
5.55
10.10
15.65
6.10
6.10
15.67
2.52
17.66
16.65
9.05
5.04
3.07
18.72
14.67
10.09
3.54
16.18
7.03
6.03
7.60
25.24
3.07
4.55
10.61
4.00
16.17
2.02
3.01
8.07
2.03
12.62
8.13
2.52
2.01
4.00
2.51
8.58
5.06
1.50
6.64
6.01
10.07
2.06
32.34
11.11
40.37
4.59
1.50
2.04
7.60
8.61
8.12
5.05
12.15
6.02
9.09
6.04
10.10
3.54
16.66
3.06
9.08
1.53
8.57
19.68
43.98
11.61
12.61
10.09
15.68
10.61
10.10
2.04
6.07
22.25
3.02
18.69
10.13
4.04
5.07
1.52
11.14
2.54
10.11
24.81
12.63
15.65
2.02
20.72
18.67
6.11
12.14
5.04
26.83
9.62
2.49
2.52
3.03
2.52
14.17
28.80
15.18
5.56
12.60
5.06
3.05
24.70
4.05
10.09
12.12
14.16
14.14
2.02
15.14
10.63
8.60
37.85
11.15
18.23
2.53
4.01
8.56
18.18
15.19
3.01
6.59
19.27
9.53
2.02
60.15
21.78
5.05
3.53
7.12
4.49
21.24
1.54
1.52
5.58
3.05
7.05
2.02
23.73
10.09
1.51
9.62
11.62
7.06
1.51
2.54
10.14
4.01
7.60
23.29
13.12
5.56
8.59
15.15
3.57
6.06
12.66
17.72
4.01
8.56
10.60
2.53
6.58
11.65
14.11
9.63
27.30
10.66
3.54
21.23
7.11
8.12
1.52
4.09
15.63
4.04
12.62
29.28
13.61
12.11
2.03
3.02
16.16
8.10
5.54
3.03
2.54
17.23
24.27
1.51
19.23
14.65
27.87
6.52
5.04
12.15
33.40
5.04
1.52
8.57
7.08
20.74
1.48
7.05
4.05
12.14
6.57
3.04
36.99
24.26
9.15
20.70
10.06
32.27
10.58
12.62
2.05
6.05
7.58
7.56
4.09
1.48
1.53
23.32
4.02
29.81
4.05
3.54
46.46
3.59
24.23
1.52
32.85
5.55
8.59
24.24
28.25
4.55
3.59
11.67
8.02
10.57
21.71
10.09
9.04
1.53
12.66
1.99
1.47
2.51
13.66
10.62
16.21
6.09
5.05
21.21
5.56
2.52
2.05
9.09
8.59
16.65
3.52
32.90
12.17
16.15
23.75
4.01
3.56
8.07
9.11
46.47
11.13
3.07
7.54
2.03
14.15
11.16
27.32
12.69
3.50
19.72
4.03
2.53
1.51
40.40
1.53
16.18
11.08
14.16
13.66
2.05
2.49
3.52
9.60
2.49
7.06
1.53
1.51
14.17
6.57
10.60
5.60
2.01
54.09
5.59
6.58
30.88
21.76
1.52
4.01
7.62
3.03
10.63
2.03
10.59
13.62
2.53
3.56
2.02
2.04
8.09
10.10
1.52
14.62
11.59
6.09
1.52
24.73
2.01
10.61
2.02
14.68
2.53
19.74
3.03
3.01
2.51
3.58
8.08
6.09
5.06
17.19
7.05
7.56
20.18
9.17
2.01
4.02
15.21
26.24
10.19
1.50
5.06
11.63
20.67
3.04
2.05
11.07
28.88
2.54
4.07
11.69
11.11
32.78
2.03
1.54
11.65
18.14
14.67
16.67
29.30
30.31
3.58
15.65
2.53
2.55
1.51
6.08
3.52
5.06
9.59
7.60
28.25
28.80
12.11
4.06
11.09
2.50
2.52
5.06
3.07
12.65
2.00
8.57
4.03
17.69
14.67
7.54
48.55
6.59
11.14
12.62
11.64
3.51
5.05
11.16
7.06
3.50
2.03
18.20
1.55
11.18
5.51
1.53
1.98
20.20
1.50
12.16
15.68
8.09
4.57
21.22
9.63
9.58
8.60
24.81
6.05
3.03
3.56
2.55
1.50
7.08
31.30
3.04
17.66
14.12
8.09
2.02
26.24
11.62
23.72
2.53
10.61
15.69
6.57
2.03
13.65
11.61
3.53
7.57
14.21
10.60
11.61
3.56
28.80
6.60
12.08
21.29
11.12
9.59
12.14
2.00
6.06
3.04
4.03
2.53
20.21
12.09
10.64
9.57
22.74
18.73
4.52
5.57
6.54
8.09
2.06
5.07
16.12
2.51
1.55
3.01
7.57
6.57
24.29
15.18
1.48
8.57
2.52
37.93
11.61
2.05
5.53
26.84
14.63
18.69
15.62
12.58
3.04
3.54
15.13
2.53
4.07
2.99
5.55
11.09
16.64
2.08
2.53
15.66
10.14
15.09
2.06
7.55
18.21
4.51
6.55
13.68
5.04
13.64
7.54
6.57
9.12
9.63
3.05
1.97
2.54
9.08
26.81
7.10
15.70
5.51
6.05
16.63
3.57
30.91
8.60
8.06
8.54
2.49
4.04
3.53
13.59
18.74
11.11
5.08
9.12
8.08
5.07
9.61
6.06
45.01
3.01
17.17
3.08
15.65
1.98
3.99
1.51
10.63
4.59
11.67
4.53
18.68
38.87
3.03
2.53
19.28
3.51
17.16
2.03
7.07
2.53
74.30
6.08
5.50
24.22
4.57
8.06
3.00
8.61
2.48
7.59
7.57
6.57
17.68
16.73
17.67
19.20
10.62
4.51
5.09
13.62
8.56
7.07
11.60
6.08
7.08
9.59
3.02
5.55
8.59
11.17
10.62
5.08
14.19
11.10
11.65
21.18
13.66
9.09
5.05
30.30
5.54
5.58
7.58
10.61
6.54
2.55
9.60
9.12
3.58
21.71
3.53
21.24
7.04
5.06
14.12
2.53
12.11
4.05
10.65
12.11
5.01
12.64
1.99
7.05
5.54
19.68
4.00
24.74
13.16
1.52
6.57
28.82
4.08
2.54
7.59
2.06
6.59
22.25
12.54
5.55
17.17
19.72
55.09
1.52
15.17
2.09
6.58
1.99
7.58
20.17
18.67
4.54
4.06
24.81
12.59
8.60
15.65
7.60
1.51
19.70
3.02
16.67
4.09
28.86
2.00
30.82
1.51
5.03
19.15
2.02
10.60
17.69
27.24
6.10
6.13
2.51
11.13
6.05
12.08
4.02
3.07
19.73
9.16
24.29
23.77
1.49
17.67
9.05
3.03
2.52
14.16
3.53
3.54
16.68
18.69
4.53
3.54
12.66
1.98
2.01
7.10
7.07
9.11
3.53
12.62
11.14
1.51
5.08
7.57
15.66
24.77
32.38
8.55
5.03
3.05
4.05
19.18
4.52
7.58
7.60
17.18
1.51
8.60
8.59
16.17
4.07
3.00
8.50
20.22
10.17
1.48
8.07
18.72
10.14
2.50
4.55
3.05
24.79
7.58
12.65
3.04
8.58
6.08
10.11
5.58
12.14
14.14
4.06
4.52
6.06
4.05
2.07
4.48
6.58
13.60
16.23
3.55
5.49
5.03
34.86
1.52
16.72
25.80
4.05
32.79
6.11
8.59
11.55
1.52
38.89
3.57
10.13
3.00
19.67
3.57
1.49
4.08
10.08
6.58
7.05
4.52
8.55
7.07
32.24
1.52
3.02
3.03
12.62
6.08
18.71
15.15
3.53
20.17
8.09
10.16
4.53
4.03
14.11
3.53
15.66
29.79
12.15
2.53
6.57
4.03
16.19
8.61
10.60
5.04
3.06
5.55
31.35
8.09
12.62
2.03
28.34
36.34
7.08
32.80
19.70
2.02
13.17
34.43
8.14
6.54
13.12
1.55
12.63
13.57
7.57
25.21
1.56
6.58
5.51
10.08
2.51
17.18
4.61
12.69
4.01
9.11
12.09
18.75
6.58
3.03
30.30
19.19
18.73
10.60
5.54
27.76
2.01
4.02
6.53
8.09
3.54
11.64
10.08
3.57
20.17
1.47
5.06
12.64
2.04
5.55
12.16
8.09
5.03
17.66
3.54
4.03
43.46
29.81
27.78
3.04
2.01
14.19
3.54
14.66
11.13
24.82
15.13
1.51
24.81
21.21
3.04
10.63
9.59
8.07
27.31
7.06
9.59
6.03
19.71
19.75
18.20
10.09
16.15
14.69
12.09
3.54
3.04
6.09
2.06
10.09
3.06
2.03
15.14
21.74
11.10
5.57
4.52
9.07
20.71
2.01
6.06
12.63
13.12
1.51
2.06
4.02
14.67
15.19
2.03
7.03
13.15
10.63
5.56
11.60
6.04
2.04
13.13
9.61
23.79
24.76
2.53
2.04
8.09
23.70
37.97
1.98
5.04
1.99
3.53
3.52
37.92
3.05
2.54
15.68
2.53
5.56
9.62
2.98
6.09
13.57
7.07
16.19
14.66
10.10
1.99
6.05
7.09
20.72
9.63
31.33
14.13
31.32
10.09
19.21
24.23
2.54
3.04
17.21
19.77
3.53
4.02
36.87
1.56
30.84
7.06
16.15
4.56
9.59
2.57
7.59
5.03
13.13
12.60
15.20
10.11
3.51
11.12
2.03
2.52
9.56
6.09
6.56
2.03
8.62
5.51
11.62
13.14
8.09
3.53
37.41
7.08
13.68
15.17
19.21
2.53
5.07
10.65
1.49
1.52
11.10
8.59
4.05
12.58
5.08
6.61
3.00
10.57
16.20
15.16
15.20
15.65
4.02
15.19
22.75
2.00
15.17
3.00
7.10
3.03
7.58
2.99
5.55
7.56
3.03
10.10
8.10
3.55
7.60
7.08
11.19
15.13
2.56
11.63
8.58
24.23
7.11
19.15
3.05
8.56
6.57
19.19
13.16
5.54
7.09
23.74
29.41
15.67
4.07
8.04
21.75
3.51
3.04
5.06
2.02
4.03
6.03
2.03
8.05
5.09
2.99
5.05
36.42
23.78
25.75
60.63
13.61
6.15
2.53
2.98
22.73
9.10
11.61
1.54
13.62
4.54
11.64
12.12
2.09
8.11
3.01
8.07
21.17
3.02
20.17
1.51
4.06
5.07
8.11
23.83
3.51
19.14
24.73
6.54
13.16
23.77
15.21
3.03
23.25
3.03
8.54
2.00
1.58
37.88
17.70
7.58
15.14
19.17
4.56
2.02
3.08
2.49
40.39
3.52
2.55
14.16
6.59
6.06
3.04
2.50
5.51
8.10
9.10
16.65
7.08
25.75
2.04
24.24
2.01
54.56
9.57
6.10
6.06
3.06
6.03
18.73
2.50
17.14
3.03
5.04
4.57
7.57
21.20
9.19
1.48
15.19
9.07
13.16
2.02
6.09
9.62
6.05
2.56
1.51
10.59
9.55
5.56
4.05
47.48
6.09
4.55
17.19
22.75
9.14
4.52
18.65
3.54
4.58
8.08
6.09
24.79
4.08
10.12
21.26
7.57
10.62
10.64
35.32
9.57
15.18
15.15
10.08
2.02
45.01
4.59
14.66
7.10
10.12
9.60
3.54
13.11
13.17
5.04
17.77
2.52
4.03
2.50
12.09
62.11
8.62
3.04
9.58
7.61
6.08
22.26
8.58
2.00
2.01
8.10
7.58
8.58
2.04
21.73
6.54
5.60
19.72
15.65
1.51
5.57
4.06
8.59
7.56
25.22
10.61
15.18
16.20
12.09
3.53
5.54
21.25
32.79
5.58
3.54
6.52
4.59
12.61
23.22
7.54
6.58
7.61
2.01
14.16
3.06
5.04
9.08
17.70
4.03
13.65
6.10
1.50
6.08
2.52
19.73
10.09
25.82
4.02
4.01
3.00
7.61
11.63
7.07
7.61
16.20
5.58
7.07
1.47
1.99
6.56
17.15
13.63
19.68
3.06
6.02
3.56
16.16
37.38
3.07
2.50
14.13
2.54
48.00
16.17
17.20
4.04
25.24
3.54
5.04
14.66
2.03
15.71
2.02
13.14
4.04
3.52
9.08
7.62
6.04
11.65
5.51
7.59
7.56
8.12
7.06
35.37
5.55
14.64
8.06
3.54
6.55
2.03
10.63
7.56
12.15
3.51
12.66
15.18
12.13
3.56
7.10
14.65
27.84
31.79
14.18
14.12
7.64
5.07
6.58
2.01
1.52
5.05
1.50
13.14
1.55
5.04
15.69
9.12
10.65
19.73
4.50
8.58
7.56
9.62
12.63
6.03
5.57
1.52
25.74
2.52
5.07
21.28
2.02
4.09
2.00
17.75
2.00
11.67
27.79
21.18
11.06
1.55
6.55
6.06
6.07
8.08
3.03
14.60
11.60
4.07
12.64
10.58
2.03
4.61
2.46
9.59
3.04
1.52
11.64
6.04
31.31
1.51
25.78
5.64
5.04
15.72
8.57
15.16
1.98
8.60
4.55
8.11
2.03
41.89
3.03
23.80
15.64
5.63
5.55
3.03
2.04
6.54
10.58
12.62
2.04
2.52
5.05
31.29
12.63
10.62
18.68
13.14
8.09
21.21
10.63
16.16
4.04
12.12
12.63
26.27
2.02
20.72
3.53
14.15
3.02
8.58
14.17
3.02
5.59
24.83
9.14
6.52
7.05
6.51
6.06
2.00
19.24
15.18
22.18
6.58
15.17
2.50
1.53
5.56
4.53
17.71
1.54
4.03
14.66
7.55
3.04
6.56
19.65
1.54
2.01
31.34
7.05
2.54
32.87
9.09
6.07
27.81
3.01
7.60
16.65
1.47
3.04
2.04
2.06
15.14
3.07
2.01
5.06
13.10
7.06
3.01
2.06
32.33
20.18
3.03
11.09
5.55
9.63
29.79
13.64
21.25
4.04
9.62
13.65
9.60
23.30
8.08
5.58
1.52
3.55
1.50
13.60
26.78
9.62
13.18
9.07
1.49
6.56
8.14
20.23
4.02
11.65
8.14
4.03
4.48
6.04
3.55
16.20
4.50
1.53
5.58
12.65
7.07
10.64
18.71
2.54
1.53
3.03
9.63
26.73
4.05
37.86
8.61
5.01
7.05
20.71
12.68
5.51
23.76
5.57
5.10
26.20
6.00
4.10
3.03
16.74
13.15
17.23
18.68
14.68
14.06
7.58
3.97
15.67
11.14
1.50
5.07
4.03
10.60
7.07
3.56
48.56
17.18
8.08
4.04
5.03
3.07
14.13
5.06
3.54
9.08
11.66
16.65
11.13
6.61
8.08
