4.68
4.46
12.02
0.50
21.02
22.93
4.85
26.86
4.03
6.08
3.55
18.74
7.54
11.11
7.59
5.04
6.12
3.99
11.66
7.09
2.51
3.03
5.58
2.54
11.66
19.23
3.52
3.00
15.24
4.52
3.04
7.06
3.02
11.64
2.54
26.85
6.03
17.79
21.75
4.97
8.10
5.07
7.04
8.59
4.03
5.57
7.58
14.12
11.66
2.50
4.10
7.59
11.57
11.66
20.73
5.68
12.16
14.09
3.53
2.61
47.54
3.97
3.12
2.51
2.45
3.55
12.15
4.12
5.06
2.98
5.05
16.55
18.99
8.09
20.82
7.50
5.05
5.61
28.82
3.59
3.49
4.04
11.63
11.21
3.97
4.55
11.69
5.07
9.04
3.04
7.04
6.08
2.52
5.59
3.51
3.60
15.12
3.04
7.58
8.16
13.15
8.10
4.48
11.67
8.54
5.04
3.09
13.19
16.13
3.06
15.19
5.00
4.08
9.59
6.62
5.06
2.56
4.96
5.07
9.63
4.13
5.46
14.17
7.05
7.62
4.02
4.08
13.14
7.58
3.52
14.69
3.56
5.03
8.62
20.24
19.20
5.05
5.06
3.54
7.68
10.52
7.11
20.18
3.04
11.61
7.67
5.52
24.85
2.45
25.26
3.05
5.04
10.18
9.04
2.52
8.09
3.61
7.57
2.47
15.73
4.99
15.18
2.59
3.45
2.52
3.12
7.00
4.62
5.52
15.15
6.59
2.59
3.99
5.13
7.51
4.54
4.06
7.09
11.19
8.57
6.53
3.53
16.73
6.56
18.21
18.79
8.61
3.46
4.65
2.44
3.53
16.69
3.07
4.00
15.17
6.59
3.10
4.48
4.12
10.05
6.05
5.04
3.02
6.06
4.55
9.60
5.12
2.47
4.63
2.51
28.20
17.20
7.61
4.03
4.61
4.46
5.07
17.68
9.09
9.14
4.50
12.14
17.75
5.53
18.70
15.14
3.08
6.01
7.58
3.64
5.55
6.54
10.13
3.04
23.24
3.52
6.06
7.07
4.62
17.65
10.19
3.49
7.61
4.98
3.05
8.06
10.62
11.68
3.47
19.76
4.49
12.61
4.10
6.51
21.29
9.64
11.58
6.09
10.64
10.04
15.73
11.57
3.02
3.04
6.60
26.24
16.26
10.55
22.34
10.04
5.05
2.52
4.58
13.68
3.02
6.64
10.05
13.65
13.15
5.11
6.03
6.58
9.59
13.61
6.09
3.58
2.46
17.24
2.46
3.03
7.66
3.48
3.55
10.16
10.14
8.48
6.07
4.60
3.54
8.08
6.05
5.52
2.55
7.07
3.59
2.48
20.24
19.28
8.16
13.65
7.52
22.34
3.56
7.53
4.12
12.64
5.02
7.06
4.13
5.47
13.70
10.13
6.55
10.55
7.09
6.09
15.70
3.58
2.57
25.75
11.12
2.48
10.64
3.51
2.52
8.58
12.17
2.99
4.05
4.04
11.14
26.28
5.15
17.11
7.62
9.68
3.51
7.06
4.55
16.16
6.04
4.54
5.06
3.02
7.66
4.00
7.11
3.45
3.53
3.58
6.12
41.42
18.21
5.15
21.16
6.04
6.18
7.49
14.66
2.56
9.05
5.57
12.65
4.60
9.55
5.15
12.61
2.57
7.52
10.12
3.08
9.03
3.53
3.02
6.57
3.55
12.62
4.56
6.07
5.07
4.04
14.14
7.10
6.64
2.44
17.18
4.04
11.19
3.53
12.59
6.06
9.61
13.20
10.59
3.58
12.12
10.59
8.16
12.14
5.01
4.09
5.61
42.32
7.58
11.68
9.55
4.05
11.13
6.05
5.12
17.61
3.57
2.58
9.51
3.57
3.50
17.78
12.58
5.13
25.24
8.61
8.15
11.09
3.54
16.79
6.00
11.19
3.04
24.70
7.57
13.73
2.94
7.07
16.73
17.64
7.06
15.69
2.50
10.14
3.55
7.59
6.03
3.50
7.57
4.06
4.09
3.03
13.06
6.10
6.59
6.07
6.00
23.75
4.04
4.10
3.49
4.04
13.77
19.76
6.51
5.57
6.57
3.58
13.65
8.04
6.60
3.56
4.60
7.53
7.10
3.51
7.07
5.57
8.08
4.06
15.65
3.04
9.63
2.99
4.04
2.53
4.55
7.61
11.11
4.62
6.55
3.50
4.04
6.58
15.66
14.70
3.47
3.04
3.01
10.21
7.54
17.74
7.50
3.54
8.60
9.67
7.57
2.55
4.04
7.57
5.55
5.06
3.04
19.29
6.01
7.11
3.09
2.45
8.10
4.54
6.05
3.05
5.64
8.54
4.05
6.59
9.69
16.57
13.67
13.67
2.59
17.17
11.67
8.60
3.04
23.68
8.58
3.03
3.56
6.56
4.55
19.74
5.10
3.48
3.12
4.46
2.54
5.06
4.03
5.58
4.55
5.61
10.05
4.08
10.08
14.69
4.08
11.17
2.49
20.24
8.12
9.55
4.05
3.05
9.62
6.17
9.03
4.57
9.57
4.03
11.19
2.97
10.62
3.03
3.04
5.57
5.55
8.66
2.52
22.74
3.03
12.08
6.63
16.17
8.54
7.07
3.61
2.95
4.05
3.54
2.57
13.11
3.57
3.55
5.50
15.23
5.53
6.60
18.79
12.12
6.00
3.56
4.52
3.61
12.12
21.28
10.62
3.54
5.52
8.60
6.52
25.34
8.10
7.56
2.53
11.16
5.09
20.17
9.68
10.07
3.01
3.12
4.03
9.56
5.58
4.60
4.98
2.53
6.08
11.15
10.05
10.11
6.55
5.58
22.32
14.59
5.05
21.26
2.52
9.59
23.76
2.55
5.07
9.12
2.49
21.74
20.75
7.16
8.52
3.53
10.70
3.01
2.47
15.15
4.06
2.57
7.07
10.08
8.09
11.19
4.53
8.14
2.47
2.54
14.14
2.58
2.48
8.16
6.48
15.23
7.03
9.76
5.43
6.62
10.06
3.62
19.14
11.61
22.32
13.58
5.54
3.05
6.57
4.59
7.61
15.61
23.83
4.04
9.16
5.55
5.01
5.01
17.22
7.58
3.47
6.08
28.27
20.71
5.56
25.41
2.97
3.02
20.18
12.70
13.18
6.63
5.03
3.54
3.07
5.47
2.61
9.57
17.22
4.04
10.10
17.15
24.29
4.62
3.01
8.56
16.68
2.51
20.35
2.96
5.07
3.52
6.08
6.55
5.09
11.10
5.55
4.07
2.53
6.57
10.71
23.18
10.08
5.66
12.14
17.12
14.70
5.08
12.17
5.51
3.63
7.57
3.96
7.10
4.09
6.03
3.01
10.11
3.06
11.62
3.56
3.12
9.99
21.76
6.57
4.13
4.98
6.57
8.10
7.66
6.00
3.03
3.07
10.55
3.03
16.66
15.74
3.03
7.15
10.56
15.68
5.07
14.75
2.50
3.58
5.51
3.09
7.56
11.63
12.60
6.07
2.55
10.65
2.95
5.56
10.19
15.57
14.17
14.69
10.63
3.00
15.59
2.59
3.50
7.14
15.61
30.39
12.60
3.60
12.05
3.57
2.99
11.11
9.11
28.89
8.05
7.58
5.11
7.51
9.62
12.13
48.04
4.55
8.62
6.57
17.73
5.51
13.74
5.08
3.45
7.09
4.04
8.58
8.60
5.05
13.15
5.68
3.96
5.58
4.05
3.07
2.97
4.54
5.56
4.63
8.52
8.60
9.61
3.08
8.06
8.59
2.52
5.08
8.64
6.04
10.61
7.62
3.50
14.18
7.07
7.09
2.51
14.16
4.63
19.09
2.54
6.61
10.06
2.53
15.18
5.07
6.55
5.56
4.04
29.33
5.53
6.64
8.54
3.06
3.11
6.53
3.50
2.98
11.68
3.50
5.65
7.10
2.99
6.99
5.08
2.59
11.60
4.51
4.04
9.09
10.20
4.99
5.62
8.14
4.45
10.61
3.07
5.01
31.44
4.08
8.52
11.12
21.77
8.49
4.05
6.13
4.97
32.43
19.18
19.71
6.05
2.59
5.97
11.61
21.35
4.04
8.60
5.02
2.57
9.04
11.20
11.62
2.94
13.67
11.65
3.54
3.06
13.16
4.06
3.44
3.08
3.50
3.13
18.57
10.62
14.16
4.06
7.09
7.05
15.28
22.23
19.72
3.08
4.01
9.10
4.07
3.02
4.04
9.65
6.59
15.16
28.40
24.21
12.27
9.49
8.60
4.06
16.70
14.16
5.12
3.96
4.08
2.99
7.58
2.59
3.02
2.47
5.06
6.08
2.53
5.59
3.52
4.05
10.64
2.99
10.18
7.00
4.55
5.55
17.25
15.60
4.56
6.06
5.06
3.03
3.62
7.58
6.53
2.54
9.55
30.83
3.52
5.04
20.78
4.58
2.97
13.14
34.39
4.05
10.14
4.56
7.20
14.59
15.73
7.03
10.12
3.10
2.48
14.63
6.57
12.65
14.22
2.45
27.77
12.63
4.59
9.60
2.50
4.09
3.51
6.07
2.52
9.73
15.07
20.77
3.50
3.55
8.69
5.07
10.55
3.04
10.13
4.61
8.07
3.00
8.57
3.12
2.45
2.52
4.05
10.13
3.53
5.56
17.75
8.08
5.10
4.50
12.76
10.61
4.99
3.04
11.12
11.61
25.34
5.51
7.58
14.17
2.53
6.56
16.19
7.06
22.20
14.16
10.17
4.00
4.06
2.51
4.03
8.10
4.06
3.03
2.53
26.82
4.55
2.63
3.96
15.66
5.05
3.56
7.57
5.06
3.54
3.06
5.08
5.55
9.63
2.45
2.53
10.10
2.52
10.08
7.59
14.69
7.58
4.04
3.07
6.05
10.07
4.12
5.00
2.49
9.19
11.55
8.64
3.46
27.92
3.47
8.18
6.50
6.54
9.15
14.63
7.11
14.62
3.53
7.63
13.13
6.05
2.53
21.79
3.97
6.08
7.58
16.20
3.02
8.10
4.54
18.70
8.61
4.04
12.63
8.60
9.10
10.64
4.50
19.29
8.57
5.05
3.54
14.09
9.67
5.07
7.02
3.04
5.62
4.99
14.19
10.11
6.57
19.21
11.68
13.64
31.93
16.17
11.60
7.57
3.04
4.06
3.06
8.59
4.08
7.49
2.56
2.50
3.09
2.98
6.62
3.98
3.08
11.09
5.56
5.09
7.61
10.63
8.60
11.67
44.48
9.60
4.59
5.03
6.15
7.48
15.13
3.60
3.00
7.57
6.07
6.08
10.61
2.52
2.58
25.81
16.19
6.58
4.45
7.65
17.67
12.68
2.52
5.60
5.03
9.63
4.00
20.21
14.17
10.68
2.49
18.72
4.04
7.06
7.09
2.52
5.56
4.08
4.09
6.49
28.33
14.65
15.24
10.67
5.52
10.62
2.51
3.50
3.55
13.73
26.20
5.58
14.16
5.07
9.10
6.56
5.05
3.02
7.58
17.21
18.20
6.16
17.65
6.07
4.13
7.01
10.71
3.52
2.44
3.12
3.43
8.10
19.21
4.11
3.00
8.12
6.61
3.98
9.61
3.60
26.25
19.73
5.62
3.06
14.57
23.25
12.15
2.52
11.12
3.12
13.14
17.24
7.60
2.94
5.06
7.09
11.10
8.61
9.17
18.64
2.50
5.62
2.47
9.17
8.53
8.60
16.69
3.04
3.02
13.14
4.04
18.75
7.06
5.64
5.48
4.04
7.10
5.03
6.56
8.64
8.59
3.06
8.58
6.57
4.54
3.14
12.56
18.76
4.05
6.01
4.65
5.52
22.66
13.66
7.13
15.67
21.73
6.16
2.98
17.64
17.17
4.03
5.05
4.55
5.03
11.61
6.64
20.19
10.14
16.65
16.71
4.55
29.86
9.11
7.55
2.49
3.55
15.67
9.10
4.13
2.97
3.53
3.53
3.02
46.02
10.69
2.96
3.60
5.98
12.68
6.53
13.13
10.13
5.05
5.06
2.54
5.60
16.63
5.02
4.10
6.59
2.50
3.51
3.05
8.18
8.01
10.14
3.51
13.66
15.74
11.09
9.59
9.09
14.68
8.59
3.07
8.58
3.09
10.13
4.48
4.09
5.57
24.23
9.13
2.62
5.52
6.03
12.65
9.59
6.63
10.08
15.68
26.36
7.03
4.08
6.09
17.14
12.66
11.15
9.59
5.57
6.04
2.60
3.49
16.16
10.12
7.59
5.60
8.65
3.54
4.97
8.10
3.52
5.55
3.04
7.64
12.07
6.10
17.64
9.13
3.12
8.50
6.59
10.68
4.02
4.62
7.03
2.53
8.57
8.10
15.72
3.97
7.16
11.07
6.03
6.06
3.04
13.62
6.06
6.08
9.68
22.67
7.08
26.29
9.16
28.81
13.08
8.12
21.80
26.85
5.00
12.65
25.84
3.53
2.50
14.11
2.51
8.67
2.46
2.56
5.05
5.55
6.00
7.67
2.49
12.09
5.54
9.61
10.65
2.52
5.11
11.04
3.57
13.63
6.63
11.12
19.64
9.08
8.12
10.16
3.03
6.52
16.67
9.08
11.15
15.12
3.04
10.14
10.68
13.15
5.03
10.66
26.27
16.17
3.52
12.67
8.09
7.05
6.66
4.98
3.07
5.51
3.54
9.69
8.53
16.26
11.16
10.06
4.14
4.96
7.59
5.54
6.08
10.18
8.04
4.13
6.00
4.11
2.97
2.59
4.01
8.56
3.07
11.19
2.98
7.10
4.06
9.03
4.11
5.06
2.49
6.07
2.51
7.09
3.02
12.66
2.59
5.50
2.53
7.07
9.16
2.52
16.69
11.07
10.12
5.13
2.45
2.53
5.58
6.08
5.09
2.49
31.79
3.56
15.68
2.51
3.54
4.57
18.26
4.94
5.55
12.16
33.90
15.12
4.10
7.51
8.10
3.05
9.68
2.97
7.08
7.62
7.10
4.08
12.68
10.54
17.15
11.19
3.51
7.62
3.11
3.00
3.50
4.10
7.58
3.57
8.13
9.53
33.38
10.19
20.14
8.07
6.59
7.01
7.62
10.65
2.94
2.55
3.00
7.08
13.72
7.02
18.22
23.74
3.12
28.22
13.71
5.54
5.56
3.58
8.54
19.20
14.74
26.25
3.50
4.06
3.53
2.52
6.59
4.08
4.50
25.26
8.58
8.09
8.66
7.08
8.56
5.09
3.98
7.06
7.57
4.14
4.98
4.56
16.67
6.07
2.52
8.58
15.16
2.56
9.04
3.04
6.09
4.54
16.25
7.07
12.21
11.15
4.98
6.05
2.54
3.05
3.12
5.48
7.59
5.60
24.77
9.15
8.62
7.09
14.13
7.59
16.18
17.72
11.21
15.64
10.57
3.54
11.66
5.57
9.54
8.60
2.53
9.68
11.06
5.05
6.17
12.54
3.04
11.10
3.04
9.60
5.07
5.11
15.60
34.35
10.62
21.27
8.05
2.52
12.66
3.60
17.63
4.57
4.04
4.61
12.64
12.06
5.10
12.09
15.69
9.63
2.48
3.53
5.08
18.71
4.06
10.08
17.70
4.54
5.07
7.17
10.07
6.06
13.71
5.05
34.34
5.55
5.55
3.11
7.03
4.09
3.08
5.48
3.62
6.57
3.07
4.97
13.69
4.48
16.69
7.08
3.01
4.10
7.03
6.14
11.58
2.53
8.11
6.60
5.57
14.12
18.23
6.65
6.02
10.62
12.72
10.59
14.60
15.66
3.04
6.56
23.32
5.01
6.07
2.49
25.26
14.17
7.62
25.28
3.54
6.06
6.09
9.58
5.12
4.50
10.58
2.54
10.64
12.59
5.05
5.05
7.61
4.09
4.97
3.07
3.52
2.51
6.58
10.71
4.48
9.59
2.61
3.44
6.13
2.98
5.04
3.04
3.60
3.00
14.17
6.03
10.11
2.59
2.95
3.56
6.61
4.60
4.47
17.19
10.20
21.67
3.52
8.69
3.46
8.59
5.07
3.04
12.67
13.18
4.96
8.60
5.54
4.04
6.18
14.57
2.51
2.53
3.03
13.20
15.15
17.20
2.54
10.59
7.12
7.08
8.04
6.06
2.52
8.60
3.10
6.04
2.45
3.08
8.52
4.08
14.08
4.13
2.48
7.10
20.26
4.08
11.05
7.61
14.70
6.59
3.97
4.58
3.49
21.30
2.47
7.63
10.15
5.07
9.60
4.06
6.52
5.56
3.55
3.03
5.08
3.00
30.89
6.02
6.07
6.07
3.04
6.66
3.50
12.08
14.11
16.16
3.03
9.63
11.62
6.56
8.16
14.09
8.09
6.59
7.59
3.03
8.57
6.13
3.98
8.15
3.47
9.65
9.54
3.02
7.14
2.54
3.50
10.13
16.26
9.52
6.57
8.68
2.99
11.63
3.55
11.65
9.65
6.11
8.05
6.64
7.09
6.59
2.49
29.30
4.62
7.56
3.01
15.28
16.14
2.99
14.13
4.06
5.53
10.62
8.09
8.11
10.61
12.61
22.75
3.04
20.24
24.71
2.61
6.56
5.48
6.60
8.04
9.17
2.98
13.65
8.11
8.57
12.66
5.07
6.08
6.11
11.54
9.66
3.56
17.19
4.09
20.73
4.59
7.00
2.56
15.21
26.32
12.16
8.53
15.22
11.60
9.13
10.03
3.08
8.04
3.54
5.55
4.53
7.68
24.68
5.06
8.14
2.97
17.79
2.46
2.52
12.64
10.62
5.55
10.63
2.57
5.08
22.75
9.58
3.04
7.63
2.98
4.07
9.61
22.26
12.68
2.98
2.59
2.48
27.86
6.99
8.09
2.63
6.51
21.72
9.11
2.51
4.61
24.19
7.08
7.04
20.24
31.34
35.88
6.58
8.10
14.08
18.72
2.54
13.65
13.15
6.12
5.59
10.57
17.69
3.09
5.51
12.74
2.47
3.03
5.56
18.22
3.08
7.54
21.30
2.50
5.57
3.12
9.50
3.04
3.56
2.51
4.52
6.58
5.17
9.52
6.57
2.59
5.97
9.17
15.59
2.53
8.70
8.01
5.59
3.07
2.96
3.04
5.04
3.59
14.10
7.10
4.61
7.00
3.06
3.12
4.01
10.05
10.15
4.60
6.58
3.52
13.67
12.11
5.06
6.55
4.05
8.59
8.58
3.04
3.53
9.65
7.02
4.63
10.09
22.25
21.67
16.30
5.05
4.06
7.57
7.57
12.54
7.10
15.27
14.11
5.03
10.06
2.53
11.11
14.20
32.85
6.02
8.08
9.66
5.01
9.58
22.24
7.09
2.54
15.73
2.56
4.07
7.59
5.07
6.97
4.11
38.43
5.97
6.10
4.62
3.53
19.22
4.00
4.03
4.12
3.96
4.13
12.54
5.03
5.10
23.20
18.71
5.65
6.04
3.57
2.95
5.65
25.20
11.11
8.62
14.26
5.47
8.61
9.67
13.57
7.56
7.09
4.64
6.04
9.55
13.64
9.09
6.56
7.09
2.53
7.57
3.54
5.05
5.55
8.60
5.06
2.51
15.20
4.10
4.48
4.57
5.57
8.13
7.07
44.04
9.03
27.29
9.17
4.48
6.59
5.57
13.12
28.81
8.63
22.24
6.00
3.03
3.06
6.04
7.62
2.97
3.06
7.54
9.12
5.08
8.63
4.01
3.07
4.00
5.10
4.10
4.05
12.08
3.52
6.14
12.07
15.18
7.59
3.64
36.31
5.05
5.55
4.07
5.54
9.69
16.16
3.50
6.11
12.17
6.00
9.70
2.47
8.08
11.63
6.64
16.21
3.47
3.60
2.99
10.16
3.97
4.63
10.55
4.12
7.99
10.61
5.08
5.53
7.09
3.54
9.64
6.66
6.03
3.52
3.01
4.07
3.51
5.07
3.03
5.12
14.10
7.57
2.53
6.06
13.67
11.66
3.99
6.07
6.14
2.44
11.72
10.11
25.69
4.57
3.01
13.61
8.61
9.08
3.08
4.50
7.17
10.58
8.61
2.49
14.73
10.55
10.12
9.59
3.62
24.76
5.06
3.97
7.17
2.49
5.03
20.74
7.06
5.61
8.54
5.09
6.60
3.59
3.99
3.54
5.05
3.04
9.16
3.51
5.56
4.04
3.53
6.15
23.63
3.04
16.16
23.85
14.18
4.16
24.75
23.80
8.04
4.60
5.06
12.70
20.63
11.15
3.54
20.80
3.52
6.05
21.20
7.10
5.05
4.57
3.03
8.10
3.04
3.09
13.57
17.76
16.16
8.59
6.58
6.62
8.58
3.50
2.53
13.63
4.07
11.08
4.65
8.52
7.59
12.16
5.57
4.04
4.10
8.13
7.50
11.68
22.19
6.53
3.06
18.21
16.67
2.53
4.03
6.59
9.58
3.01
12.22
15.59
9.10
14.72
4.98
5.57
25.82
4.12
4.04
6.01
2.52
7.08
16.20
8.11
6.07
6.17
8.02
4.03
10.13
7.08
31.32
7.60
9.64
12.09
17.15
4.11
14.58
6.07
21.22
7.61
3.03
5.13
5.01
4.02
6.55
6.57
2.53
3.09
30.81
3.54
4.02
2.59
2.96
21.24
5.57
4.63
2.53
8.00
13.13
5.57
3.55
7.12
9.04
2.58
5.00
12.14
3.54
9.19
2.45
5.05
18.75
8.08
6.50
15.69
13.08
12.68
12.17
7.06
4.01
13.18
8.03
3.04
8.58
10.67
3.99
13.65
7.14
22.21
7.54
9.57
5.13
9.03
7.06
10.20
6.00
20.82
3.51
20.70
12.63
8.12
3.52
7.62
2.59
2.46
3.02
19.30
17.18
8.47
8.64
2.56
5.55
22.24
9.60
6.56
6.13
3.47
12.16
3.60
7.53
2.53
2.60
5.99
7.59
2.63
4.96
24.76
13.62
5.65
4.99
7.68
6.50
7.54
3.03
5.57
12.64
4.08
5.53
3.04
2.55
5.55
5.60
5.52
16.13
3.08
13.64
11.12
7.14
13.16
9.14
4.00
13.67
3.10
7.56
4.06
5.02
2.51
10.62
5.07
5.57
3.03
5.04
3.50
7.16
6.52
7.05
9.61
6.06
5.59
10.14
6.05
2.51
8.09
6.07
6.56
6.06
11.65
6.03
5.61
13.59
30.33
11.10
11.13
4.05
3.04
24.80
2.49
9.61
4.57
5.60
15.13
16.68
13.71
12.61
7.62
8.05
4.04
16.27
3.99
4.02
6.05
7.58
5.04
6.08
5.55
3.58
5.00
4.59
11.62
11.69
11.63
2.43
6.07
6.06
20.77
13.60
6.10
20.17
7.12
2.48
11.17
11.07
6.67
3.56
5.45
11.60
7.15
19.59
8.06
29.84
11.18
7.57
4.18
13.04
8.09
3.04
9.59
9.58
2.63
2.92
14.69
3.60
7.01
3.12
2.51
6.10
5.48
9.07
4.65
3.95
4.13
22.28
3.46
6.08
3.05
9.11
11.64
5.04
8.62
9.73
25.22
3.07
6.54
26.33
30.38
2.50
10.61
2.55
12.59
3.56
68.84
3.96
9.09
13.63
12.64
4.62
15.61
2.52
4.55
6.11
16.65
2.49
5.11
7.05
19.73
6.05
16.71
2.51
12.64
3.55
12.76
3.48
4.08
2.49
3.06
7.53
4.58
8.05
8.14
14.67
13.09
5.06
8.69
2.44
10.15
2.52
7.59
19.78
8.54
5.07
19.18
10.15
2.49
4.03
4.09
15.65
28.33
6.07
2.53
5.59
13.22
2.45
8.65
12.06
4.55
2.52
2.51
3.04
12.74
9.51
5.05
8.58
6.63
2.45
3.04
6.07
6.58
8.11
7.10
33.33
3.46
11.12
27.34
4.02
4.99
19.24
26.76
5.59
4.05
15.67
7.57
7.05
3.53
16.20
9.19
2.53
5.01
5.01
6.57
4.04
2.54
5.60
13.71
14.06
4.08
10.61
6.65
12.63
7.02
15.22
3.02
11.16
9.61
4.50
11.15
10.62
7.57
4.53
7.59
7.58
20.78
4.06
3.48
13.15
5.04
14.21
19.69
19.78
4.00
4.00
9.20
7.51
9.64
8.60
9.15
10.09
4.98
3.63
3.03
2.43
30.43
5.04
19.66
11.63
7.56
17.73
5.47
3.13
15.09
12.18
3.45
10.60
3.58
3.49
5.06
9.63
5.63
14.62
4.11
12.10
12.09
2.53
3.55
11.63
7.11
4.99
5.54
31.40
10.10
8.63
3.45
3.04
5.65
10.55
4.64
25.26
13.62
2.56
5.59
11.12
4.59
6.01
16.77
6.52
3.08
17.65
3.52
3.53
6.13
6.06
2.46
4.05
3.06
5.04
4.57
8.09
8.17
2.96
7.60
11.15
3.51
12.14
5.04
2.53
7.06
7.11
4.08
7.06
14.12
4.06
2.51
5.10
5.58
4.98
3.55
15.67
4.03
7.59
18.71
11.62
2.55
4.51
3.53
11.68
2.55
5.49
4.54
6.62
10.57
5.08
21.30
3.97
4.08
27.76
3.05
8.06
7.57
2.51
7.10
3.51
2.51
2.59
4.49
2.52
8.66
5.07
16.64
3.52
3.52
3.54
7.60
14.19
3.00
8.12
4.09
8.52
11.12
9.60
7.07
11.62
3.54
22.22
4.03
17.70
3.50
5.55
6.15
27.79
4.13
6.99
5.57
13.64
3.13
11.05
10.63
3.53
10.59
4.04
15.24
3.50
9.11
8.06
4.56
10.67
14.11
16.69
18.16
11.62
2.54
6.66
11.06
4.05
14.19
4.02
7.15
14.64
7.07
7.57
2.53
3.56
6.06
3.56
6.14
2.45
23.73
19.27
10.57
11.12
12.14
3.56
17.26
2.98
37.98
6.51
7.58
2.61
10.53
3.10
4.03
13.72
20.20
2.43
4.55
12.16
16.13
4.05
12.68
20.25
5.51
12.65
8.08
9.62
5.05
4.07
3.02
3.04
2.52
10.18
3.98
6.06
13.67
7.58
9.65
4.01
7.14
2.98
17.20
19.75
14.77
27.71
3.55
21.22
15.19
6.61
15.66
6.08
5.06
2.54
24.30
6.49
6.56
4.05
5.56
3.55
11.09
3.03
13.74
4.44
12.19
6.57
5.54
10.66
2.57
3.02
9.58
6.04
12.64
2.59
11.05
13.69
24.19
21.83
7.48
7.60
5.12
8.07
7.06
12.12
8.16
12.12
7.63
13.66
5.01
7.07
8.61
5.05
10.10
19.71
8.08
4.05
4.55
4.60
5.53
8.07
5.56
31.93
11.54
4.06
2.50
7.10
3.59
15.10
14.22
5.49
3.03
6.59
2.52
8.56
4.56
2.53
16.19
9.60
14.66
23.78
6.60
8.08
4.12
6.57
23.13
10.71
2.48
5.07
4.56
21.22
6.18
8.00
14.15
3.61
20.70
8.56
19.69
8.61
3.60
12.54
7.13
5.03
7.13
11.05
17.76
12.12
3.49
4.60
3.49
9.61
2.56
16.14
5.53
12.66
3.60
4.01
17.65
2.53
4.08
8.02
3.03
6.08
7.11
8.09
3.56
4.05
4.58
3.98
5.58
11.68
2.44
9.64
23.71
5.06
3.02
2.54
6.53
2.59
5.56
4.47
8.61
3.55
3.06
3.51
15.23
4.98
6.57
5.07
5.57
2.51
4.06
6.64
13.59
8.67
8.03
3.04
5.61
4.05
14.69
2.55
4.47
21.25
66.71
5.57
4.59
4.58
3.00
10.71
17.65
2.48
4.09
8.05
8.09
3.08
9.65
3.97
3.61
3.53
5.51
9.60
4.05
2.53
7.07
8.72
2.42
3.60
15.13
16.17
5.06
3.56
6.53
6.13
5.51
14.23
2.49
3.10
5.51
9.67
13.57
5.56
7.60
7.65
13.55
3.12
7.50
3.54
2.51
12.18
3.61
4.47
15.69
24.28
3.05
4.63
5.96
3.11
3.48
4.09
5.54
6.13
10.53
6.66
8.53
2.59
2.48
7.60
10.02
3.04
13.69
4.05
4.04
3.55
10.19
24.73
7.07
7.57
12.18
10.07
3.59
10.63
2.99
4.05
10.68
9.00
9.59
10.18
15.23
2.43
5.61
8.57
2.52
9.12
7.16
6.01
6.60
10.14
7.54
3.07
7.05
8.57
5.57
17.26
4.04
6.01
4.12
7.54
12.62
7.57
9.60
2.52
6.10
2.50
10.12
8.07
4.05
3.53
4.04
7.58
33.41
6.07
2.50
8.09
9.14
4.52
5.56
3.05
3.09
5.01
5.05
4.02
3.55
15.19
5.06
11.64
24.83
13.10
15.19
4.57
11.62
5.04
3.10
8.03
3.02
4.10
3.99
3.62
4.02
6.04
14.18
7.09
8.06
31.33
7.09
6.57
7.11
10.58
4.12
2.47
5.06
5.56
5.64
13.13
5.52
11.21
7.48
4.62
9.53
7.08
3.00
20.21
3.04
3.58
2.53
8.55
5.64
7.53
6.57
12.69
6.03
14.13
9.65
10.62
4.56
9.15
25.75
2.57
8.62
5.54
2.58
11.02
10.20
2.94
2.61
13.58
10.12
3.02
6.65
4.01
24.23
2.51
4.57
2.57
6.08
14.66
4.08
18.25
4.98
6.10
10.58
11.10
5.61
2.52
13.66
3.49
7.60
15.68
4.04
12.58
13.17
5.57
8.52
11.67
22.74
18.24
11.07
3.00
14.19
7.08
8.11
3.12
8.02
6.59
13.74
3.52
6.09
2.50
9.12
9.09
3.03
5.05
5.07
14.13
7.15
17.71
2.47
3.08
5.54
24.79
6.13
21.65
4.62
3.55
4.09
4.44
17.24
18.18
13.66
4.06
12.09
11.74
4.96
4.06
9.09
5.57
2.53
6.05
6.11
5.05
3.46
5.62
5.08
4.06
7.55
2.97
3.52
5.05
8.63
6.57
2.54
3.05
6.59
6.53
2.53
4.10
8.56
4.59
3.98
3.54
3.55
6.13
7.52
11.63
6.57
4.57
15.72
16.13
7.60
5.04
3.62
20.70
4.10
3.48
6.12
21.19
4.09
3.50
6.56
3.57
20.70
6.61
5.08
2.46
5.62
4.49
11.72
7.48
11.65
18.23
5.07
12.65
4.52
3.03
2.54
15.15
8.58
2.53
4.05
7.07
6.19
4.95
30.88
3.02
7.59
3.57
7.59
3.03
10.62
13.65
9.65
11.04
11.12
5.56
10.68
8.51
14.15
24.79
30.87
4.56
13.68
13.15
14.69
3.50
9.19
2.45
8.61
3.06
10.58
3.03
15.18
13.14
4.04
15.26
4.98
9.63
5.53
29.40
25.76
5.61
2.46
7.06
6.57
8.58
3.07
16.70
3.99
13.64
15.22
4.03
2.56
13.11
2.55
11.17
2.52
3.52
9.15
6.54
9.63
6.53
13.12
8.10
3.10
4.48
4.06
5.03
7.58
11.11
8.67
3.50
8.07
2.53
6.55
18.18
9.11
4.04
6.61
11.59
8.17
2.51
2.56
2.97
3.55
13.16
9.59
2.54
13.68
15.15
5.51
26.81
9.61
11.66
2.57
7.00
5.56
6.08
3.01
8.63
14.14
9.12
10.15
12.58
9.16
23.74
3.07
2.99
2.61
2.48
3.55
12.66
2.47
5.06
5.60
17.77
8.00
5.62
10.67
6.06
14.71
7.01
6.12
20.72
4.06
7.49
3.51
6.15
3.04
4.98
7.03
5.55
5.55
3.54
7.57
7.13
3.04
14.63
30.38
4.07
10.06
5.10
7.06
6.10
3.00
5.06
8.12
5.04
18.15
11.14
12.12
3.04
5.04
7.66
4.97
9.11
10.66
16.08
15.27
3.48
5.11
15.11
3.59
2.98
6.56
2.53
3.05
5.12
8.53
3.55
5.55
12.20
3.03
3.06
8.08
6.06
25.24
16.78
12.05
6.58
17.66
4.06
5.15
5.01
5.01
3.60
2.49
10.08
7.62
6.63
9.05
5.04
11.70
3.98
7.58
10.10
7.57
3.52
5.57
11.71
18.64
14.66
3.56
3.08
17.66
3.06
11.09
13.71
7.51
6.14
8.02
3.06
13.08
7.64
27.82
17.12
17.23
7.66
6.49
14.16
4.07
12.70
8.03
2.53
5.57
4.53
9.20
7.47
20.27
5.04
17.28
3.46
4.57
3.53
13.14
3.54
3.52
12.13
4.03
21.24
4.09
2.98
2.62
15.12
3.50
4.54
3.06
5.54
6.56
6.14
6.52
3.52
2.55
2.99
2.53
19.77
2.49
9.55
10.67
11.61
7.12
7.56
11.62
15.13
11.19
24.20
6.57
5.63
15.09
4.06
3.54
8.12
18.21
9.62
3.09
6.09
10.56
5.07
4.51
7.07
14.26
5.47
20.74
5.57
11.09
5.58
13.11
5.05
9.11
6.16
3.53
4.99
4.08
3.51
19.75
8.08
5.55
3.02
7.66
6.00
13.67
14.22
12.56
4.60
3.49
5.11
10.61
4.06
2.55
9.09
2.55
12.66
8.07
7.10
4.10
14.11
2.51
12.64
7.59
7.08
6.08
5.03
8.62
15.17
14.73
4.00
5.03
11.64
10.67
3.02
10.08
8.08
16.19
4.06
3.00
9.69
9.52
18.19
3.04
7.60
10.58
7.64
26.33
3.04
2.54
20.72
3.01
4.59
14.16
16.67
3.47
6.10
5.05
7.62
24.29
2.49
5.59
7.55
7.62
5.07
2.99
4.55
5.04
9.13
4.08
5.12
6.53
6.11
2.98
4.14
6.57
2.96
3.60
8.02
8.09
6.55
4.59
3.51
6.11
9.54
4.03
25.84
5.05
4.09
10.06
8.13
25.82
3.09
11.63
3.52
13.12
4.02
6.57
4.05
4.03
10.11
17.31
9.53
6.13
26.25
6.05
2.59
3.99
7.68
7.00
5.04
7.06
2.51
3.09
12.10
6.56
11.08
4.05
3.02
4.04
13.69
11.57
4.59
6.04
2.47
8.10
9.19
2.95
4.00
11.73
9.01
7.58
3.54
16.77
7.56
23.23
2.48
2.52
14.67
8.62
4.61
22.17
14.72
5.04
5.61
3.57
3.97
4.01
14.74
4.50
4.01
9.21
5.48
12.18
2.57
3.95
6.68
10.51
8.59
3.58
7.04
8.12
3.06
6.51
15.20
15.21
6.49
3.05
9.09
4.62
8.56
3.01
9.69
21.20
2.47
33.43
5.63
8.02
2.53
20.21
3.55
3.02
6.55
4.05
17.67
20.77
8.05
8.10
20.70
18.27
2.44
12.70
2.48
8.59
2.61
4.48
17.19
4.06
15.66
8.11
10.66
5.50
11.16
9.14
6.56
6.99
7.09
3.05
20.82
21.72
16.65
6.57
21.28
3.52
3.59
3.01
32.35
3.56
4.54
9.18
11.62
6.05
23.78
10.06
10.60
7.11
5.09
2.50
7.66
9.60
3.06
3.54
16.63
4.07
5.56
4.05
9.09
4.15
7.53
8.57
4.07
4.03
9.07
3.55
22.27
9.64
3.97
2.53
21.27
3.03
5.59
29.85
7.07
5.57
5.09
11.20
7.55
12.69
3.53
7.54
16.21
7.57
6.56
28.88
8.16
3.94
6.04
6.60
23.28
3.60
11.04
5.59
5.56
14.70
8.09
8.55
2.48
6.56
20.74
2.54
4.54
11.62
17.72
10.62
3.63
3.02
7.03
6.05
23.27
4.07
6.58
14.10
4.14
5.49
10.84
9.06
4.04
9.61
2.51
5.08
18.26
15.66
8.11
18.69
4.56
10.66
2.47
32.41
20.16
3.51
8.09
7.18
24.22
2.51
6.07
13.21
3.44
3.56
2.56
9.60
8.65
5.47
21.78
5.54
6.13
17.64
16.77
2.43
10.61
9.63
11.10
7.10
12.14
10.14
35.89
2.56
8.59
9.11
20.80
17.17
4.08
15.14
4.04
5.07
5.57
3.55
2.98
4.05
4.52
2.54
8.66
5.49
4.07
16.64
4.59
6.63
4.47
11.60
6.56
30.35
10.17
3.46
11.15
10.11
3.56
22.31
4.48
7.65
12.08
2.54
5.57
16.17
7.62
2.59
13.10
3.04
7.54
4.05
5.10
6.54
7.07
41.51
6.11
13.65
11.10
17.21
14.66
5.56
11.21
12.58
6.57
26.82
5.11
6.97
12.16
44.45
6.53
7.56
5.59
4.03
6.07
2.60
7.01
2.53
19.23
3.01
11.63
44.00
4.62
4.01
4.01
3.60
5.56
4.00
4.63
5.53
12.57
6.13
38.36
7.57
4.60
19.25
11.02
7.07
4.59
6.13
7.04
7.60
2.46
6.10
2.50
3.55
10.12
10.09
3.53
12.69
8.59
4.08
5.54
4.04
2.61
20.65
4.57
10.10
7.15
2.52
6.10
5.98
11.14
5.57
9.19
3.42
4.13
3.47
8.61
10.67
3.55
8.58
3.55
2.46
5.12
13.56
3.56
5.57
11.58
3.53
11.65
12.63
2.51
3.56
9.56
4.13
11.07
5.09
10.53
11.65
8.63
6.07
7.08
5.05
3.05
2.54
2.54
8.59
23.29
8.60
6.55
11.13
4.02
6.08
7.63
5.52
2.52
7.57
22.31
2.48
4.62
7.52
9.10
6.56
15.67
11.62
4.08
4.51
3.09
5.00
16.21
5.04
3.01
3.63
4.47
8.11
7.57
10.12
5.62
3.06
4.00
12.65
4.51
2.54
17.69
11.61
8.58
3.07
3.51
6.10
3.02
6.11
5.57
10.09
5.10
10.65
17.72
2.96
6.08
2.98
4.05
12.13
5.59
4.60
3.55
10.09
2.52
5.12
5.53
11.12
10.13
11.23
3.48
14.67
3.05
3.97
25.28
6.16
3.45
7.58
17.72
5.65
5.54
15.18
3.02
6.65
6.02
2.48
11.17
8.08
5.03
10.16
31.84
16.64
6.06
18.26
5.97
5.07
5.58
5.11
4.03
27.28
3.62
4.48
6.14
4.00
20.18
17.77
6.53
16.69
9.65
9.56
2.60
4.00
8.09
28.30
7.07
2.58
3.47
2.55
4.05
2.54
3.97
3.61
2.53
3.04
7.55
6.61
3.09
6.49
8.59
6.60
12.68
24.21
7.64
8.56
5.05
4.59
10.06
9.63
3.12
7.53
12.08
5.06
2.54
20.72
4.05
3.05
2.54
2.58
10.05
21.30
4.99
24.79
10.11
16.74
8.01
4.56
3.56
5.55
15.14
11.11
11.63
5.56
4.13
8.51
11.64
8.64
14.11
8.09
24.76
8.58
3.53
20.20
11.12
14.68
5.60
4.05
2.47
4.05
3.60
7.60
8.02
21.25
3.61
2.96
15.69
4.06
10.64
10.57
3.05
7.55
19.79
4.05
6.48
11.12
3.59
13.57
3.56
2.60
11.53
12.18
5.53
12.71
5.50
3.11
6.99
4.54
5.11
8.64
12.09
3.04
10.62
8.61
2.58
7.05
7.10
4.55
21.24
11.62
2.61
12.57
3.65
31.87
7.07
9.56
21.77
26.81
3.57
6.13
14.08
4.06
5.63
4.48
19.20
4.54
18.64
17.69
2.54
7.07
7.09
7.62
3.55
4.11
2.50
9.58
23.26
3.13
13.10
2.99
7.06
5.05
3.04
7.64
6.08
3.47
6.54
12.67
6.12
3.53
26.34
4.49
24.26
5.54
7.58
4.04
4.06
2.51
11.63
12.60
12.18
6.52
13.66
13.15
3.09
6.57
2.51
8.64
24.72
3.54
4.61
14.63
5.11
3.57
5.48
3.10
3.48
6.10
6.64
8.00
3.58
5.56
7.66
13.08
4.06
3.02
9.12
8.62
15.68
18.12
4.09
2.51
7.06
6.06
14.15
6.70
24.65
19.21
9.17
6.52
9.67
2.54
15.21
7.49
13.17
8.57
2.53
6.11
32.82
8.11
7.08
11.63
6.11
2.49
3.55
2.57
8.10
2.51
9.56
3.55
10.17
5.01
22.24
4.59
9.06
10.60
13.64
9.12
8.63
9.07
4.54
3.02
6.61
8.09
22.85
8.56
26.23
3.54
4.07
5.57
13.66
5.10
2.48
8.62
4.09
19.73
7.04
14.70
5.53
2.62
5.04
11.55
2.56
3.48
23.81
4.04
12.11
3.54
9.63
5.04
5.55
2.64
7.06
9.52
12.74
20.21
10.10
3.04
10.65
3.01
18.23
6.05
5.56
2.47
10.08
4.58
24.76
6.02
8.08
3.10
8.05
48.56
4.03
5.70
8.98
4.14
4.96
3.55
5.62
4.99
5.62
10.08
15.74
3.03
3.07
3.00
5.58
8.17
5.46
8.13
14.65
6.58
6.06
3.57
4.03
9.58
11.13
2.57
14.15
5.10
6.52
20.23
6.08
3.54
14.62
5.14
6.49
6.63
2.48
4.57
4.00
4.56
16.68
4.64
10.03
2.64
2.45
5.54
3.53
14.18
29.30
9.69
8.06
7.57
6.57
3.02
2.55
3.01
13.17
17.15
2.51
2.54
22.35
19.18
20.78
2.48
10.60
3.04
4.64
4.99
21.83
6.01
8.63
22.19
8.19
11.06
23.23
5.62
4.02
9.62
10.15
5.09
6.99
16.18
10.10
3.08
11.14
4.04
7.54
6.56
17.18
4.02
2.53
9.71
23.21
3.53
8.68
5.50
5.12
2.46
4.05
8.13
2.98
6.07
3.63
4.48
3.53
6.60
3.53
6.61
3.49
2.52
10.13
3.06
24.85
6.51
3.05
12.65
3.03
6.14
5.01
7.05
7.10
4.10
13.12
4.63
20.16
3.03
14.66
5.57
7.60
9.61
3.61
12.54
17.20
8.09
8.59
5.05
2.61
4.98
16.69
21.19
9.67
11.13
3.99
3.55
4.04
10.65
18.12
4.10
4.05
6.03
13.10
4.64
12.51
7.08
4.53
8.09
6.59
2.56
26.82
21.25
3.02
5.55
20.20
28.39
5.06
4.50
7.66
4.01
11.58
9.10
9.66
6.99
3.08
4.49
2.55
9.65
8.01
5.05
6.56
5.08
8.64
11.21
8.00
23.30
5.12
7.09
2.99
3.55
3.08
10.08
5.54
14.66
13.16
2.56
3.56
2.98
9.13
17.18
5.06
13.67
3.60
16.16
10.58
5.58
5.62
11.07
7.07
2.53
9.63
8.59
8.62
15.21
9.59
8.71
18.59
14.74
4.44
9.59
9.71
5.47
3.06
14.22
6.00
5.49
13.17
14.67
9.63
2.56
2.50
6.13
2.44
4.63
9.02
5.54
4.62
3.04
10.12
10.62
2.53
6.05
23.16
4.60
38.39
7.56
5.55
22.27
5.01
8.09
6.37
5.88
14.66
3.03
24.19
10.60
3.13
5.48
4.08
2.52
6.57
17.77
3.98
3.02
13.72
5.48
8.09
2.54
3.56
8.04
15.15
5.05
18.78
4.04
9.08
2.54
3.02
2.59
13.16
3.97
9.12
3.09
5.51
16.75
2.97
7.57
7.06
4.63
7.04
3.51
5.60
7.04
6.55
6.16
5.98
8.13
6.05
2.52
2.54
11.12
5.63
7.55
4.47
26.79
8.10
7.60
7.10
12.23
2.48
2.56
14.61
22.88
12.06
5.04
5.06
4.59
10.13
3.00
19.66
7.59
4.50
2.51
4.03
5.06
4.55
4.60
5.04
4.11
5.52
2.48
9.64
11.62
6.13
9.03
7.59
3.10
2.45
9.10
6.11
11.56
5.55
5.13
3.47
8.64
12.58
7.60
5.62
5.08
3.97
5.54
12.14
10.60
8.68
7.55
24.80
2.98
5.58
3.57
5.56
5.10
6.58
4.49
4.06
5.11
2.98
8.09
15.19
4.03
6.00
8.11
2.55
3.01
4.04
8.10
14.67
11.10
3.04
8.10
10.12
5.09
4.05
8.00
3.53
2.54
6.57
3.60
2.47
14.22
2.45
18.23
18.20
4.03
10.08
3.59
5.55
7.68
14.60
10.58
9.15
10.64
8.00
3.12
13.07
2.54
22.23
3.01
5.64
5.51
8.15
14.16
14.12
5.02
15.24
5.50
8.13
19.68
11.60
12.64
3.56
13.13
5.57
8.18
7.49
3.00
2.56
9.12
19.20
10.63
15.14
6.58
9.20
3.06
6.03
6.02
6.07
19.76
16.66
8.10
19.70
9.11
4.05
2.54
15.13
9.13
2.55
2.55
3.54
9.51
30.88
2.62
2.94
8.60
10.67
13.13
3.08
4.09
6.53
7.52
10.15
20.36
4.95
3.02
9.60
10.11
6.03
6.62
4.01
4.57
14.23
10.08
2.47
3.53
3.10
3.52
5.52
2.55
15.15
9.60
6.56
5.07
8.57
2.55
11.11
11.12
4.54
3.05
11.65
2.59
2.95
5.57
7.09
8.64
5.51
7.63
3.06
5.97
5.18
4.93
6.64
7.03
8.05
9.16
8.19
6.53
6.55
2.49
4.64
5.00
15.70
13.72
12.60
18.15
3.63
21.23
2.47
8.10
3.55
5.08
24.31
25.81
13.10
22.83
6.00
6.10
18.74
3.53
25.76
5.07
6.07
8.63
3.03
8.53
9.67
6.53
24.32
2.58
3.54
9.55
14.13
3.54
9.15
18.24
4.03
3.98
10.18
3.96
26.84
4.22
8.45
3.01
3.58
8.05
8.15
7.50
11.63
5.04
12.23
3.01
7.00
4.04
3.55
2.54
24.24
6.59
3.54
4.15
13.06
4.01
28.94
7.01
5.54
2.52
2.62
5.48
8.68
11.06
4.09
2.43
6.57
10.65
15.68
2.93
5.05
35.38
4.57
6.09
19.23
11.12
3.05
11.77
9.13
29.28
23.22
6.11
2.55
9.62
36.87
3.52
5.14
3.01
2.59
5.02
24.74
3.56
4.02
2.59
12.58
16.69
12.70
7.60
24.22
5.14
3.46
4.07
5.54
3.54
3.57
3.51
11.18
6.54
12.16
3.52
9.60
4.64
13.56
5.13
18.14
2.55
16.76
3.54
2.50
19.21
5.58
6.08
3.97
3.06
11.08
9.21
21.68
11.07
26.78
6.64
3.49
5.08
2.51
12.64
6.57
17.73
3.52
4.05
7.60
7.06
43.98
9.60
8.19
3.46
18.75
3.05
3.51
34.45
14.07
8.15
9.64
3.51
5.05
4.08
12.10
6.06
3.53
4.61
28.76
7.59
3.51
3.59
14.64
17.65
2.54
4.07
3.53
22.85
7.04
7.53
6.12
16.66
10.11
6.14
17.20
7.08
11.11
16.66
6.06
2.61
13.59
4.04
8.10
4.05
7.63
3.48
8.08
10.12
3.01
7.57
23.26
7.08
16.78
17.16
3.57
4.03
14.64
3.05
4.03
18.73
5.08
9.62
3.51
18.16
9.63
9.58
2.51
6.15
14.11
26.77
14.15
7.08
7.61
12.11
19.75
7.03
17.15
4.07
6.09
9.09
2.59
6.52
12.15
27.80
3.03
9.67
9.01
22.73
3.06
7.55
2.64
11.01
19.73
5.05
7.16
6.50
4.04
7.63
13.12
4.48
4.60
14.12
5.55
6.61
2.99
5.07
2.53
10.67
2.45
3.56
3.51
19.81
3.54
2.48
5.53
2.55
4.62
10.56
3.07
8.09
6.06
2.50
3.98
7.61
5.65
3.52
6.51
2.54
7.67
6.50
20.19
6.08
6.12
18.19
17.64
4.61
3.51
7.56
5.12
7.58
12.62
9.62
8.66
9.04
5.57
14.19
8.64
14.68
5.96
5.56
9.67
14.77
4.96
4.06
4.57
6.05
3.55
4.60
6.52
11.61
3.04
8.11
6.08
12.15
3.04
5.05
2.53
5.55
4.05
3.59
2.54
3.97
5.12
9.53
3.05
6.11
6.53
8.62
12.20
8.60
5.53
15.65
14.15
3.60
9.61
15.12
9.73
12.65
15.14
14.64
5.60
4.99
6.09
3.08
3.07
8.55
3.10
2.45
11.09
5.13
2.47
15.23
13.55
12.15
16.18
19.27
8.00
8.67
18.13
8.60
2.59
9.03
6.07
5.06
2.53
7.58
10.12
10.12
14.20
18.69
7.09
6.55
8.54
5.62
23.22
11.19
5.47
2.52
8.65
8.15
4.09
7.51
12.14
13.70
4.56
10.60
6.07
6.61
12.64
6.49
3.12
2.45
2.58
4.01
7.62
3.52
2.99
5.06
13.17
3.05
4.06
8.58
3.07
3.03
6.55
11.06
8.64
8.60
4.59
8.08
4.07
4.59
8.07
3.05
2.58
5.55
6.02
3.56
10.15
8.56
4.01
3.04
4.11
10.56
22.22
3.63
9.03
31.44
20.13
15.19
4.04
6.56
2.99
10.09
4.55
18.72
23.74
4.53
16.21
8.58
5.58
10.16
10.03
6.59
17.30
27.26
5.52
2.58
13.05
3.13
14.65
7.54
7.15
8.59
20.75
11.16
13.55
16.17
6.04
3.53
4.15
25.69
3.02
9.57
4.57
6.10
2.47
10.12
19.73
2.51
11.19
3.04
9.52
6.58
7.61
4.06
6.62
2.46
11.62
17.21
3.55
5.58
12.15
3.54
2.52
3.59
23.25
3.58
4.97
4.58
11.64
15.13
33.90
3.04
10.66
4.01
5.08
3.55
7.15
8.56
16.64
9.08
2.62
6.56
11.57
9.12
4.55
7.10
12.60
6.11
12.60
10.65
3.52
2.61
3.95
9.62
25.82
4.05
3.00
6.05
3.60
14.16
4.49
3.61
3.47
4.12
2.98
13.71
5.61
7.97
7.58
12.20
4.03
10.65
3.52
17.73
3.58
5.46
9.60
8.62
3.05
16.12
10.69
14.09
17.22
14.09
21.75
5.02
2.54
6.65
2.45
4.14
20.13
5.55
6.12
4.07
6.55
15.68
7.58
7.07
5.54
2.61
2.45
6.06
6.59
14.66
6.58
17.20
4.53
2.55
3.06
8.54
2.56
19.68
10.11
7.08
2.55
12.12
2.62
4.96
8.16
19.64
5.07
3.52
4.06
10.10
5.58
7.60
11.70
2.98
7.19
6.53
7.05
11.64
22.30
3.00
2.59
8.55
21.84
2.47
3.56
4.02
2.53
5.57
12.69
4.51
7.14
15.57
18.70
12.16
5.05
7.65
4.48
3.54
2.51
4.66
3.03
15.11
3.52
9.57
5.09
14.67
6.08
4.05
5.07
6.62
6.00
3.54
6.59
11.08
4.05
2.60
7.12
5.53
3.53
12.65
9.14
3.52
9.57
6.57
4.54
8.08
24.78
5.06
6.09
2.49
22.32
15.59
2.52
3.59
11.07
16.70
3.06
8.51
4.06
3.08
4.48
5.17
5.47
5.05
4.13
3.99
2.54
6.56
2.50
8.58
4.66
3.95
6.16
9.52
16.23
23.71
6.57
9.61
2.54
4.10
5.01
6.59
4.08
16.12
4.11
13.59
4.53
6.61
10.08
7.68
12.09
20.74
3.03
8.54
4.07
3.02
21.72
12.64
4.55
3.09
8.01
16.25
4.04
3.52
2.98
4.05
8.57
4.06
3.04
3.62
3.47
9.68
14.09
6.14
5.45
27.36
5.03
10.59
4.03
7.12
5.55
17.20
6.51
3.59
4.50
3.02
16.69
14.22
10.51
13.15
3.60
2.54
3.45
7.09
4.03
9.09
18.73
3.52
5.07
7.13
6.05
11.14
5.52
12.15
4.01
8.09
4.06
3.53
12.67
2.53
3.06
3.02
2.56
2.50
5.06
9.59
6.08
7.62
11.14
18.13
13.09
7.10
4.65
5.57
4.50
5.63
6.02
9.61
4.07
2.52
8.57
19.32
2.96
18.70
4.04
6.06
3.02
2.55
3.03
12.68
6.61
7.51
2.52
7.12
2.50
12.09
7.57
2.54
8.69
2.42
6.10
6.57
6.63
6.52
9.05
5.55
2.52
10.22
2.42
23.77
17.18
2.50
11.75
10.53
16.74
5.00
19.20
18.72
12.16
4.49
13.10
9.71
9.52
7.57
2.53
3.04
3.55
7.09
6.60
9.04
6.53
2.56
8.09
14.71
5.53
34.39
7.60
3.01
2.51
5.16
6.48
3.03
10.73
16.04
6.07
13.66
10.59
9.62
8.61
5.55
13.71
20.16
5.06
4.03
4.03
14.14
10.13
19.18
14.68
3.07
24.31
8.51
2.53
3.03
12.68
16.69
35.36
17.64
5.08
7.08
19.25
8.05
6.08
4.03
8.09
3.11
11.01
4.59
12.08
2.53
12.69
14.16
16.19
5.58
11.67
14.08
3.58
11.14
5.07
2.45
3.12
2.53
5.61
2.48
3.48
3.03
4.03
16.20
2.64
16.17
5.49
6.09
12.67
13.14
7.64
5.97
8.17
3.45
12.15
6.74
2.41
4.08
3.52
10.74
9.00
4.61
6.10
3.49
17.74
12.14
8.08
3.57
22.32
4.99
7.14
9.56
6.59
12.09
19.70
10.62
3.55
2.53
14.14
2.55
18.70
2.53
7.62
7.09
10.60
7.57
8.60
3.05
20.85
6.99
6.56
25.85
2.53
3.08
16.21
3.50
4.01
22.76
15.25
2.51
7.61
5.58
6.47
11.20
2.96
2.63
18.08
7.10
5.57
4.59
3.02
2.58
2.98
6.14
8.08
8.64
9.02
4.08
2.51
10.63
11.68
3.50
10.58
9.18
3.44
3.54
10.14
5.03
5.05
10.10
6.07
4.52
10.74
8.50
3.05
3.06
2.46
6.53
14.65
6.07
17.66
2.64
3.01
5.07
19.14
19.81
4.03
5.02
4.08
11.57
2.54
3.03
6.08
8.58
6.08
13.16
5.62
11.12
16.14
6.56
3.54
6.14
10.03
8.64
20.76
17.29
14.12
29.27
12.13
7.63
14.15
3.50
5.55
20.27
5.97
3.12
29.33
19.11
14.17
3.55
5.04
24.23
9.17
24.24
4.12
3.56
5.49
16.71
23.24
5.55
5.58
7.56
7.07
7.63
4.00
5.17
14.14
24.24
18.69
6.03
6.60
25.77
13.67
3.56
13.73
5.50
19.75
19.19
2.61
21.77
11.07
4.96
6.59
13.71
9.65
12.06
3.55
5.04
5.57
3.05
15.21
19.20
12.65
3.00
6.06
12.70
7.56
3.08
8.06
2.55
5.97
18.70
18.76
3.00
20.24
9.70
16.10
4.52
6.16
6.05
11.05
9.12
17.69
16.69
10.17
21.19
8.59
11.17
6.54
3.06
17.68
4.07
11.62
13.22
3.51
4.07
10.67
6.02
7.57
25.77
13.64
3.04
2.54
7.61
34.88
4.05
6.03
6.58
7.59
6.60
7.09
6.07
6.05
20.20
4.56
5.55
7.64
2.49
4.55
7.16
9.03
5.56
6.63
12.08
19.74
12.11
9.65
7.05
7.65
6.00
2.61
16.64
5.07
17.21
12.14
15.67
9.58
5.63
3.04
4.06
4.96
5.57
5.08
15.14
3.04
3.07
2.99
20.32
3.50
16.68
4.04
3.55
2.60
6.02
8.05
26.38
10.58
12.12
5.58
7.55
14.26
6.05
3.02
4.65
20.65
13.66
16.75
6.60
7.56
7.52
7.09
4.53
14.77
5.00
9.27
9.50
15.15
6.69
3.95
2.56
7.08
6.07
6.05
6.58
6.08
3.11
5.51
4.11
4.60
3.00
2.47
5.56
4.10
6.56
17.23
7.56
3.01
6.14
2.49
9.56
26.33
2.52
6.12
14.11
3.48
6.11
6.01
2.54
2.57
9.09
8.58
3.03
2.64
8.47
9.16
13.08
6.10
3.04
13.17
4.98
11.68
20.64
7.12
8.17
11.12
5.56
3.59
2.50
8.62
3.00
2.64
11.55
2.54
7.03
4.05
12.66
7.10
3.10
4.98
12.18
15.72
5.60
6.00
4.07
17.74
3.47
16.69
10.21
8.55
10.10
6.60
3.60
2.99
10.69
10.14
13.17
8.53
12.17
7.18
3.45
5.55
8.69
4.01
10.58
6.05
7.57
4.62
7.04
18.66
24.88
8.09
6.07
3.04
6.09
6.06
5.54
4.54
12.17
2.50
6.14
2.94
11.21
5.12
6.52
17.76
15.14
9.66
6.99
4.05
8.11
7.05
7.07
11.24
4.93
12.16
2.54
15.65
7.14
14.16
10.12
20.77
5.01
8.64
6.11
13.56
12.14
7.07
8.16
4.53
11.15
3.55
2.99
13.16
2.61
3.44
4.05
7.06
19.76
3.05
3.02
10.65
2.54
3.51
10.15
2.96
6.07
7.66
6.56
12.07
14.71
7.54
3.52
7.64
4.06
5.48
9.15
2.46
4.07
15.19
4.01
3.05
3.53
7.10
12.64
6.16
3.94
18.74
16.17
3.53
21.77
8.09
4.48
12.66
17.72
7.12
5.51
3.05
24.28
8.59
5.10
17.16
11.14
14.66
7.09
21.69
2.52
3.09
8.06
3.04
7.09
10.67
7.17
4.94
8.18
3.94
7.57
7.57
6.10
5.58
8.57
21.24
11.64
3.02
11.22
13.56
7.07
8.71
3.45
14.64
12.15
7.61
8.06
5.67
2.96
4.05
10.06
3.58
2.49
4.06
22.84
7.56
5.00
9.62
12.09
12.15
17.72
18.15
3.67
5.47
14.66
3.03
10.64
5.02
3.09
3.55
15.11
4.12
6.00
5.59
18.19
10.59
12.67
2.57
3.04
2.51
10.53
13.13
15.23
5.54
7.61
8.57
4.06
16.70
4.62
4.52
3.00
3.09
3.01
12.20
15.65
17.22
6.59
13.64
9.12
3.11
8.99
10.62
6.60
20.30
5.01
26.22
8.09
5.04
2.59
4.50
7.60
3.06
6.04
7.13
7.55
3.54
10.66
22.75
2.99
26.37
4.53
4.59
2.59
8.53
16.23
13.03
10.10
4.13
27.73
5.10
8.02
3.06
3.53
32.87
6.04
4.05
10.11
33.37
9.59
4.02
14.17
3.05
6.56
7.11
17.19
10.72
4.05
3.48
4.07
5.50
2.61
5.49
6.10
11.60
11.15
5.13
11.60
6.53
14.69
7.13
2.41
12.17
2.99
7.12
6.50
15.28
8.03
25.73
7.11
4.62
5.45
3.11
4.97
12.69
5.54
8.57
19.26
7.59
6.12
15.61
2.51
21.73
5.55
4.11
8.55
8.11
12.14
3.99
10.12
4.60
4.58
3.03
14.13
9.73
9.63
3.44
15.17
3.12
11.07
20.27
14.60
3.63
8.51
12.20
11.04
4.17
19.70
3.96
10.64
6.59
2.53
9.10
2.53
8.61
5.03
3.64
13.60
5.09
3.51
7.10
20.78
6.69
8.54
12.12
4.54
14.19
18.79
11.52
4.13
4.00
9.63
12.62
11.15
2.55
7.55
7.55
15.15
7.08
4.63
15.06
8.67
2.48
12.11
10.60
2.54
29.40
3.08
8.59
17.12
6.05
14.64
26.81
8.12
2.54
3.55
13.68
5.09
8.61
7.08
14.16
11.08
49.55
6.64
2.47
15.67
9.73
3.53
8.03
3.56
6.61
2.48
7.68
20.18
14.16
6.55
12.15
13.71
2.63
12.01
5.07
4.58
19.14
9.64
3.00
11.67
3.51
7.06
21.76
3.53
18.78
12.57
7.56
2.54
9.21
8.49
3.10
5.00
5.64
15.08
6.58
7.61
16.13
6.08
13.73
6.96
9.07
6.59
8.13
4.99
30.86
8.09
11.10
18.72
2.63
7.07
2.43
23.76
14.64
6.14
2.48
3.59
9.03
8.09
3.63
4.51
6.00
10.14
20.79
6.54
3.00
12.75
2.40
11.20
9.58
8.11
7.06
4.08
2.99
4.60
23.24
9.59
17.72
3.48
10.69
8.02
2.50
8.13
3.62
2.42
3.61
12.04
6.07
5.55
3.63
21.20
7.64
3.01
23.35
2.97
4.12
6.49
9.69
7.52
12.59
7.08
7.59
10.13
4.11
5.52
8.05
8.65
6.54
3.54
3.03
10.18
10.60
2.49
5.15
14.19
4.46
6.61
2.51
4.54
26.31
13.13
3.09
5.49
9.19
12.65
4.10
2.40
5.08
4.01
4.10
5.51
8.15
13.04
8.64
7.09
3.55
3.53
2.58
7.50
21.28
61.16
11.08
2.53
14.16
3.56
7.08
6.12
3.95
8.11
12.14
2.54
8.12
4.07
2.58
4.98
9.62
3.99
5.62
6.57
6.50
15.31
8.09
2.44
9.61
3.60
8.61
6.08
6.59
12.09
20.70
4.04
10.18
6.52
4.08
6.42
3.64
14.70
2.57
3.52
7.62
15.10
6.09
10.16
13.60
10.14
4.49
9.61
2.51
18.71
8.60
5.11
5.57
3.94
5.18
2.98
6.52
13.17
9.63
7.04
2.56
7.57
10.16
4.02
11.08
3.56
3.55
20.25
12.12
10.60
3.54
9.69
13.62
21.33
11.58
2.50
2.56
14.63
2.56
8.09
12.16
5.07
16.16
3.09
4.51
11.68
8.65
3.43
5.12
4.50
8.60
11.70
4.47
2.52
15.78
5.46
15.66
9.13
7.06
9.57
7.57
9.60
8.65
7.62
4.47
9.68
3.55
11.07
11.63
3.55
2.50
10.22
25.71
25.86
6.07
6.54
2.62
2.92
10.16
14.17
13.12
3.53
2.53
5.56
5.10
12.09
15.70
17.69
14.22
22.16
28.95
8.05
3.61
8.53
8.06
4.65
3.43
10.13
5.61
3.52
2.99
3.06
3.61
7.03
3.57
2.98
14.15
3.04
4.05
22.74
9.59
5.59
34.39
12.69
3.45
7.07
10.70
6.04
8.19
9.02
7.08
18.74
18.15
10.16
2.59
6.56
12.03
5.55
5.08
7.10
12.24
6.53
8.06
8.12
2.54
3.50
7.12
6.55
3.60
4.46
5.06
10.63
31.80
3.04
7.11
4.07
4.05
5.97
4.63
2.46
2.59
6.00
2.51
3.04
6.56
3.06
4.51
3.63
3.97
11.15
14.15
3.50
7.07
21.84
2.56
3.43
6.61
6.00
5.63
8.64
5.02
5.06
7.13
6.56
7.54
6.13
3.99
7.10
7.64
6.54
12.11
2.57
9.56
13.29
14.06
6.56
5.10
7.06
7.60
9.62
3.47
4.06
4.53
7.07
3.58
8.10
9.55
10.63
13.62
10.16
5.00
15.15
7.10
6.06
9.58
20.83
2.45
14.64
3.06
5.04
4.05
2.52
6.60
18.71
2.50
9.62
3.14
10.04
19.68
10.64
5.04
2.59
11.17
8.08
2.51
27.90
17.78
9.52
4.54
16.74
14.64
7.65
7.99
3.07
5.58
10.63
16.64
4.55
2.54
13.15
2.54
8.66
38.40
9.64
7.55
20.18
20.27
12.23
6.97
9.59
4.09
10.08
4.04
7.08
8.16
5.04
11.67
8.57
30.32
14.15
14.22
6.99
7.68
10.06
3.51
4.10
12.17
8.03
24.31
14.66
14.61
9.62
3.57
14.23
3.96
9.07
15.27
2.49
3.04
12.18
4.00
2.51
3.09
10.58
2.52
15.14
5.09
12.67
2.55
5.53
13.23
2.47
2.59
2.57
11.52
5.11
16.06
25.84
5.49
3.04
7.06
13.71
6.10
18.72
5.53
8.63
10.73
9.03
12.75
2.43
10.16
3.99
25.82
13.63
6.03
13.65
10.73
6.00
5.06
4.50
4.03
20.78
15.70
3.97
3.08
7.58
5.01
3.56
2.54
9.06
3.60
10.59
7.06
2.56
6.56
5.09
2.47
18.17
7.07
5.07
6.16
12.00
7.59
11.67
6.12
4.03
7.56
22.86
8.60
4.93
3.03
2.54
6.65
3.48
20.71
13.65
24.29
4.48
7.60
13.66
12.18
2.48
11.68
6.15
19.18
2.99
14.66
5.08
2.52
8.60
3.58
5.96
3.59
4.12
4.45
3.62
5.52
2.56
7.01
6.07
7.08
4.00
2.57
5.53
12.65
3.09
14.11
6.56
5.04
18.24
10.09
6.09
11.10
9.63
2.55
4.05
16.17
2.59
14.13
11.68
6.04
26.79
4.64
15.60
10.17
3.99
2.58
7.01
15.73
10.59
3.04
6.06
2.56
2.50
4.07
4.02
4.15
4.94
5.58
7.08
40.06
2.46
5.56
23.79
16.16
9.63
8.15
11.51
6.57
12.19
5.53
12.18
3.05
4.49
13.12
3.15
8.00
8.07
10.66
16.76
18.08
4.56
9.67
5.02
18.75
14.17
5.09
4.01
6.10
5.97
4.04
4.05
6.56
4.53
16.74
9.63
6.59
4.94
3.58
3.05
26.75
5.16
3.96
3.01
2.50
14.17
3.50
13.64
5.57
4.09
4.00
8.07
3.10
2.49
4.62
2.41
17.20
11.20
2.99
17.74
3.50
6.12
2.46
2.55
11.70
4.48
3.58
13.65
5.07
5.03
3.10
28.35
11.07
5.60
26.24
3.56
12.09
12.25
10.62
8.06
5.06
3.07
8.00
11.11
3.08
5.63
4.94
2.56
4.00
13.22
2.98
3.06
25.73
7.59
13.15
7.10
3.06
7.56
3.50
3.14
25.69
14.70
8.11
3.01
2.55
5.07
14.63
5.16
9.51
16.70
3.65
25.74
10.64
14.16
19.18
7.06
4.54
3.53
7.14
2.56
9.52
4.13
23.18
2.54
5.07
8.08
2.53
14.13
3.53
15.67
3.55
6.06
2.64
11.06
4.02
8.58
3.56
4.10
15.13
4.12
3.47
6.55
4.07
3.06
6.60
5.04
4.02
4.07
5.56
6.02
7.63
14.12
11.08
5.10
17.14
3.04
5.56
3.61
25.31
11.63
8.59
10.02
8.62
5.56
4.52
11.66
5.55
3.59
7.03
19.87
19.58
5.54
16.72
11.09
12.66
3.55
4.09
4.99
5.03
3.57
4.06
9.03
3.54
2.52
5.61
3.01
6.62
12.60
9.08
3.57
2.59
23.27
9.55
12.11
2.53
15.23
14.56
25.35
3.01
22.17
8.62
12.13
9.11
4.17
10.51
4.08
24.79
11.66
15.19
6.01
11.11
14.15
3.04
2.50
3.55
3.01
3.54
25.31
10.11
10.78
9.93
3.59
3.56
5.03
3.07
27.26
11.66
20.18
11.63
26.84
3.56
7.60
6.53
14.70
3.99
5.02
32.50
6.08
6.03
4.05
4.60
6.05
3.51
2.51
3.54
10.12
5.58
16.17
4.07
12.71
6.50
3.53
4.05
5.01
8.67
3.51
10.12
14.66
11.10
8.11
6.05
8.10
10.70
6.05
4.51
5.63
31.80
3.58
9.10
10.61
6.05
22.29
8.11
29.84
7.06
6.13
11.57
4.62
19.69
10.05
11.24
3.46
5.08
15.26
3.47
5.60
9.57
3.54
14.73
7.52
5.59
6.05
9.06
9.58
3.11
12.14
10.60
11.61
12.24
6.57
5.05
9.11
11.59
6.66
3.01
8.62
19.68
14.64
4.04
23.25
11.63
6.09
3.54
4.04
3.11
8.56
2.50
2.60
8.05
6.60
6.63
8.01
17.29
8.57
3.02
5.50
9.59
13.16
2.54
6.53
4.04
3.12
11.09
6.58
3.95
3.06
7.06
4.05
3.08
5.03
6.57
11.14
4.11
7.09
3.45
4.68
3.43
6.58
21.81
3.11
27.66
3.08
9.16
5.99
8.71
3.98
11.10
11.69
7.49
3.09
11.12
11.68
4.51
8.13
4.07
7.03
8.08
9.17
3.50
8.16
2.44
5.08
3.07
12.58
7.59
13.25
4.07
6.07
2.99
14.72
13.18
4.48
10.69
6.00
13.12
8.60
2.54
7.07
9.09
13.24
22.24
5.63
10.11
17.08
7.57
3.55
20.71
7.61
2.51
4.07
6.14
5.06
3.98
8.68
5.01
20.25
5.55
2.53
3.50
9.17
29.36
3.44
3.57
8.06
6.58
4.02
7.58
2.60
3.97
2.54
8.66
17.66
6.06
3.54
15.74
24.73
3.02
23.35
13.12
5.56
11.17
6.57
3.97
6.06
21.24
6.58
17.25
6.53
7.59
13.74
15.09
3.56
3.52
4.62
4.08
25.20
5.67
5.45
3.05
9.10
35.42
3.04
8.15
28.38
8.07
12.70
14.14
4.98
14.73
5.53
5.08
5.04
5.06
7.07
8.67
15.70
2.49
8.18
10.47
6.14
14.63
14.12
4.10
5.52
15.30
2.95
4.20
4.97
3.55
10.13
5.06
5.07
8.18
18.60
2.56
2.49
13.16
13.15
7.12
5.99
13.16
3.09
4.07
17.22
5.51
13.62
12.19
10.07
3.54
2.50
37.42
9.11
4.02
3.07
4.02
5.05
7.20
23.12
9.17
3.48
6.66
22.25
9.07
5.09
14.64
8.57
19.22
25.82
4.13
13.17
3.47
15.17
3.05
3.01
5.10
4.52
7.64
11.63
7.10
5.07
25.26
4.69
12.05
17.77
5.06
5.50
11.61
6.06
7.59
7.08
2.59
5.51
2.52
14.68
3.00
2.52
7.08
6.09
5.67
4.00
2.55
2.48
19.21
3.09
7.60
3.50
2.48
17.72
8.64
17.19
10.12
7.12
16.65
5.58
4.49
2.54
3.12
8.55
3.04
8.15
5.52
6.02
4.54
4.05
7.11
4.04
3.52
3.56
4.03
9.62
3.09
3.01
10.12
6.59
5.60
5.55
4.52
10.14
15.19
4.62
6.49
14.25
9.66
9.52
2.50
2.56
8.63
13.18
3.49
6.50
23.80
2.57
2.54
16.66
4.56
19.29
17.68
2.57
4.11
6.99
9.14
9.08
4.12
12.65
3.48
3.05
3.07
3.03
10.57
11.72
19.19
2.61
2.93
6.64
6.08
6.01
2.48
25.89
34.24
3.06
3.57
5.10
5.03
12.59
14.66
3.06
13.14
2.60
4.08
8.52
7.65
13.54
3.07
6.00
13.72
4.50
3.63
5.01
10.64
14.12
2.51
5.58
5.09
9.02
5.16
7.50
11.17
5.02
3.56
10.63
9.03
11.10
10.10
3.09
5.07
25.28
3.54
3.04
8.03
26.42
11.00
9.66
24.23
3.00
9.20
7.01
25.75
18.73
5.09
4.51
15.72
8.57
10.21
4.43
21.76
3.55
8.16
7.03
5.60
6.57
2.56
10.58
3.53
12.15
5.54
4.63
2.44
8.68
16.08
11.69
12.60
3.09
8.03
11.14
3.01
20.76
2.98
6.57
19.72
3.04
8.22
24.20
11.68
2.49
36.37
8.17
2.97
9.21
4.45
3.53
5.60
4.02
2.56
7.58
5.52
17.82
13.58
3.53
2.54
6.02
4.56
3.06
11.18
18.16
15.25
11.10
7.59
8.11
4.07
5.62
13.06
2.98
15.19
3.03
10.60
14.71
2.56
16.17
23.36
26.75
6.14
6.06
12.10
11.07
8.10
8.70
6.52
8.08
5.61
11.12
5.03
3.00
14.23
2.43
16.75
9.07
5.70
2.48
5.50
9.09
5.06
2.53
3.07
10.12
11.14
6.05
9.19
11.61
5.01
4.09
8.11
5.05
3.60
5.04
5.07
2.54
5.46
12.12
23.79
7.02
5.56
10.71
2.53
10.56
5.55
18.76
6.53
8.08
13.79
10.01
15.71
6.54
6.07
5.08
3.52
5.04
3.07
3.59
9.01
11.18
8.10
8.54
11.73
16.19
3.45
16.26
4.48
11.75
6.99
6.62
4.98
11.65
3.10
5.01
2.49
11.11
16.72
5.58
6.05
9.62
10.64
16.21
5.53
4.53
15.20
3.09
4.45
2.56
6.04
3.51
6.13
2.55
3.97
9.70
2.55
17.64
3.58
5.08
13.12
4.04
6.60
6.57
4.02
7.07
11.68
11.07
22.31
3.59
8.54
15.21
12.11
14.78
5.00
2.51
12.59
5.57
7.67
7.53
8.11
4.01
3.03
18.29
5.10
9.00
10.61
6.54
19.76
16.16
15.71
2.59
2.95
12.20
14.16
6.09
5.50
9.15
10.58
3.05
7.12
4.61
8.51
4.60
10.64
7.59
5.09
10.08
6.02
3.63
3.48
9.67
9.52
3.59
10.59
13.13
8.55
12.21
3.53
2.59
14.65
7.58
10.58
2.60
14.63
3.51
13.22
4.53
12.69
16.65
16.23
7.49
12.67
10.60
6.63
10.57
7.02
23.88
2.47
2.48
8.70
4.06
14.05
9.09
7.55
7.06
2.56
9.63
4.50
4.03
7.61
11.64
20.29
3.55
10.60
4.10
7.52
2.59
10.59
2.54
6.62
4.52
7.05
15.76
10.17
8.00
8.56
6.10
2.54
4.53
2.50
8.60
3.59
8.55
15.65
14.66
11.19
10.57
2.53
4.64
3.49
8.60
3.05
13.10
2.57
7.60
2.49
5.56
6.11
4.01
10.59
4.02
3.55
6.07
8.58
10.63
4.58
13.75
10.99
9.16
3.53
17.68
6.07
12.16
29.79
2.52
5.62
4.53
8.10
8.07
7.56
13.67
3.10
6.48
26.76
12.21
10.56
21.79
11.12
10.13
11.10
31.31
6.18
3.49
29.81
3.05
2.48
10.18
3.59
16.60
7.08
8.08
4.64
3.45
3.14
2.43
9.73
8.62
15.57
6.65
12.62
6.09
8.59
7.06
3.00
3.57
8.13
17.65
23.80
4.10
4.00
10.58
4.08
14.19
15.14
12.65
33.89
5.58
3.56
3.07
12.68
6.04
15.73
10.59
17.70
2.60
4.01
3.02
5.01
5.17
14.13
3.54
17.17
2.61
2.51
3.60
5.45
13.19
19.27
9.06
7.14
4.47
16.23
10.65
3.55
20.73
8.10
6.52
14.20
7.03
2.58
3.08
11.12
5.03
2.55
7.62
9.04
16.72
8.02
5.59
5.53
19.84
3.96
3.11
9.52
11.77
8.50
7.12
14.11
5.14
3.42
27.89
8.03
6.67
3.96
21.85
8.61
4.01
7.03
3.12
16.60
4.07
3.01
2.54
5.08
7.58
14.16
10.08
5.55
10.21
2.97
6.18
16.58
6.10
5.05
9.07
5.09
6.59
7.56
15.73
3.45
8.60
6.59
6.05
5.06
3.04
8.61
6.57
13.14
2.56
24.75
15.69
3.07
13.63
3.10
11.07
3.06
10.62
3.03
4.07
15.15
20.70
4.04
4.05
2.58
16.65
4.18
8.51
6.11
23.70
9.60
3.14
5.50
2.61
13.60
9.01
26.37
6.00
3.55
4.61
11.05
2.55
2.59
6.06
11.60
19.20
9.63
10.66
7.68
2.92
5.61
2.48
10.70
17.13
5.04
7.64
16.65
6.62
6.57
8.15
4.04
7.15
14.64
11.60
3.09
3.55
6.03
3.08
4.07
5.09
6.02
20.21
7.10
16.26
3.01
3.04
19.25
8.59
3.62
12.15
6.51
7.56
11.71
10.64
6.06
6.50
3.56
3.01
8.63
8.16
2.47
5.59
5.06
4.98
2.56
5.02
3.57
6.53
22.33
15.64
9.56
5.10
4.98
7.09
5.07
4.16
10.02
4.05
6.63
10.01
11.66
12.61
3.10
2.49
8.63
2.48
2.99
2.57
5.56
8.13
34.34
9.64
9.11
10.09
14.59
9.61
8.20
2.96
5.68
2.93
14.11
6.10
4.03
4.04
4.09
31.87
7.07
3.56
4.52
8.58
7.12
3.53
26.82
4.97
8.10
4.08
17.18
4.04
7.13
7.57
3.51
5.14
5.02
5.62
19.11
5.05
5.08
10.64
8.01
6.07
3.54
5.55
2.58
4.04
7.07
2.52
5.61
5.58
14.66
5.64
9.05
3.05
7.16
17.62
9.59
11.64
2.59
9.10
4.00
14.18
2.54
3.08
10.62
9.68
5.02
2.99
3.01
12.66
3.59
19.67
5.02
30.38
17.21
2.54
2.99
3.57
9.55
7.04
3.08
3.01
4.57
6.10
9.09
4.51
6.05
10.64
6.56
4.07
10.64
2.60
9.55
23.33
7.58
2.47
6.59
10.06
4.08
4.02
7.57
9.74
8.00
7.60
5.64
3.49
3.58
2.96
8.07
8.13
3.88
5.13
10.50
11.82
2.08
8.77
10.99
14.51
0.50
3.00
2.50
0.50
30.04
6.51
4.00
5.00
12.00
5.00
4.00
5.00
9.00
5.00
3.50
19.50
5.52
15.50
7.01
5.50
15.01
2.50
15.00
3.51
12.50
2.00
1.00
1.00
1.01
1.00
2.50
16.50
0.50
4.50
17.50
5.50
5.50
7.51
7.49
0.50
6.50
4.01
8.52
6.51
1.00
1.51
24.32
3.01
8.67
22.29
6.65
5.99
2.53
12.59
8.65
3.05
4.08
5.49
4.12
2.96
4.07
2.49
7.10
4.08
7.50
3.03
10.72
5.59
6.00
8.61
7.05
10.06
6.64
3.46
2.59
5.51
10.65
3.04
5.65
5.50
12.68
4.07
4.49
13.19
3.96
4.56
7.12
4.00
2.61
14.13
16.18
3.51
3.03
3.08
17.73
15.22
2.95
16.72
3.04
12.63
10.65
13.57
3.09
20.74
6.57
8.64
3.06
8.59
5.52
4.57
4.04
2.56
3.06
9.04
3.15
10.51
8.60
5.05
8.10
3.02
8.74
5.45
3.02
4.03
8.22
12.52
3.09
8.61
7.52
4.62
13.12
6.59
14.56
5.06
14.14
6.55
3.53
8.10
10.70
6.54
4.52
19.69
3.60
8.56
4.09
8.62
16.18
2.54
5.14
11.68
20.63
8.15
2.98
30.29
6.07
8.18
20.24
23.89
8.60
16.64
8.55
7.08
13.65
3.13
4.01
2.51
2.58
15.16
5.50
19.29
12.63
3.01
4.07
5.58
10.58
4.12
10.11
15.08
12.24
9.58
15.67
6.62
9.72
2.88
7.57
18.32
20.24
4.97
10.13
5.55
5.56
2.51
11.17
11.56
2.58
13.15
5.52
6.06
3.08
8.11
8.55
6.09
6.66
4.91
20.78
4.05
5.06
8.09
6.60
8.60
4.06
9.61
17.16
9.05
14.13
4.54
6.11
8.55
16.24
15.66
3.47
3.04
2.58
3.48
8.13
2.62
3.96
4.10
11.05
3.14
5.03
4.45
4.18
16.64
7.03
10.15
13.66
7.01
5.19
2.38
5.09
7.06
13.17
4.05
15.61
9.20
12.08
15.68
7.60
23.82
18.72
9.67
4.99
11.16
3.03
4.65
5.97
14.63
15.75
3.59
8.15
15.07
7.54
24.81
11.06
11.73
8.09
7.64
8.58
3.96
14.14
4.05
7.61
7.03
21.34
3.48
5.56
4.14
14.21
13.60
11.12
4.07
5.51
3.56
5.09
2.53
4.64
29.32
2.98
20.26
24.28
17.84
9.49
20.74
3.04
3.19
7.02
13.65
2.49
5.18
20.68
4.49
2.59
5.01
2.58
18.64
6.56
6.56
17.34
4.45
2.61
13.65
6.49
5.62
3.45
6.57
9.71
2.97
8.11
20.72
17.86
12.48
7.58
9.67
2.98
2.52
3.10
17.72
21.29
12.59
8.09
23.26
6.65
8.04
16.74
9.66
13.18
16.72
8.61
7.55
6.00
7.15
14.17
11.69
11.57
21.21
16.80
2.47
12.80
14.57
23.72
5.55
9.76
8.54
14.15
3.24
11.44
2.74
6.53
26.30
14.64
6.08
16.26
17.31
2.97
3.60
10.01
27.85
3.63
4.51
2.49
7.08
6.52
5.62
11.85
12.99
5.51
3.09
3.50
43.97
9.63
4.06
2.54
20.27
19.66
10.71
2.51
6.23
17.11
3.59
5.97
11.63
3.04
2.66
4.93
6.08
6.62
6.56
5.17
2.51
15.23
6.48
4.68
4.92
5.61
4.15
9.49
6.10
22.37
7.06
12.30
14.17
23.26
29.30
11.61
18.29
22.72
3.03
3.09
9.64
4.10
12.60
2.46
15.13
5.75
9.47
2.46
3.12
9.01
12.19
24.24
5.61
5.61
14.26
5.45
2.54
5.62
6.96
3.04
8.15
8.59
6.14
21.68
4.18
3.36
7.10
8.56
18.79
6.19
15.50
5.16
12.00
4.13
19.81
6.52
5.49
4.60
11.14
3.56
4.46
58.15
2.93
5.71
4.42
2.61
15.70
7.58
7.15
3.95
10.13
15.68
19.84
3.98
4.00
18.21
5.13
4.54
8.57
4.01
5.57
6.61
3.61
5.00
4.08
6.60
6.63
19.69
11.09
9.09
9.67
3.99
14.22
4.14
5.43
5.55
4.65
3.97
15.67
28.86
7.15
13.17
10.07
8.12
12.67
4.93
9.09
3.03
3.56
8.69
10.50
3.11
4.57
2.53
7.09
5.02
11.71
6.58
3.95
12.80
10.12
16.27
3.38
4.15
2.45
11.20
5.11
19.16
10.71
3.09
12.09
17.26
10.61
5.56
7.17
11.28
9.95
27.35
5.22
11.47
43.69
3.07
20.74
11.15
4.10
7.12
4.03
5.10
2.93
5.57
8.08
5.67
7.58
11.63
4.59
5.64
12.13
5.98
3.61
6.13
10.03
3.10
5.08
11.58
12.73
13.66
15.12
5.05
7.07
9.62
8.07
4.04
8.67
3.97
4.64
6.57
7.14
5.49
5.49
17.30
20.21
2.61
8.00
5.13
5.00
8.60
7.16
7.67
3.46
2.98
10.78
9.60
13.10
3.62
4.06
17.15
22.48
5.44
5.56
2.58
6.52
3.10
3.49
2.66
12.11
3.56
7.07
6.17
2.87
11.73
2.92
5.17
10.03
6.03
17.23
3.49
4.63
12.16
4.13
5.52
5.07
17.67
8.57
5.10
7.12
3.47
3.02
15.76
8.97
8.09
14.24
8.09
4.08
17.14
4.11
4.45
3.67
7.08
3.42
6.07
6.08
9.74
4.96
4.62
5.03
8.58
15.77
3.43
6.61
2.99
18.72
17.31
11.62
7.57
10.08
4.50
13.66
8.61
18.28
18.15
16.77
3.95
5.58
3.03
4.01
3.60
8.60
7.64
2.93
3.08
4.51
7.58
8.11
13.13
10.13
6.04
4.10
6.07
6.65
3.41
13.18
8.06
10.11
29.38
10.68
5.10
6.60
2.93
6.08
19.84
17.10
6.14
24.16
7.60
4.56
5.58
7.60
13.08
6.63
8.60
3.55
2.49
2.57
23.72
5.17
15.56
6.18
3.96
4.51
3.04
19.74
9.59
4.05
2.56
3.52
5.07
20.71
13.66
2.64
6.56
9.05
3.11
2.99
7.61
5.58
2.92
10.12
6.11
6.49
10.68
23.22
4.04
4.05
11.74
10.02
7.62
5.18
7.56
10.50
4.10
9.59
6.03
14.65
3.10
2.53
5.51
23.34
17.17
2.59
6.53
3.58
12.21
8.53
3.47
12.15
8.65
10.05
3.56
3.00
15.19
3.58
2.99
4.08
7.07
4.60
4.03
2.52
17.30
10.53
3.10
11.13
9.11
16.27
2.48
10.72
5.00
8.15
5.99
13.66
17.80
8.51
16.67
6.09
2.53
9.16
8.06
8.67
6.99
7.09
8.58
13.63
19.84
9.01
9.61
3.57
12.60
9.09
12.76
3.42
5.70
9.50
13.15
13.76
4.07
2.51
10.59
2.60
3.02
2.55
9.63
14.23
4.96
6.52
2.59
7.14
17.15
8.11
4.13
3.90
10.20
10.63
4.08
25.17
9.07
8.11
6.54
3.03
4.08
15.74
20.14
15.19
7.69
8.66
9.51
13.11
10.13
3.10
5.00
18.26
3.06
6.05
10.20
5.05
16.68
3.50
10.13
3.99
5.60
5.15
8.13
4.43
4.54
5.12
28.32
2.97
3.03
5.09
8.06
2.62
3.99
12.66
6.59
10.12
13.11
2.58
6.03
10.21
3.47
4.10
2.49
6.58
5.18
2.91
4.13
7.07
8.69
15.01
10.13
16.16
9.20
4.99
3.12
3.45
17.32
15.64
8.06
12.74
10.05
4.10
5.57
2.54
8.59
5.99
9.65
5.02
11.18
15.33
2.47
4.03
21.16
6.13
3.99
6.10
12.17
12.11
10.16
2.96
8.61
4.08
8.57
10.09
8.03
7.64
10.58
7.13
5.57
6.06
3.05
2.46
12.13
11.20
18.77
13.56
11.14
18.67
8.66
6.04
12.64
23.28
20.81
2.44
3.11
5.03
5.02
4.19
4.93
3.54
4.08
7.57
8.24
2.40
12.76
7.52
5.11
9.13
9.00
3.59
17.72
3.95
3.08
6.66
6.53
5.52
4.07
5.13
7.07
2.53
2.56
9.59
18.63
14.22
6.56
2.51
6.53
4.05
6.07
13.17
5.52
7.15
11.57
7.17
11.14
10.07
8.13
9.22
16.63
2.51
2.99
6.07
5.03
5.61
24.22
6.62
12.66
15.15
6.64
2.96
3.10
4.49
7.06
14.66
12.67
6.56
2.99
6.61
5.57
6.03
4.13
3.98
6.05
9.18
4.09
4.50
22.77
6.11
16.20
21.22
4.07
7.60
6.04
5.13
8.07
3.48
5.05
3.58
4.01
15.72
7.53
11.16
6.57
6.69
9.00
8.65
4.07
5.45
3.59
5.02
3.46
8.23
10.64
25.69
17.24
2.97
5.61
3.56
11.08
14.63
11.11
3.62
2.51
5.51
3.11
12.12
14.18
11.69
8.99
12.18
2.46
5.64
5.65
12.57
8.07
12.11
4.67
13.61
5.06
3.57
19.12
55.64
6.56
3.60
6.03
14.66
2.62
6.05
4.01
6.06
3.03
11.18
31.90
8.71
3.98
2.59
7.14
2.93
5.70
10.51
2.52
15.30
6.57
2.47
3.46
22.25
3.12
4.03
15.67
2.99
3.55
2.62
10.07
24.27
15.69
3.49
5.13
2.95
2.59
4.02
3.61
13.18
3.54
10.63
3.99
5.55
5.09
8.60
3.10
17.16
9.06
4.69
4.42
3.61
7.09
3.04
27.29
54.10
5.56
8.51
17.76
2.98
17.28
11.55
8.60
8.75
3.45
7.64
4.04
14.25
2.94
7.61
3.04
9.10
3.02
6.06
2.63
2.51
10.05
3.60
4.09
4.07
3.50
3.11
4.47
6.06
9.15
6.13
3.05
8.08
3.47
8.65
6.53
15.20
5.05
3.09
2.97
4.14
8.54
16.64
19.75
2.49
7.08
12.66
8.08
18.40
3.46
3.48
13.13
21.24
7.12
7.55
11.12
18.80
6.59
5.02
4.10
8.66
11.59
3.55
8.12
11.19
4.05
9.07
9.12
6.05
5.60
6.50
3.63
4.43
14.81
13.56
5.09
12.16
3.47
5.12
7.13
5.60
8.04
2.46
8.62
2.68
10.57
3.47
4.55
14.70
2.67
4.45
3.57
20.16
15.75
10.06
2.51
7.60
10.19
13.64
20.78
2.97
14.16
5.12
6.60
16.10
5.65
9.00
4.05
5.05
29.90
6.58
8.10
6.08
6.60
2.59
3.96
10.18
25.76
12.18
9.51
4.03
3.11
4.03
3.08
6.58
5.09
9.06
2.56
7.03
10.09
8.65
11.12
5.05
12.70
8.57
4.64
23.74
7.60
2.58
8.13
9.59
12.22
4.48
14.70
16.25
11.63
2.53
6.10
5.57
6.55
10.06
4.11
4.96
12.68
3.56
17.17
4.67
15.13
3.51
14.16
8.05
12.72
6.52
15.18
6.54
2.57
5.56
2.48
5.14
4.49
4.05
35.91
11.14
13.23
9.00
16.68
6.13
4.63
12.59
23.31
2.93
7.58
7.09
6.56
12.63
19.76
16.62
7.07
3.60
4.48
8.59
5.55
17.70
11.71
10.06
5.05
4.14
2.98
4.67
18.10
6.15
9.57
5.57
3.10
12.63
4.54
9.62
2.58
6.57
2.48
8.56
4.63
6.55
3.50
24.31
11.60
14.72
6.54
3.08
2.48
3.09
5.49
8.64
3.06
10.66
8.58
3.14
13.11
17.64
3.66
7.07
28.93
2.39
8.60
12.26
10.57
7.54
10.17
10.12
5.57
2.51
2.56
14.72
15.67
18.12
7.55
9.64
6.05
6.06
15.22
4.00
5.11
7.64
13.66
26.71
12.17
13.11
8.56
7.56
14.17
6.56
15.67
6.61
8.09
9.08
14.17
3.54
4.54
3.03
10.18
19.17
16.22
20.25
4.66
15.09
4.49
11.09
23.75
3.11
12.14
12.16
6.60
4.06
8.11
11.04
6.56
5.70
2.45
8.06
16.28
6.09
11.62
6.98
8.58
6.58
2.52
4.64
6.97
16.67
3.06
24.26
18.23
2.95
6.11
11.10
15.86
5.47
6.55
29.29
3.55
11.73
5.52
12.11
7.08
38.41
12.13
9.10
3.60
8.05
7.62
8.03
3.04
2.59
28.77
3.47
19.24
3.51
7.11
3.58
2.51
2.55
5.03
3.03
12.17
8.02
10.15
11.15
5.05
6.62
3.05
4.52
5.59
5.62
3.98
3.15
27.18
3.61
9.54
6.09
2.52
5.11
16.70
3.04
3.46
11.71
14.72
10.06
7.09
6.54
3.14
2.89
11.72
3.52
2.47
5.04
11.19
5.53
4.07
17.16
12.21
15.09
8.65
2.53
15.07
10.64
21.28
10.21
6.56
16.19
12.27
9.03
9.06
10.69
2.48
10.10
11.26
16.58
8.10
6.58
4.10
2.44
16.24
16.72
5.50
4.55
5.10
4.99
22.85
12.64
14.67
3.05
3.98
6.61
4.50
16.67
6.15
9.07
3.09
2.48
6.07
32.37
3.60
6.17
18.66
10.14
3.51
5.08
2.99
5.55
2.60
12.06
13.18
2.55
11.68
2.53
4.45
4.06
12.11
6.07
8.17
8.02
12.13
13.66
3.57
2.51
9.59
21.20
11.69
4.99
5.14
2.50
5.56
2.52
8.08
2.54
10.59
17.82
3.96
34.89
7.08
2.52
8.19
6.51
12.08
11.65
6.13
5.97
5.56
3.17
6.50
10.56
3.57
4.59
9.61
4.95
4.12
3.53
7.57
5.64
20.16
3.54
11.60
4.61
18.67
4.64
13.68
14.68
2.51
2.57
2.47
7.12
3.13
3.51
2.48
3.58
3.48
16.19
10.69
14.73
9.98
7.56
3.61
4.08
7.55
3.99
5.63
18.67
2.57
28.92
19.70
8.71
4.95
14.67
3.10
4.05
17.76
3.98
15.73
7.68
10.49
5.18
9.98
17.76
12.61
8.54
4.04
10.09
7.07
7.21
11.59
3.49
10.13
11.17
4.01
19.70
4.03
35.40
8.57
6.58
3.59
14.65
8.51
7.63
5.71
15.01
4.62
14.73
28.36
2.47
7.04
5.60
10.61
23.25
7.54
7.11
20.25
5.58
4.03
3.04
7.57
4.04
17.75
5.60
2.52
6.02
8.69
3.50
3.99
12.13
11.60
17.73
10.10
6.10
7.54
9.65
4.47
4.15
8.02
5.13
43.44
2.99
5.11
4.01
9.65
10.59
4.62
5.48
8.17
3.97
4.63
11.05
17.31
2.90
7.11
6.04
4.56
3.47
2.53
3.12
4.99
19.23
4.10
7.14
6.55
10.58
3.62
2.48
7.04
6.64
4.50
5.07
13.63
2.62
8.02
6.13
4.51
5.62
4.52
2.60
6.57
4.51
3.62
5.57
11.14
6.57
7.57
5.12
5.02
3.51
4.06
6.07
27.86
3.61
5.04
8.17
9.54
5.10
7.67
4.41
7.58
3.09
19.19
13.14
20.88
8.60
6.03
6.56
4.62
3.98
3.60
5.01
4.12
4.13
23.15
2.99
6.56
8.10
10.67
12.56
2.58
12.73
2.41
23.37
8.62
10.11
5.49
3.04
20.29
2.99
6.56
3.57
12.66
8.52
2.58
8.55
20.76
7.10
5.71
2.44
11.07
12.63
5.58
10.21
5.49
8.13
6.08
3.12
8.00
2.52
14.12
15.71
2.59
9.57
5.12
5.03
10.17
15.54
28.93
16.25
2.48
9.15
4.99
5.61
3.09
3.47
7.10
11.20
3.50
13.68
5.60
11.10
16.16
5.03
7.67
7.07
3.61
10.07
5.52
11.21
8.14
2.45
8.58
7.59
3.16
14.64
2.46
7.55
3.08
3.00
10.07
15.17
6.06
7.09
4.14
3.48
6.02
6.57
17.17
10.59
6.17
6.10
14.66
7.05
12.11
3.62
6.55
10.60
5.05
7.18
12.07
2.50
30.87
12.69
8.11
8.59
16.14
11.12
2.51
15.67
13.65
5.07
2.51
4.05
6.13
47.96
2.62
32.77
2.63
4.02
6.01
10.20
5.97
26.37
15.78
10.19
4.93
5.12
3.03
7.02
5.54
16.16
4.09
9.09
8.05
21.27
6.09
4.62
5.57
2.45
3.03
6.07
4.19
3.92
23.29
6.05
15.80
6.09
3.45
3.08
5.04
7.58
11.70
10.58
4.63
6.04
4.03
38.41
24.35
2.40
24.91
3.47
5.13
6.08
8.00
2.97
5.10
7.54
8.60
4.67
5.46
12.60
8.17
12.55
11.21
25.78
13.15
5.55
3.04
7.22
3.53
2.53
3.09
4.46
6.05
15.79
4.03
7.13
4.42
5.10
5.66
8.00
11.69
14.08
6.58
4.14
2.95
21.29
2.58
2.94
39.97
7.11
19.66
6.10
5.59
10.60
18.74
17.16
15.30
8.17
3.47
20.15
2.51
6.66
28.38
4.07
8.06
4.00
8.74
2.96
5.04
11.09
14.66
5.65
17.68
3.09
4.03
7.68
5.41
6.10
14.74
2.49
18.67
3.09
8.56
7.17
2.87
4.15
5.48
6.07
7.08
10.73
13.53
3.97
4.18
2.39
3.63
16.62
5.14
15.69
3.04
5.49
15.69
7.65
2.53
4.04
3.52
4.49
4.13
2.49
3.59
2.48
5.20
4.98
12.59
4.65
6.52
5.51
3.54
3.06
11.66
2.48
7.63
13.14
5.04
5.15
8.61
7.11
4.46
4.11
5.09
19.21
6.53
39.49
4.97
7.06
20.20
4.60
6.08
3.12
8.53
17.30
6.00
4.08
5.59
3.48
3.10
16.62
12.17
2.48
2.55
2.55
8.02
5.15
5.47
3.16
5.98
3.97
13.69
6.58
4.17
5.50
19.19
3.05
8.12
15.24
8.13
11.53
6.63
3.18
10.01
5.60
2.92
3.11
2.99
11.65
2.48
10.69
10.12
7.49
12.74
13.68
11.04
7.49
12.62
16.80
3.05
9.03
10.68
3.96
6.12
10.65
7.60
3.55
10.18
4.99
12.74
6.56
5.99
2.58
5.06
3.50
4.56
4.08
10.63
9.54
4.09
2.52
6.70
3.42
20.68
6.55
11.68
4.03
3.17
11.47
18.69
11.62
31.55
4.46
3.54
3.06
15.16
5.66
4.51
4.06
8.14
14.72
5.54
2.54
13.15
4.08
7.60
3.10
3.49
5.11
5.00
5.11
43.35
16.71
22.80
14.64
4.02
7.57
4.08
5.63
5.39
5.57
5.09
3.01
3.67
11.07
5.54
8.08
10.13
2.46
4.64
3.55
9.02
17.84
8.96
7.08
6.14
8.55
6.08
3.01
3.09
8.54
2.59
3.04
10.65
3.56
2.43
19.86
4.40
3.55
4.05
10.10
32.96
10.59
6.13
10.14
8.03
5.04
6.64
4.50
47.58
4.12
4.95
4.55
19.83
5.07
9.65
10.17
4.97
6.66
25.29
4.53
3.08
19.81
4.04
12.14
8.53
10.63
3.03
6.60
3.07
19.70
6.56
9.16
18.21
7.10
2.46
3.03
4.11
10.04
6.16
7.60
12.06
5.06
4.21
5.98
3.02
17.65
10.59
7.60
6.15
8.01
7.09
4.61
5.01
8.58
3.61
5.62
12.05
9.16
2.47
20.29
3.02
10.14
3.44
10.13
10.06
5.18
6.44
3.52
2.58
3.56
19.78
18.69
3.63
7.04
15.73
6.08
10.06
3.55
10.07
4.11
9.65
2.43
8.61
2.64
15.10
11.05
15.69
2.59
13.13
30.89
2.51
12.74
3.06
11.58
32.42
2.97
8.13
9.63
3.63
6.51
10.11
4.12
6.59
35.88
3.51
5.50
27.46
9.07
3.57
6.08
15.57
6.57
13.19
5.01
3.54
9.67
3.52
4.21
4.90
5.13
24.83
20.58
12.66
3.63
3.49
3.17
7.00
5.54
3.00
15.72
5.62
3.03
11.22
17.08
12.71
13.12
14.27
3.38
6.56
2.54
22.85
6.51
7.63
12.15
14.62
12.18
26.27
4.52
3.09
3.59
11.20
10.45
2.53
16.78
3.06
5.53
17.72
7.58
8.72
2.96
5.58
21.77
5.11
5.99
16.81
2.40
3.59
6.59
13.62
10.68
8.61
19.73
8.54
4.15
3.01
2.44
11.15
15.24
4.09
5.52
9.12
13.11
2.57
7.14
12.02
9.26
5.92
3.04
14.16
8.14
5.60
25.80
4.03
4.05
5.56
9.70
21.31
3.52
8.59
2.56
16.62
9.59
10.26
10.57
4.10
5.10
10.66
6.10
7.50
6.60
13.18
6.59
16.22
7.11
5.45
5.06
13.65
8.11
3.61
10.61
3.01
2.59
8.55
8.02
7.57
12.15
5.18
2.41
4.04
3.04
4.06
7.59
10.14
5.65
18.67
2.59
5.00
2.67
8.48
5.58
14.78
8.94
3.51
11.12
9.09
16.76
4.51
9.63
6.06
5.03
3.55
6.54
5.12
21.15
13.17
3.09
11.14
16.21
16.71
4.10
7.55
7.09
7.11
8.61
9.55
6.65
3.96
10.20
8.59
7.01
7.71
9.95
2.52
8.67
6.99
3.11
9.04
7.63
15.08
11.70
16.59
22.72
10.65
10.15
3.14
4.93
13.14
5.58
2.53
6.57
5.04
6.14
6.59
7.61
4.05
6.99
4.14
2.93
2.66
9.96
8.19
9.00
4.54
6.10
7.60
24.78
8.19
4.00
19.84
2.89
8.60
7.59
4.08
6.11
4.99
2.51
27.52
2.94
2.49
9.16
6.68
10.03
2.50
13.23
20.19
29.85
4.07
17.68
10.19
17.69
21.16
11.71
6.01
3.53
3.02
28.30
14.15
24.34
3.06
8.56
15.71
15.19
20.75
29.83
12.14
8.61
2.58
3.52
7.51
4.15
8.00
2.51
6.59
3.65
2.43
12.71
2.48
3.02
8.21
4.49
5.58
10.61
13.26
7.52
2.60
14.13
18.72
4.45
6.64
10.61
6.51
16.24
5.01
19.34
4.00
8.05
12.16
3.60
14.15
6.54
4.48
3.10
2.95
3.55
6.64
8.16
3.41
12.29
7.61
2.38
5.64
6.57
12.10
7.56
5.09
10.23
8.03
7.53
7.13
2.92
10.19
7.05
2.57
8.53
5.22
7.44
5.12
8.09
15.57
18.18
2.63
2.93
2.53
5.69
4.05
10.10
5.07
5.54
9.57
8.54
6.10
5.62
11.07
11.71
2.47
9.67
5.57
3.45
3.54
3.11
15.16
6.13
4.95
3.04
10.70
8.02
15.74
6.07
10.14
6.22
4.40
16.27
8.69
6.00
2.46
2.55
10.68
5.52
13.08
6.65
11.10
11.65
5.55
4.10
12.65
4.01
11.20
2.96
4.16
9.02
26.37
3.55
10.67
12.01
6.57
29.36
12.15
2.47
3.14
8.66
13.65
19.64
23.98
7.91
6.15
5.49
7.18
3.54
13.24
3.91
3.58
2.98
3.62
13.16
2.96
8.17
6.07
10.12
22.67
5.61
2.55
8.66
15.10
8.59
3.63
10.51
3.04
14.18
14.66
12.66
7.09
5.02
3.54
9.67
9.55
9.04
4.05
6.15
2.92
11.33
18.06
3.17
28.79
3.09
5.10
13.61
5.50
5.60
8.61
17.38
11.51
38.53
2.46
4.11
15.73
14.67
3.97
5.55
3.12
4.45
5.07
9.63
3.09
7.55
19.21
3.10
7.50
5.14
15.10
3.49
4.14
22.27
8.02
2.59
2.61
5.90
6.58
4.09
3.00
7.09
21.82
13.66
2.58
14.67
9.54
16.16
6.09
6.55
3.56
3.03
10.65
7.12
7.62
4.54
3.52
6.61
6.02
5.55
7.65
3.09
10.60
14.75
9.54
12.64
14.24
5.09
21.29
5.94
8.20
7.07
3.46
3.03
3.11
19.77
7.08
11.03
12.73
7.64
11.17
8.64
3.97
4.11
17.69
41.06
2.54
4.98
32.41
8.65
2.94
9.59
7.74
5.95
5.04
13.66
2.60
3.52
8.52
5.16
4.49
4.54
5.66
3.48
9.63
6.66
4.48
3.56
15.16
8.09
2.51
4.17
6.53
4.95
14.77
9.60
6.62
4.95
5.06
15.17
3.15
26.66
2.59
8.09
5.51
4.70
4.04
3.95
2.60
11.11
3.02
6.02
8.13
3.05
7.53
10.66
8.07
4.49
9.08
2.62
15.13
6.70
11.49
4.04
14.75
5.67
2.91
6.08
6.57
7.06
6.14
15.67
2.52
2.56
8.50
14.67
3.53
3.53
4.06
5.14
14.68
9.05
3.07
3.04
7.12
3.07
2.43
2.56
4.51
4.62
6.01
15.28
14.72
9.98
28.39
11.03
4.04
10.10
3.66
11.52
9.63
8.13
9.61
3.12
11.03
4.17
3.97
3.11
17.13
3.06
8.72
3.41
2.67
24.75
3.53
5.00
14.74
3.05
8.57
3.01
5.05
10.70
6.00
6.64
4.51
4.06
6.54
5.06
4.64
6.05
2.58
8.00
3.03
23.35
4.48
4.48
8.69
3.08
16.68
8.62
7.57
9.62
10.64
14.70
2.52
8.54
3.04
3.55
10.61
10.19
3.62
15.52
6.62
2.44
2.63
4.95
5.07
14.70
8.64
5.54
2.53
8.03
9.16
23.72
23.81
3.60
2.97
23.74
2.65
23.15
4.63
2.55
4.02
3.02
23.27
4.14
3.49
9.07
3.04
6.11
5.59
13.07
5.05
8.64
5.09
8.53
12.17
3.06
4.52
10.65
4.52
3.60
10.12
4.04
7.57
7.16
25.71
5.63
9.54
4.14
4.98
20.82
8.11
20.17
20.79
5.10
9.49
13.15
4.61
2.45
4.04
10.60
4.61
7.60
6.03
6.07
4.02
7.65
17.69
3.16
5.53
12.54
13.69
11.17
26.37
13.12
20.14
4.61
9.07
11.83
6.41
5.59
6.12
5.12
4.97
3.55
10.12
7.09
4.11
18.66
7.10
13.68
19.79
13.20
5.06
6.62
16.63
13.82
2.95
3.57
8.52
2.53
29.37
7.66
15.26
4.45
3.61
7.12
9.09
5.60
21.16
6.04
4.54
8.61
20.26
2.59
3.03
4.47
14.65
15.22
3.01
2.53
6.06
11.76
6.98
14.16
3.04
5.49
4.07
14.16
23.92
4.49
2.59
17.11
11.18
7.53
6.02
8.67
12.55
4.14
3.49
10.69
4.56
4.49
7.60
5.59
12.68
3.49
2.57
16.63
7.13
5.18
7.12
20.64
3.52
4.19
6.94
5.05
6.16
5.15
13.66
3.39
2.61
4.55
6.07
19.89
18.62
12.23
15.59
11.26
34.35
4.54
16.69
2.61
7.07
5.00
3.07
3.57
3.48
23.27
10.15
11.19
2.95
6.64
7.02
10.24
28.23
11.56
2.56
8.67
4.95
9.72
7.01
2.99
5.04
8.58
2.53
16.81
8.55
3.96
8.23
3.91
5.59
6.56
4.53
10.12
5.14
5.51
3.53
17.82
6.95
3.62
2.44
3.60
7.06
4.98
4.08
9.07
19.34
10.03
4.20
4.90
4.03
5.13
3.48
11.68
7.57
3.51
7.08
9.30
8.50
13.17
3.57
6.00
4.07
3.59
19.37
15.51
20.33
10.59
20.21
24.70
4.04
10.66
6.05
10.71
3.98
5.55
3.09
8.15
5.43
7.06
11.63
7.62
17.23
3.12
3.42
4.56
6.70
6.03
3.45
2.54
3.54
2.55
5.08
5.18
8.48
2.52
11.61
3.60
8.61
9.57
6.72
5.51
10.00
4.18
29.30
17.16
2.46
4.62
7.60
8.56
2.64
5.44
7.12
3.07
11.55
7.11
4.53
12.76
3.41
3.07
5.52
4.07
4.56
6.51
13.23
16.77
5.51
6.59
3.98
18.20
5.55
4.62
10.03
8.11
2.59
6.04
11.05
13.64
7.63
11.70
6.53
3.52
10.17
4.03
6.59
2.53
12.77
5.03
12.55
7.15
7.50
9.20
10.02
16.16
6.11
45.45
2.61
5.06
3.52
10.10
5.07
2.53
6.05
11.68
5.15
3.50
16.26
5.46
9.62
8.66
11.57
3.64
7.49
14.24
3.98
2.63
11.11
4.05
2.96
3.71
15.16
12.17
3.45
2.98
15.73
4.49
11.65
5.66
9.99
16.29
14.13
16.72
8.13
2.40
6.12
4.51
12.64
12.15
4.65
6.56
15.64
7.09
18.17
15.66
22.24
5.66
20.20
2.99
10.72
5.52
7.60
7.07
19.17
17.34
2.45
7.66
6.06
8.09
2.51
10.21
26.31
8.14
2.51
7.09
13.20
10.54
5.05
2.55
4.20
11.47
2.59
32.83
30.31
4.55
13.68
11.19
34.80
2.64
11.07
4.51
3.03
22.30
3.04
3.52
9.66
23.76
12.11
5.99
11.12
27.35
14.14
26.69
7.60
7.13
23.75
5.56
4.04
14.14
17.28
9.63
6.58
17.17
5.04
9.50
21.79
2.52
2.68
16.04
5.58
7.19
6.01
14.74
7.07
7.07
2.96
3.04
9.15
9.56
5.53
20.32
33.36
11.70
6.12
2.47
13.69
3.51
2.57
2.47
6.62
8.10
7.03
2.66
9.06
13.63
3.51
8.09
3.12
11.58
8.68
10.03
12.73
5.48
3.03
20.86
3.93
11.10
4.10
11.17
18.79
7.67
2.92
8.12
22.33
5.04
6.17
4.90
3.09
7.15
17.59
2.60
15.17
11.10
3.07
6.08
5.03
15.66
8.17
10.60
2.51
10.65
4.11
2.53
4.98
13.15
5.59
4.13
10.47
9.18
10.12
7.58
4.02
14.64
18.19
10.61
4.57
8.58
6.07
11.13
3.10
6.99
3.61
5.99
9.13
13.17
4.54
10.10
5.13
12.05
13.63
6.58
3.52
4.05
5.07
5.53
15.67
5.05
17.20
7.08
20.25
11.22
7.01
9.62
5.06
2.57
11.61
8.07
3.05
8.64
6.03
4.55
5.02
9.59
5.55
4.05
3.54
8.18
12.11
5.51
10.63
2.49
12.15
3.03
9.16
4.00
6.53
5.56
16.68
2.55
4.04
5.60
2.49
13.07
2.59
10.05
12.17
3.50
2.53
8.65
3.50
2.49
16.19
8.70
4.48
13.74
5.49
9.60
4.05
4.05
6.66
6.51
17.16
9.13
12.11
10.59
13.63
10.09
4.04
7.10
3.06
5.56
8.11
5.47
10.12
6.07
3.55
8.10
4.04
3.11
25.72
10.54
16.17
9.16
4.97
4.01
6.64
2.45
4.53
2.57
21.23
15.19
5.59
7.56
12.04
9.64
