15.73
2.01
3.58
6.80
1.91
2.92
8.25
4.49
6.56
4.13
5.18
16.31
1.61
14.29
2.05
9.92
12.69
2.04
5.04
25.63
1.48
4.03
7.08
10.04
2.06
3.55
9.07
1.99
5.54
3.56
17.72
6.16
2.41
6.52
1.49
2.56
3.51
19.18
2.06
9.08
2.03
3.55
2.14
3.56
2.91
3.06
3.51
10.56
4.56
5.02
10.13
2.04
3.04
4.55
2.03
9.60
31.85
8.11
11.07
9.70
4.39
2.55
2.03
2.56
16.22
1.93
34.31
6.11
3.56
2.49
5.07
5.05
21.68
3.48
3.05
2.54
3.54
4.59
8.59
10.14
3.02
7.60
14.63
2.00
2.04
19.69
3.56
2.99
4.05
4.05
20.64
48.07
2.11
7.08
1.44
1.99
12.48
13.75
2.45
15.16
6.56
6.08
15.66
1.64
11.10
16.03
11.57
1.49
24.74
9.11
12.24
12.88
7.49
6.87
8.60
2.46
3.12
2.01
7.70
8.05
15.55
24.69
9.58
1.52
5.59
5.05
3.51
8.56
8.07
7.61
13.61
9.04
13.80
8.12
1.88
5.07
3.05
4.49
4.53
13.20
1.40
15.69
3.52
6.55
11.13
3.00
6.60
13.16
6.09
14.18
17.17
9.15
7.13
10.54
4.54
19.58
5.51
3.04
8.08
3.02
15.18
35.83
1.51
8.05
11.62
2.00
5.53
19.21
6.54
3.10
6.59
7.09
14.66
13.56
2.98
4.55
2.00
8.14
11.18
3.62
3.97
2.05
4.04
13.10
5.07
1.49
7.60
9.63
1.46
27.77
1.55
15.08
7.60
1.54
9.68
1.98
3.01
3.12
5.52
13.54
5.00
4.55
21.72
5.56
6.58
5.55
2.08
4.11
2.53
4.49
13.68
12.60
3.53
22.66
1.52
4.08
10.65
24.82
2.96
10.65
19.69
16.15
8.08
25.27
4.05
16.65
7.60
2.08
13.10
8.03
14.63
8.05
8.60
2.50
16.69
14.13
20.15
1.52
2.66
1.47
4.55
1.52
2.02
7.51
13.63
7.17
1.58
1.92
7.56
3.46
2.56
3.09
1.98
4.56
9.58
8.23
14.18
7.53
9.15
1.44
1.49
7.08
3.00
5.08
19.19
7.50
21.30
2.63
6.45
7.47
2.49
12.14
2.08
8.63
5.02
8.64
5.53
5.01
7.60
5.52
6.08
7.07
16.18
3.57
1.98
8.10
28.35
2.48
7.54
2.53
2.54
1.50
11.08
1.54
2.59
5.09
7.56
10.56
6.54
2.06
12.08
2.56
4.57
2.52
11.08
2.01
15.62
4.59
3.02
2.99
7.60
4.57
9.09
3.53
5.57
11.61
14.64
16.69
11.10
37.83
2.04
2.95
10.10
10.64
7.53
1.97
5.02
14.66
1.52
5.04
7.05
2.55
23.74
9.60
9.63
27.79
1.47
1.51
12.62
2.09
6.59
3.08
3.02
3.01
3.05
6.03
3.03
20.14
18.75
8.98
12.65
3.64
1.46
7.12
24.75
2.53
5.57
10.10
4.04
6.06
11.07
2.51
12.59
5.11
6.07
2.00
7.61
7.54
3.54
11.07
4.51
1.54
1.52
2.50
10.58
8.63
10.62
16.68
4.56
15.14
3.58
7.14
2.47
5.03
2.58
5.09
7.53
2.99
4.57
1.54
9.10
8.59
2.57
5.52
2.50
1.49
4.52
1.99
2.04
2.08
5.56
5.00
5.04
2.52
15.71
3.04
7.56
5.07
7.05
7.60
8.58
9.17
6.08
4.40
1.51
3.02
2.05
4.59
27.22
3.09
14.25
7.53
16.13
5.54
5.05
3.06
6.07
1.50
15.14
7.12
9.12
1.50
31.30
4.48
7.10
12.14
4.02
3.52
16.65
4.53
3.54
2.51
1.98
1.54
12.63
13.15
11.63
12.59
8.14
21.26
4.09
2.48
1.46
1.55
7.57
10.64
17.15
10.05
14.68
4.11
7.01
9.12
2.03
4.53
5.55
19.70
2.01
1.52
2.50
10.74
1.36
11.64
6.57
4.51
10.13
3.22
16.19
1.99
10.12
26.30
6.13
11.09
5.60
30.61
3.95
1.54
12.19
9.57
4.50
10.67
6.58
6.09
1.48
4.01
1.52
15.58
15.20
11.15
3.04
21.71
17.13
3.08
7.65
9.06
1.98
2.50
10.58
15.21
4.04
1.52
23.24
17.67
5.03
5.04
7.04
4.07
3.61
7.68
9.03
11.06
6.11
15.63
1.48
4.51
4.53
1.99
3.10
15.14
3.01
4.10
2.02
4.56
11.12
4.04
5.01
1.99
9.56
4.04
2.59
3.54
5.98
15.60
5.07
13.13
10.17
3.47
7.56
1.55
2.02
10.59
2.52
7.72
3.42
8.53
2.08
11.17
26.32
2.02
5.45
20.69
2.11
10.65
1.51
3.47
16.66
5.49
5.07
2.57
1.52
1.53
2.49
1.52
1.48
14.71
13.59
3.02
5.05
2.51
3.60
9.62
13.57
3.57
20.70
31.31
6.66
6.54
16.11
2.57
5.45
7.65
6.57
4.07
12.08
1.47
12.11
7.11
2.48
15.63
22.75
2.54
28.81
8.13
7.14
29.38
9.09
13.57
2.98
1.54
17.78
2.04
1.99
2.90
4.05
8.05
5.09
3.52
6.08
3.13
2.54
11.69
4.03
2.95
3.59
4.12
2.52
13.01
7.03
2.52
11.57
5.05
15.14
1.52
9.03
9.10
14.65
9.10
15.69
1.98
8.58
8.57
6.54
8.11
5.14
4.04
2.42
4.57
7.04
4.04
18.22
9.59
7.09
4.08
7.50
4.47
3.58
7.57
3.55
17.13
7.07
6.53
4.61
3.54
3.97
12.67
2.51
18.15
4.10
1.53
12.13
2.06
4.53
3.54
10.53
7.03
2.65
8.08
6.00
8.11
4.56
2.00
5.05
6.07
2.02
13.13
18.64
4.03
5.57
5.60
1.98
7.08
5.59
1.95
10.58
11.12
6.05
8.07
9.57
22.26
11.10
4.08
1.55
1.98
5.07
2.54
7.55
13.65
2.46
11.65
2.00
3.52
7.58
6.71
8.58
1.52
35.33
3.52
8.08
3.06
9.15
21.06
11.60
8.03
8.14
6.58
6.07
9.05
2.02
2.06
2.05
6.46
24.17
2.54
5.59
22.20
12.19
6.56
18.14
6.05
4.05
1.98
28.71
5.11
4.50
14.65
5.01
2.61
6.05
25.80
13.08
18.16
10.08
2.54
7.12
30.82
7.64
2.00
5.56
9.06
1.98
15.62
6.04
3.54
18.70
2.54
16.73
5.59
6.58
1.49
6.04
9.06
4.55
2.05
2.03
5.01
7.16
13.11
8.14
8.16
16.56
2.47
9.09
9.69
8.53
10.14
31.81
1.51
9.15
9.54
2.51
1.53
16.18
14.59
9.08
2.58
6.04
3.55
7.54
6.59
7.07
3.59
4.55
3.58
1.49
2.01
2.50
6.10
1.47
9.55
3.56
12.74
4.56
3.44
3.04
11.66
2.59
27.79
4.49
14.10
1.47
2.48
5.07
2.48
10.62
6.07
2.07
7.04
25.76
2.11
1.99
2.96
23.77
4.55
4.08
5.07
2.98
3.61
12.13
12.13
10.07
9.07
25.24
18.68
1.54
2.13
6.56
3.00
4.44
5.11
3.49
11.13
14.18
8.09
4.01
12.65
1.99
3.56
3.04
4.54
4.03
4.08
6.53
7.58
3.60
2.99
8.53
6.07
7.08
12.59
4.01
11.65
4.02
2.53
4.56
2.05
19.75
3.53
7.56
8.60
10.66
9.04
16.63
5.53
5.53
6.08
11.63
11.13
11.69
4.05
2.56
10.56
4.58
2.02
6.00
2.48
9.62
2.59
10.05
10.68
4.52
12.18
1.98
1.43
16.61
2.11
8.52
14.22
2.46
27.84
11.08
5.04
5.06
6.67
10.10
6.11
6.01
3.07
7.52
13.54
2.00
5.56
7.11
2.01
12.11
17.74
4.47
1.53
11.66
6.05
10.68
11.62
15.14
3.97
4.61
3.01
8.57
10.12
7.05
5.01
3.04
2.56
1.97
14.13
8.07
20.18
5.56
15.18
1.99
4.12
7.06
9.63
3.06
4.04
10.06
22.70
8.62
22.71
5.55
2.50
3.01
7.06
7.58
2.03
3.52
12.11
22.74
6.60
3.53
12.69
1.50
3.04
8.64
2.08
1.48
1.50
10.58
7.06
10.57
3.54
5.07
2.53
6.57
4.02
9.20
26.81
10.11
3.09
2.99
11.66
2.95
19.60
7.60
2.05
10.11
8.61
3.50
17.74
2.55
14.62
1.54
14.71
12.64
18.68
15.19
3.53
2.53
20.72
11.14
8.57
4.47
1.60
10.59
1.45
1.49
6.55
6.10
4.57
2.46
3.04
13.17
7.03
7.62
9.61
4.52
3.02
8.08
3.02
2.56
3.65
3.48
2.41
2.07
3.10
31.37
4.04
4.53
2.52
1.52
10.59
11.09
5.12
27.25
2.03
15.21
3.50
1.56
14.04
12.13
15.70
1.52
11.60
4.58
2.56
11.51
21.73
5.06
33.86
5.05
4.10
2.01
2.93
5.02
27.33
4.58
8.14
6.09
9.60
4.53
16.62
1.52
10.69
4.43
9.04
19.23
5.60
10.05
9.07
3.07
18.27
4.03
5.05
3.09
10.58
1.57
20.19
12.55
1.57
8.08
6.55
16.63
2.53
3.54
3.55
11.20
4.49
4.48
11.10
10.16
12.62
11.63
10.11
2.53
6.61
3.55
4.57
4.55
5.01
11.08
9.55
2.05
8.56
1.55
2.50
4.51
5.09
11.17
4.48
2.52
25.26
12.63
5.62
13.10
12.61
3.05
15.66
32.38
3.51
18.10
2.50
15.20
14.16
9.14
4.02
4.06
2.03
6.09
10.62
3.00
6.59
5.62
3.45
6.07
27.85
34.86
2.91
2.53
5.02
6.60
9.76
21.24
3.43
13.64
8.01
13.61
4.59
2.02
2.53
1.52
5.10
2.03
13.20
11.58
1.56
15.63
6.57
4.15
27.69
3.98
10.00
4.51
5.55
3.05
8.64
7.08
1.97
4.50
1.55
1.98
18.19
2.60
5.09
17.73
12.10
6.54
18.12
7.09
3.47
6.09
10.15
3.56
2.52
25.71
8.50
6.63
14.15
20.71
13.58
9.13
4.52
12.09
2.56
1.52
9.61
7.56
10.64
2.51
9.59
12.10
5.57
40.86
11.63
1.65
10.59
2.04
6.99
3.01
15.73
2.04
6.54
1.54
15.14
3.06
11.54
12.21
1.98
14.60
7.57
4.07
1.54
20.75
9.09
1.58
5.09
1.53
8.60
4.07
1.50
4.54
8.60
3.59
3.52
3.47
2.03
27.75
5.07
1.52
3.55
1.51
7.13
17.23
1.46
20.23
1.50
11.07
13.12
10.11
5.09
5.04
2.01
2.48
13.07
12.58
6.63
3.08
6.07
4.07
2.57
1.56
1.45
8.00
3.51
2.51
2.05
8.54
14.17
11.67
1.96
12.23
1.48
10.12
1.55
2.97
1.52
23.71
15.57
7.05
2.53
14.32
11.69
12.65
3.39
1.52
5.04
9.11
12.14
6.56
2.05
10.64
11.63
7.05
3.03
11.60
10.09
3.50
2.00
2.03
1.58
15.15
6.51
7.59
2.04
22.70
7.04
15.63
12.11
11.07
4.60
10.10
8.59
1.55
3.01
9.54
4.55
9.62
5.60
11.12
2.02
7.02
17.67
8.54
8.10
9.59
3.08
2.00
17.26
2.54
1.56
4.94
26.84
15.65
3.05
6.07
22.31
3.48
13.71
1.99
19.70
6.05
2.01
2.05
4.06
5.01
9.08
9.61
4.01
1.58
1.48
6.05
9.06
5.06
6.09
15.71
8.04
22.27
6.09
2.99
2.01
2.52
3.65
11.60
5.03
10.53
5.58
4.53
3.56
33.84
2.06
19.24
15.76
5.05
13.18
2.51
25.19
4.45
3.63
7.60
4.05
5.59
2.47
11.03
6.04
13.63
4.54
5.59
7.08
16.65
1.52
19.24
4.55
6.65
2.01
17.14
3.56
11.05
10.12
3.13
4.67
7.56
6.55
1.51
8.09
3.03
2.53
13.03
5.55
1.47
4.64
10.58
3.04
15.19
3.54
2.53
3.03
2.49
8.09
16.59
2.51
12.10
14.16
16.67
7.55
4.55
3.01
4.59
4.56
4.03
11.67
2.53
2.46
2.05
4.09
9.18
4.95
10.67
8.55
3.51
1.52
10.15
1.45
7.58
10.59
3.05
3.52
7.09
4.07
2.03
17.11
15.68
2.07
3.45
21.75
2.49
5.52
3.59
7.13
26.83
3.01
9.56
5.03
2.99
4.55
3.03
10.70
6.50
5.47
4.07
1.50
4.58
16.75
2.49
3.59
10.66
9.55
6.55
14.62
17.15
8.65
6.62
7.01
2.62
14.12
8.06
4.02
6.60
8.05
10.64
1.52
1.53
4.01
26.19
18.72
12.63
21.22
4.15
8.11
3.95
3.02
13.09
3.55
9.58
1.49
7.22
5.62
5.40
2.55
10.64
3.97
5.52
10.61
2.03
3.54
2.49
6.05
2.54
3.53
8.57
1.55
9.61
22.27
11.18
8.70
11.09
30.85
10.06
4.52
7.04
3.03
2.55
7.59
5.06
6.11
11.64
1.54
4.98
9.02
2.07
5.07
6.00
6.05
29.22
1.55
9.68
7.57
14.18
6.55
8.09
12.03
4.07
4.51
1.61
3.59
11.05
11.02
12.54
6.08
4.18
1.52
1.40
6.06
3.58
1.47
3.03
1.51
1.99
10.11
2.57
3.04
2.05
1.97
2.57
6.61
5.58
4.53
7.02
4.61
15.62
1.47
14.61
8.56
4.09
1.53
12.65
2.49
6.58
5.07
16.09
9.20
15.12
4.43
3.60
5.51
16.25
1.55
17.64
9.55
15.15
1.59
6.05
4.94
16.65
6.61
4.99
7.10
17.20
2.48
5.09
6.55
4.10
4.00
7.54
2.55
6.09
2.48
14.63
15.66
5.65
2.93
9.65
17.15
4.57
14.12
16.65
11.61
2.05
19.67
9.59
6.49
5.05
4.02
7.07
14.16
9.59
2.05
9.63
4.04
22.25
3.53
9.58
10.58
4.61
2.54
6.09
7.03
2.04
5.55
8.58
4.51
5.09
6.60
8.06
20.73
11.63
3.53
5.54
7.02
23.76
7.53
12.19
4.53
1.51
2.52
5.52
29.87
10.15
10.16
2.46
2.07
7.04
9.04
21.20
22.22
4.01
15.68
3.51
5.08
2.53
21.22
4.05
9.08
11.07
4.01
13.21
2.03
25.73
31.79
5.64
1.42
13.64
2.02
3.04
24.27
4.07
6.05
12.11
6.08
14.68
8.11
24.75
2.48
5.56
1.54
6.55
18.14
4.04
30.26
10.12
1.53
31.85
1.62
1.41
10.63
2.52
19.21
1.52
4.02
4.59
7.23
6.67
1.38
10.07
2.03
7.57
1.51
2.03
12.47
1.54
6.54
23.79
10.05
26.30
20.74
3.06
2.00
6.65
6.08
5.96
4.52
8.58
7.55
8.22
10.59
3.42
5.09
6.07
6.06
9.15
5.05
7.54
12.14
9.60
2.07
7.08
2.02
2.05
15.75
12.58
14.66
3.02
10.16
12.60
1.49
3.08
8.56
2.97
12.16
4.05
5.07
10.11
8.47
4.03
7.10
2.53
7.62
3.47
7.06
2.46
18.74
11.17
7.58
7.51
1.52
4.06
6.05
14.14
12.16
6.02
8.64
11.65
1.50
2.48
2.01
5.69
6.56
2.10
11.10
4.47
1.57
15.09
4.98
9.05
19.34
11.12
18.76
7.49
4.01
2.04
6.03
12.68
9.09
4.97
12.68
4.54
8.51
1.50
14.68
6.59
13.67
5.55
5.01
7.60
10.04
5.54
8.66
14.59
4.11
10.07
22.29
8.10
2.92
3.02
3.02
4.55
3.08
5.03
5.57
21.67
8.54
2.00
2.56
6.59
6.06
10.11
4.64
5.94
13.60
6.07
14.63
4.61
6.59
2.94
11.09
5.59
1.48
12.16
5.53
7.11
8.53
17.76
1.54
4.02
6.16
7.56
4.03
4.47
2.01
3.53
10.10
2.51
12.61
9.09
2.99
6.61
3.02
4.06
3.54
15.64
5.59
1.51
5.58
10.66
12.09
6.04
28.84
3.50
8.07
10.58
5.56
7.56
4.56
11.14
4.07
5.56
5.59
1.52
2.52
6.03
6.55
12.15
9.13
4.50
1.51
12.61
1.52
2.02
14.60
2.56
5.54
7.59
3.49
2.52
2.02
1.50
11.60
3.10
3.01
14.70
15.14
10.54
15.67
2.96
4.56
3.55
9.59
5.12
2.51
6.54
1.53
6.56
9.02
6.55
8.66
2.51
6.56
10.10
5.03
6.54
8.57
3.54
2.00
18.17
9.65
3.02
5.08
4.00
4.58
7.60
1.50
10.07
3.54
6.56
6.06
8.10
1.49
7.58
9.07
7.58
1.48
8.08
14.20
9.20
15.63
12.53
6.06
12.16
16.12
6.55
2.49
4.08
8.51
8.59
1.97
2.10
3.44
10.07
11.17
4.06
5.61
7.56
14.14
3.49
15.63
1.50
8.66
27.63
12.11
3.62
8.02
2.04
8.15
3.47
9.02
1.52
1.99
2.56
15.70
11.63
1.44
6.11
11.56
7.56
5.10
4.58
4.00
7.67
6.03
5.51
5.06
1.48
2.01
12.16
2.59
2.09
8.56
2.45
4.03
9.12
7.03
2.45
17.65
10.09
1.52
9.67
11.63
10.59
3.05
14.16
3.52
7.63
4.08
3.46
1.96
2.54
4.03
3.06
1.98
3.03
29.81
12.65
11.09
2.53
8.13
2.50
5.51
12.69
5.08
4.52
6.62
3.09
1.47
5.02
6.10
15.17
2.01
6.03
2.01
2.52
4.98
3.53
3.05
3.59
3.12
7.62
2.98
3.46
16.19
12.10
10.08
7.55
5.59
10.60
4.60
7.08
4.09
1.97
4.53
4.04
11.10
1.53
1.52
3.50
19.25
7.01
1.45
5.51
10.12
10.68
12.17
3.03
5.55
8.07
5.02
9.66
13.63
5.01
5.57
23.22
2.01
15.14
4.59
1.52
1.52
17.68
6.04
8.65
6.61
12.17
17.11
1.98
5.55
28.81
12.52
4.11
7.59
7.45
6.54
4.10
5.59
16.18
1.99
1.57
2.99
6.51
2.50
4.03
2.03
13.12
1.50
2.50
3.15
2.61
2.93
8.08
3.05
6.98
1.51
7.60
7.62
6.52
3.49
6.04
4.55
24.73
26.20
12.19
3.02
3.49
25.75
1.53
10.62
2.03
4.52
24.26
25.24
12.62
2.08
5.04
5.56
3.04
44.97
1.56
7.62
2.00
6.60
11.61
5.05
12.20
10.11
9.08
5.50
13.04
1.57
8.55
3.06
4.56
17.13
3.05
13.71
1.99
2.06
19.69
9.07
4.05
2.00
1.50
7.06
6.58
4.61
6.69
1.92
3.54
3.10
15.69
13.02
5.58
4.53
9.12
3.04
3.03
8.96
5.58
8.55
4.01
13.64
2.50
4.56
6.57
6.56
14.09
2.06
4.07
16.19
4.03
4.61
10.62
7.50
7.04
20.73
4.56
8.60
9.55
5.61
12.13
4.59
6.08
1.93
4.08
3.01
6.11
1.96
2.99
1.51
3.04
10.63
3.03
8.24
2.60
4.45
5.04
17.16
3.06
3.03
4.59
3.99
1.95
21.65
2.54
7.62
2.98
1.97
12.16
2.53
5.04
1.51
9.23
3.06
12.57
15.72
13.18
5.05
7.09
3.48
2.04
15.19
14.70
27.76
2.55
2.52
4.05
17.61
3.50
19.69
9.62
5.09
7.08
3.52
4.08
4.00
9.63
2.51
6.55
9.14
4.07
17.70
3.00
1.50
8.58
4.56
2.52
10.11
19.18
3.05
5.02
3.06
9.62
10.09
27.28
1.99
2.02
9.14
13.13
2.51
9.10
11.06
17.13
1.52
7.08
5.62
1.51
14.17
7.06
12.63
9.05
18.72
3.06
6.05
7.13
3.46
2.99
20.24
14.17
6.04
7.08
5.04
18.75
5.55
3.59
1.49
16.16
4.08
3.51
15.18
7.56
4.00
8.14
9.01
3.59
11.65
15.21
2.98
6.01
3.61
5.05
1.54
2.12
17.66
1.46
4.41
3.09
15.58
7.63
3.99
7.03
5.08
6.53
1.56
10.58
3.10
18.12
32.81
2.49
9.60
1.54
2.48
5.45
1.56
21.23
9.58
13.63
2.04
3.09
3.53
11.08
4.57
13.09
1.99
18.18
4.08
21.31
6.03
1.48
14.71
10.53
4.57
9.26
1.46
1.96
7.04
1.45
10.57
9.63
12.20
3.41
5.05
1.59
9.11
3.98
4.49
4.59
6.56
4.03
5.56
3.49
10.76
10.64
10.53
3.54
25.79
3.02
4.52
18.21
9.60
4.56
5.16
11.61
4.04
3.04
26.77
1.56
13.06
7.10
6.00
1.52
6.10
10.68
2.95
11.10
7.63
2.93
4.51
5.07
13.17
8.09
18.70
6.59
4.01
6.50
3.01
6.10
6.62
6.06
14.27
35.89
2.51
9.56
12.05
5.61
4.01
3.08
16.69
6.59
17.68
7.12
3.00
16.65
4.53
5.06
2.04
5.55
1.56
19.09
2.55
3.08
11.10
4.14
5.51
5.98
2.46
10.17
4.47
6.68
15.69
1.92
1.63
5.07
49.49
6.45
5.01
2.11
6.06
3.57
2.90
2.00
3.59
4.10
2.01
15.15
11.07
7.53
17.70
25.76
10.58
1.56
13.10
21.73
4.05
5.12
2.98
1.95
10.14
6.05
6.58
3.51
3.55
2.53
9.57
2.05
8.54
19.68
3.60
2.03
22.22
6.08
6.53
4.02
11.09
3.49
9.66
6.57
3.99
2.02
2.54
16.70
4.53
8.01
7.13
16.25
4.55
3.50
5.09
7.55
2.04
5.05
2.48
3.55
19.76
18.68
2.02
7.59
1.51
8.65
1.98
3.53
4.02
2.01
6.11
6.59
2.02
9.57
4.02
2.00
3.11
8.13
3.49
13.09
6.49
3.55
3.94
13.19
2.45
1.59
17.18
18.17
11.06
9.59
1.54
5.03
2.02
5.58
14.76
4.52
2.40
2.53
15.20
7.12
11.16
5.06
4.04
5.05
19.63
11.07
2.57
6.04
1.55
15.60
7.56
6.15
1.43
18.72
1.56
4.03
6.58
2.51
10.59
2.06
3.03
1.52
8.56
4.04
9.03
1.51
3.17
17.66
6.61
2.98
5.59
9.63
17.64
2.00
3.55
25.68
5.07
6.04
10.58
4.03
17.63
7.12
14.16
25.33
1.50
4.03
3.04
11.58
2.53
4.04
2.01
1.51
12.17
5.07
2.47
2.48
2.63
3.98
23.71
1.55
9.12
17.73
3.52
1.99
16.12
3.57
14.61
6.56
12.54
15.13
4.60
1.99
5.60
5.08
15.18
6.01
2.99
8.57
6.57
5.03
6.58
9.06
6.06
8.12
10.65
6.52
11.51
16.18
8.63
6.69
5.08
3.39
4.54
18.24
13.17
13.68
2.51
2.56
3.51
11.07
3.00
9.12
16.16
7.09
3.03
18.64
27.24
4.05
10.04
2.54
9.10
4.04
2.49
15.67
13.73
2.03
5.02
5.59
34.32
3.53
2.46
18.17
6.13
1.44
2.00
4.55
7.61
2.03
6.09
2.04
10.07
4.01
15.65
7.10
2.52
3.03
11.60
1.52
7.56
3.57
8.72
7.07
2.92
12.73
5.57
9.15
3.05
6.06
5.06
3.46
14.67
7.60
6.05
4.48
6.09
4.50
9.19
3.51
14.22
6.53
2.07
6.04
6.58
8.51
3.06
1.49
6.05
1.50
1.52
3.07
14.67
3.50
8.11
10.13
3.52
5.03
26.32
7.07
13.12
2.03
9.57
5.07
2.50
2.03
17.20
7.63
18.68
4.58
3.55
1.44
6.58
7.54
11.62
18.16
11.11
35.93
23.25
7.09
5.05
10.10
3.59
4.07
9.59
6.11
5.13
1.49
2.42
2.47
11.58
3.03
6.54
4.05
3.56
1.49
1.51
2.04
2.53
3.51
8.63
1.55
2.05
4.52
6.59
12.66
5.07
5.02
1.50
2.02
13.11
2.53
3.54
5.01
8.63
5.45
17.65
4.09
6.01
3.04
27.27
5.61
24.38
5.51
6.93
5.56
3.60
10.62
3.04
34.93
2.04
14.60
6.51
2.55
30.27
5.57
2.49
2.06
2.53
2.58
9.52
10.58
6.13
1.99
3.13
12.18
5.51
2.48
8.03
15.07
17.71
2.50
2.47
14.11
2.55
1.51
6.05
9.05
3.05
12.15
4.01
4.06
11.14
9.06
5.08
3.10
12.17
40.34
2.01
1.49
3.55
8.55
2.57
7.08
2.59
2.00
12.66
14.13
7.05
7.52
19.18
14.06
5.09
17.76
8.61
2.04
2.02
5.55
32.29
2.07
17.72
14.09
4.04
2.04
5.61
7.57
4.54
2.06
2.51
10.19
14.60
9.49
7.07
14.65
2.08
4.00
5.61
9.64
7.52
1.51
6.52
3.02
2.05
1.49
17.20
7.07
10.15
2.05
12.15
1.52
9.55
21.81
7.60
4.08
10.74
11.14
8.54
2.49
3.85
8.07
8.61
6.06
14.27
3.46
5.02
2.11
2.54
18.70
7.61
2.03
7.00
3.49
2.56
7.61
8.05
2.50
9.62
22.21
25.76
5.54
1.99
5.03
3.53
10.10
11.68
4.61
5.08
12.11
11.09
14.05
4.58
9.09
5.63
11.64
22.67
5.59
1.54
1.49
13.16
12.59
1.49
5.08
28.22
2.04
12.11
6.06
2.05
4.57
1.50
1.53
10.57
3.54
3.66
6.57
1.48
15.08
9.07
1.93
23.76
8.10
19.67
12.63
9.15
25.24
10.05
4.01
5.59
5.07
5.05
5.55
6.65
8.59
12.66
11.50
7.06
2.06
1.51
11.06
4.09
1.95
10.60
6.65
5.06
2.50
6.51
4.06
5.54
12.11
37.46
15.12
12.16
17.20
5.04
6.61
6.51
4.51
3.60
9.60
5.10
11.14
11.14
4.02
12.08
2.00
1.99
4.57
3.53
6.59
13.21
11.66
7.11
2.45
2.97
4.02
20.18
1.53
7.67
8.60
6.51
1.55
2.04
4.52
12.20
1.98
7.53
3.53
2.03
25.66
13.66
12.67
5.01
4.57
1.52
3.48
2.55
28.36
3.06
2.51
7.52
4.53
10.10
13.65
10.13
2.51
3.60
14.13
16.70
9.06
14.60
2.60
15.75
3.48
6.07
11.63
13.15
1.92
6.56
2.57
9.11
12.69
28.24
9.04
2.51
13.58
3.57
1.53
3.50
11.64
2.49
9.08
6.59
8.68
7.06
10.13
4.45
3.47
3.55
6.58
9.50
4.07
1.50
4.02
3.01
2.59
1.52
12.15
3.49
3.53
6.06
11.13
13.11
11.04
13.10
2.53
1.54
7.07
5.57
2.55
10.14
2.97
3.60
2.96
2.04
17.72
15.10
7.60
3.00
4.05
15.69
2.50
19.71
3.50
1.48
9.05
1.51
11.65
1.50
15.12
9.64
3.01
14.11
13.19
6.12
20.67
5.65
1.99
10.06
8.14
19.12
2.56
2.55
14.63
3.49
8.13
1.43
7.11
11.62
4.56
1.99
2.54
9.52
6.09
4.14
7.56
5.05
9.11
19.58
14.57
4.10
1.47
24.33
9.65
2.46
18.64
15.15
5.12
2.49
20.22
10.14
5.53
7.09
6.10
7.58
5.01
10.69
15.73
4.95
1.52
6.99
17.66
8.66
1.98
2.52
10.58
4.50
4.59
3.57
7.07
9.59
14.16
45.51
6.07
1.50
5.55
20.69
6.57
4.03
6.56
4.53
1.56
6.04
9.68
11.66
4.55
4.46
1.47
2.59
3.55
2.03
3.05
3.07
18.23
2.96
1.50
3.53
3.47
3.55
7.71
5.11
1.46
35.87
13.54
16.10
7.54
10.55
7.09
6.02
10.14
3.55
3.46
1.54
11.62
4.54
2.50
5.57
7.61
4.03
5.07
7.63
5.55
19.72
5.11
1.66
4.95
11.07
5.95
3.07
3.56
4.50
4.61
3.09
2.54
2.01
2.55
4.48
6.60
23.31
1.93
18.67
2.00
8.07
2.56
8.14
5.04
4.68
5.40
15.25
8.64
1.98
5.64
9.26
2.37
4.91
13.12
12.17
11.60
12.63
2.53
5.06
4.06
1.59
18.68
2.03
4.96
3.51
7.62
26.31
7.14
3.06
7.57
2.47
6.07
2.03
21.75
7.11
19.68
6.57
1.59
3.59
1.49
5.00
11.54
1.54
3.55
5.57
7.54
10.60
2.51
6.03
7.11
10.64
5.62
1.98
1.99
16.64
7.58
7.64
5.07
6.00
15.65
5.00
4.11
10.65
1.99
2.53
38.42
1.47
1.99
6.00
3.06
4.54
3.50
8.63
3.09
4.01
8.66
1.55
9.58
2.47
3.54
3.51
2.08
1.53
5.96
2.07
15.13
21.16
2.60
9.10
2.49
2.55
1.99
13.13
11.49
1.55
6.05
8.68
5.59
14.06
4.59
13.09
4.03
5.50
17.16
3.07
1.56
11.14
2.99
7.00
2.00
8.17
24.31
1.94
2.97
11.17
1.98
6.02
8.60
4.09
7.07
3.02
6.08
8.13
1.47
17.72
24.20
1.55
8.13
4.08
3.03
3.53
1.99
3.54
3.06
1.53
3.57
11.07
11.15
2.50
1.50
16.63
3.03
13.12
2.53
2.02
2.51
15.77
10.13
1.47
17.18
1.51
13.10
6.66
5.05
3.42
3.00
6.53
4.13
5.58
15.24
10.64
13.07
2.02
1.97
7.04
2.07
7.65
1.47
11.14
5.06
14.13
4.02
14.12
4.60
22.66
2.03
2.09
2.46
6.53
4.55
6.13
4.59
3.56
2.45
3.00
3.53
2.55
23.71
5.04
2.03
2.54
10.16
25.22
1.97
1.48
6.07
12.75
7.04
18.12
1.50
6.06
12.19
2.48
11.65
22.67
8.59
5.02
2.07
12.71
1.51
5.08
2.49
2.05
5.06
3.03
4.06
7.57
19.16
2.99
2.50
10.13
13.66
4.04
5.11
3.57
4.03
9.07
10.60
4.02
5.05
3.06
11.13
51.97
2.57
4.55
1.46
9.05
3.10
5.61
4.59
8.05
4.06
14.14
5.16
1.90
12.04
6.57
4.63
6.73
4.11
7.51
7.50
40.30
2.06
6.57
11.60
12.14
1.50
3.04
4.00
10.12
4.56
2.99
10.56
4.59
7.59
1.99
12.08
4.58
8.09
10.65
6.09
3.02
11.05
5.61
19.14
4.51
1.55
7.53
4.06
6.09
7.52
12.04
5.56
2.57
5.05
20.77
5.57
2.04
5.54
5.53
1.55
16.31
3.00
13.61
7.62
9.49
3.57
5.08
2.53
15.19
3.51
5.53
10.57
5.05
9.11
3.61
4.07
7.03
7.55
1.54
20.15
1.58
6.51
4.53
2.54
2.03
4.51
6.07
12.07
4.05
3.62
13.11
6.51
6.57
13.03
1.63
11.08
23.73
4.07
14.67
1.58
4.97
2.07
7.06
4.05
1.48
20.20
11.02
5.54
1.56
1.52
4.05
7.59
11.12
14.14
2.10
1.96
10.63
4.06
8.60
6.03
5.54
5.58
8.09
1.55
2.51
7.05
6.01
8.21
11.16
7.55
13.06
25.82
2.48
3.00
2.04
4.04
6.07
3.06
15.65
3.58
4.48
7.50
9.55
4.56
7.16
15.66
5.98
10.56
4.58
3.04
1.54
9.65
6.67
5.02
6.57
5.97
5.57
3.52
2.50
1.53
5.59
13.10
6.52
6.56
7.57
15.67
1.62
4.04
2.92
9.62
5.03
9.68
7.54
20.72
15.18
8.08
5.52
7.09
20.21
2.49
14.60
9.61
2.61
10.15
25.86
2.40
7.07
11.01
10.57
2.02
3.03
4.12
2.98
4.04
6.59
1.48
3.03
5.09
8.07
3.11
1.97
19.17
15.61
7.59
2.56
8.05
7.62
11.65
4.51
7.08
7.54
4.59
7.53
8.05
14.11
3.11
2.51
1.95
2.04
3.51
7.05
2.57
33.89
3.00
10.16
6.54
11.04
13.10
18.23
14.77
2.02
6.99
2.99
18.73
2.57
11.67
2.02
6.57
8.53
5.54
4.54
15.19
2.54
3.55
9.54
6.53
6.08
13.14
7.09
2.97
2.01
11.65
9.60
7.06
4.06
21.76
10.61
4.55
5.57
23.84
8.08
5.09
8.52
1.98
2.99
1.50
21.74
2.07
2.51
9.62
15.16
1.48
4.06
7.07
6.13
7.09
2.43
15.64
3.59
2.49
4.60
4.02
5.04
6.59
13.60
6.53
4.99
3.55
7.13
3.05
11.13
2.52
9.53
8.00
7.54
5.09
13.13
8.58
14.20
7.07
13.17
14.20
7.57
6.02
13.15
2.02
1.96
11.61
13.62
4.59
13.62
4.97
4.08
10.05
9.07
3.08
9.07
5.06
20.71
12.08
2.55
4.50
15.09
12.69
6.64
10.69
1.47
1.51
6.03
4.52
1.50
15.65
3.54
9.61
11.60
13.60
12.11
8.60
1.55
8.61
1.49
6.54
23.72
4.03
12.64
19.20
2.58
7.61
6.61
3.50
4.49
7.04
3.04
6.14
2.06
3.99
5.02
3.54
5.54
19.70
1.55
7.65
1.95
9.60
17.73
1.47
6.57
1.99
12.12
16.65
9.12
29.28
1.53
2.04
10.16
3.95
6.52
3.10
19.64
5.50
1.52
6.54
5.55
1.50
1.59
5.55
3.49
1.45
2.59
23.73
4.98
5.03
10.07
5.58
2.03
1.50
11.14
7.58
25.87
1.47
18.20
14.68
3.60
6.58
1.98
4.61
7.55
8.00
4.02
6.09
17.67
1.51
7.09
10.60
4.56
10.04
29.33
2.07
12.68
7.04
15.16
2.56
4.08
2.43
21.17
3.06
3.51
16.71
6.57
10.11
2.05
14.13
2.50
7.08
15.18
8.10
1.47
2.03
26.80
9.57
6.04
16.13
7.55
11.66
8.57
18.16
9.13
2.54
2.05
10.16
4.03
7.57
2.96
1.55
2.54
13.57
4.50
4.12
28.81
5.00
5.00
3.09
13.70
6.05
1.53
4.97
6.59
7.09
1.64
3.40
19.69
13.07
2.04
10.58
17.15
2.56
10.10
2.07
2.51
7.54
6.54
10.09
4.59
13.62
6.07
2.06
5.52
1.51
20.26
7.62
16.72
2.56
2.97
1.55
6.52
17.13
5.08
15.20
11.15
2.00
7.61
1.50
5.05
3.51
2.53
32.79
1.99
6.14
19.17
6.01
4.09
19.12
2.05
8.16
6.51
2.98
2.57
6.05
12.12
2.04
1.51
4.57
16.67
10.06
10.09
7.61
11.67
2.49
2.01
15.64
8.10
4.02
7.61
4.51
34.97
2.92
7.07
3.06
3.04
8.14
22.79
4.03
2.66
5.58
5.89
4.06
6.53
3.54
4.01
23.64
4.12
5.52
18.20
2.46
6.63
6.06
6.03
2.05
4.06
1.44
1.56
2.57
8.02
4.07
4.50
40.34
8.60
29.35
4.62
1.42
8.11
18.68
4.56
6.56
8.53
6.03
19.16
11.14
2.04
5.11
2.51
1.49
5.58
4.11
6.10
2.97
5.51
1.51
5.62
7.63
12.07
8.04
5.04
5.05
6.10
2.54
18.75
3.07
8.06
35.44
7.56
1.50
3.05
4.51
15.65
18.19
2.03
4.46
7.09
6.63
1.51
9.15
2.95
22.78
2.00
15.70
4.52
25.70
3.58
12.14
13.13
2.00
4.02
5.62
7.62
5.07
3.51
2.02
12.17
4.07
2.99
7.08
5.59
8.69
7.59
5.97
12.60
4.54
12.08
8.11
3.58
2.58
5.52
1.54
10.06
5.52
1.52
13.64
3.51
9.11
12.61
19.70
3.08
1.97
5.98
8.60
11.10
10.62
3.59
1.56
13.11
7.52
2.61
9.14
11.74
3.95
4.45
1.67
6.03
1.57
1.99
4.50
4.05
2.06
2.48
12.54
10.63
2.54
4.50
12.16
14.14
3.97
6.06
3.13
2.94
6.07
12.14
6.59
2.53
11.15
4.06
7.57
7.05
17.75
6.55
6.09
1.52
15.17
15.14
3.02
2.09
11.59
2.03
4.99
3.55
16.14
9.18
1.54
10.05
4.98
10.09
5.56
10.15
3.97
12.05
6.08
14.24
2.99
5.06
12.16
5.52
17.17
1.54
9.09
2.44
3.04
1.47
2.05
4.61
7.60
15.67
6.60
4.50
5.05
1.54
6.61
2.60
12.58
8.56
9.61
8.61
1.47
3.03
15.68
4.62
4.03
1.97
5.51
5.08
4.07
2.49
3.98
8.56
5.11
6.06
3.68
8.55
20.29
11.47
2.46
2.01
9.56
5.59
7.55
3.05
3.11
5.03
21.21
1.51
14.66
21.65
4.02
12.61
6.61
7.56
12.62
18.68
5.54
7.57
8.59
3.52
6.62
2.51
5.63
5.05
13.63
7.05
2.98
2.08
3.16
17.71
18.22
2.93
25.17
3.03
7.56
22.76
11.16
13.21
13.17
2.99
2.50
19.13
18.15
7.08
3.53
7.08
2.04
3.53
2.01
2.57
8.10
3.51
8.04
7.58
14.16
13.13
3.00
16.17
15.22
12.65
8.56
3.57
3.60
1.56
8.04
12.15
2.02
5.15
15.53
2.41
12.10
3.08
6.14
4.03
2.55
7.06
7.55
20.65
3.14
1.44
9.57
6.08
1.49
7.04
27.74
2.55
5.63
4.14
2.44
3.46
2.54
1.53
6.61
15.66
4.51
2.01
2.50
2.14
8.13
4.97
3.11
14.61
2.49
3.00
25.27
4.56
9.61
14.63
2.63
3.51
10.49
15.71
13.62
3.55
11.58
2.56
3.04
2.51
20.24
4.06
4.51
17.15
2.57
1.48
5.60
3.10
2.98
7.60
2.01
4.53
3.52
13.09
5.55
4.55
6.07
3.61
2.52
24.22
4.05
3.51
10.61
2.49
9.15
6.06
2.03
2.50
8.08
13.62
8.60
24.24
4.62
4.94
18.18
32.30
4.60
4.57
18.18
8.11
10.53
1.54
10.63
1.97
4.10
4.05
3.02
5.70
9.08
16.64
2.12
7.01
2.42
3.01
1.55
7.02
11.66
24.86
5.97
1.53
3.02
3.03
29.28
2.08
30.39
11.12
4.58
9.61
5.51
1.58
20.65
27.74
3.51
5.59
15.61
15.17
1.47
8.09
5.59
11.17
6.11
12.12
2.56
2.51
15.07
4.55
5.09
6.12
4.02
2.02
1.52
31.30
9.66
9.11
2.93
21.15
4.06
2.06
4.56
7.06
8.60
8.67
6.14
1.98
5.49
8.64
18.21
2.49
2.52
23.17
6.06
17.68
4.05
22.24
8.57
6.08
7.11
15.65
6.60
8.57
4.00
6.08
4.59
14.70
17.64
9.04
15.63
12.70
3.08
2.90
1.54
9.16
6.06
4.52
5.01
8.05
8.10
8.06
4.03
1.52
1.50
3.03
5.52
3.54
8.59
28.37
8.62
12.14
16.17
30.35
8.10
7.04
6.55
1.96
1.59
2.03
1.52
3.49
17.66
2.02
1.50
1.49
7.63
27.33
9.01
9.60
2.03
3.98
9.63
1.47
31.79
4.04
2.52
12.16
3.01
11.21
11.60
4.95
2.49
2.67
4.57
18.69
1.50
4.52
3.59
14.58
3.06
17.68
10.58
13.67
5.12
9.01
6.97
2.04
19.21
3.62
3.57
4.04
9.03
2.53
4.03
1.50
3.04
16.61
4.51
2.57
6.58
4.53
7.57
9.04
5.06
1.99
5.57
1.53
1.93
10.13
7.10
1.96
8.61
5.59
8.10
2.04
14.59
7.56
18.08
4.08
17.72
2.51
25.82
3.61
1.99
3.51
4.51
1.57
13.57
3.06
12.08
5.60
5.08
1.95
3.49
2.59
5.58
18.14
14.59
17.15
2.12
7.04
2.02
18.69
7.06
1.99
39.44
5.55
8.07
3.07
16.19
3.13
3.07
3.10
1.46
3.55
5.93
6.07
7.06
1.63
4.95
6.55
1.53
4.03
26.24
16.69
18.17
3.53
9.67
2.57
20.74
3.52
7.02
8.11
1.50
5.60
11.62
5.60
2.05
4.01
4.61
1.50
18.67
2.04
2.49
9.06
2.57
2.52
26.25
3.04
11.61
7.04
13.10
11.66
1.50
17.67
9.56
20.23
8.09
7.09
1.51
2.51
4.54
8.61
3.09
28.38
4.47
26.21
4.04
2.02
2.58
33.37
4.07
13.63
7.54
4.50
14.63
1.65
9.00
2.02
16.71
16.21
4.98
3.56
12.04
16.19
5.08
4.58
9.64
6.01
12.08
2.01
3.00
1.58
6.56
3.00
2.54
11.09
2.08
13.12
23.29
2.52
7.07
13.66
7.08
2.51
10.07
4.54
2.05
1.47
3.50
18.67
6.07
2.58
7.09
8.09
2.00
7.55
6.00
10.15
4.06
4.53
18.75
1.48
7.63
1.55
3.48
16.18
5.05
6.10
4.56
1.48
1.52
15.61
2.02
4.58
9.61
7.54
3.57
18.14
8.06
5.08
8.09
38.41
4.50
20.30
3.49
7.57
24.22
4.14
13.56
14.69
6.57
4.61
5.56
6.09
9.64
9.06
7.01
1.50
5.57
2.55
2.44
12.62
2.02
26.27
2.52
7.09
5.63
5.02
5.50
2.02
4.06
24.79
3.54
8.64
4.05
1.53
3.56
5.52
17.70
26.76
3.01
6.58
5.08
22.22
1.51
5.52
1.50
59.10
2.52
8.10
6.03
5.05
1.58
4.05
3.04
16.17
2.52
14.68
12.16
13.62
4.53
9.72
2.36
1.54
4.53
2.49
3.65
15.79
20.15
4.55
8.03
11.46
9.15
16.08
7.53
10.11
2.54
14.69
39.01
2.09
1.95
6.01
10.61
4.01
11.06
7.08
5.05
14.17
40.42
2.52
8.61
12.61
1.60
7.54
13.14
1.57
11.02
5.56
13.70
2.54
10.53
14.69
5.04
3.04
1.49
9.62
2.51
4.04
2.53
4.06
5.12
10.10
26.26
5.04
12.52
3.07
5.02
6.61
9.13
3.54
1.49
2.54
12.63
6.07
1.46
7.52
5.04
4.09
10.63
10.62
5.55
10.52
2.60
3.06
1.92
5.01
8.59
21.75
4.06
1.98
17.25
5.59
5.55
7.04
2.59
5.62
3.07
10.58
4.51
3.53
2.98
7.03
2.01
7.22
2.48
15.15
10.11
6.50
1.55
4.05
7.55
1.55
12.08
19.15
7.57
6.09
7.68
4.51
8.10
5.62
13.08
10.60
4.42
6.61
8.02
6.59
3.02
4.54
2.56
6.15
9.03
6.51
2.58
17.71
13.15
15.63
5.52
21.20
4.10
5.63
4.42
5.53
3.13
14.65
8.02
6.59
8.52
3.09
3.51
6.62
6.08
3.56
1.95
1.53
2.56
1.49
5.62
8.52
4.54
3.50
2.00
5.05
3.53
11.20
8.04
18.67
18.22
9.06
3.99
4.61
14.13
17.74
12.58
4.11
8.08
10.68
2.43
4.51
4.04
5.56
2.49
16.68
6.07
6.01
22.81
2.05
8.63
2.08
3.57
18.14
17.60
7.51
1.53
4.56
6.55
3.52
1.50
8.08
1.53
6.61
14.69
6.14
28.76
5.48
7.61
5.03
38.45
4.62
5.57
8.01
9.07
5.07
16.20
9.19
2.52
3.40
22.74
17.67
18.24
5.05
7.04
3.06
26.75
1.51
19.18
12.08
1.98
2.01
3.55
3.13
9.54
1.40
7.58
4.59
8.09
6.10
5.03
2.55
1.49
2.49
3.52
6.11
2.65
7.12
14.17
2.51
4.00
4.06
12.43
2.49
2.11
11.59
2.95
3.05
4.02
12.61
2.56
10.10
1.56
4.58
3.53
4.48
3.55
1.55
7.57
7.61
14.61
2.50
9.64
14.12
3.00
10.11
4.07
6.11
11.65
1.54
12.60
9.62
1.45
1.57
5.08
4.03
7.01
2.01
15.13
2.56
5.06
3.09
4.10
4.00
8.62
16.55
1.47
2.04
30.77
1.95
7.60
7.54
8.15
9.17
12.15
8.51
4.56
8.09
1.58
1.99
12.71
3.60
28.76
4.52
8.04
20.72
9.68
3.98
1.52
5.54
11.56
21.22
7.62
5.57
11.64
4.03
5.49
4.06
4.59
3.98
13.62
13.11
6.04
10.64
7.04
7.57
3.55
2.52
1.58
8.65
10.53
34.98
6.67
2.45
19.67
8.53
6.00
5.57
11.12
1.57
6.05
3.58
9.17
16.06
19.69
4.51
4.04
9.63
5.07
7.51
1.51
8.07
1.53
14.08
3.01
16.12
7.62
9.06
12.13
4.59
8.06
7.07
2.51
8.56
13.16
5.60
8.57
6.53
2.06
2.54
10.05
5.51
2.02
6.07
12.19
13.61
13.70
1.52
7.62
11.61
2.46
2.07
18.69
3.02
7.57
4.11
11.58
12.16
5.04
9.07
19.63
18.70
2.59
8.09
8.14
5.57
10.14
7.47
7.55
1.55
4.08
4.60
11.61
2.02
2.45
5.97
5.52
2.06
3.52
3.99
3.06
3.02
7.63
2.49
4.05
2.01
5.10
3.00
6.58
5.58
7.04
1.47
1.57
3.52
2.60
3.06
4.12
2.45
4.54
10.09
8.09
6.07
2.46
3.06
14.08
10.58
12.64
8.64
3.50
7.07
27.28
5.09
6.63
8.07
13.13
9.61
3.03
13.14
1.46
6.56
26.22
1.48
5.02
3.08
9.14
8.14
5.09
9.59
6.49
4.04
2.57
2.99
8.06
12.75
1.93
2.04
10.61
28.76
3.07
4.05
2.03
10.08
6.56
1.58
3.02
13.08
15.61
8.09
5.05
13.11
7.56
36.31
7.06
10.62
13.20
3.57
8.11
1.56
8.60
12.63
10.52
3.10
6.51
13.62
17.77
2.52
8.09
5.58
5.06
2.50
6.58
4.12
11.65
11.61
9.11
15.59
3.00
2.48
20.26
4.57
3.55
17.16
2.05
1.51
2.00
1.54
3.50
6.53
4.03
14.19
11.18
10.59
4.48
2.05
6.60
13.54
2.99
6.61
7.12
7.57
6.53
4.08
6.51
5.55
9.14
2.16
3.02
3.41
2.51
10.70
6.05
9.65
2.07
4.00
17.22
4.55
8.05
15.60
3.63
3.55
4.62
6.03
8.49
1.50
9.08
3.06
3.57
11.12
3.60
14.16
21.75
1.52
7.99
12.10
9.60
5.55
2.08
22.23
4.00
6.00
8.07
4.10
5.12
3.50
5.46
13.13
2.07
6.54
1.52
8.11
4.57
7.13
5.99
16.67
11.10
5.51
1.50
3.54
7.16
4.54
17.18
4.96
2.05
2.06
1.50
8.10
2.52
2.48
2.63
2.59
4.00
10.13
12.59
3.52
20.62
8.57
7.05
2.57
4.11
1.50
4.55
1.48
2.03
2.04
8.64
19.75
11.09
3.51
3.05
3.02
3.56
2.55
1.47
4.70
20.22
5.44
14.13
3.49
4.54
2.11
9.09
11.67
2.48
1.49
1.99
5.57
5.56
2.52
3.02
11.62
1.99
4.06
6.08
2.00
4.54
7.07
2.00
6.09
6.16
2.05
19.26
7.61
2.45
9.04
8.06
11.63
8.56
1.58
7.18
7.63
3.49
3.51
3.05
20.18
5.06
19.19
4.99
5.09
1.49
6.55
2.57
16.69
1.55
8.55
3.48
11.12
1.95
8.07
7.62
13.72
5.05
25.23
10.19
13.06
2.55
13.21
4.52
7.10
14.61
7.56
4.02
2.56
5.03
7.55
1.60
16.62
3.98
7.04
13.67
12.17
11.61
2.43
3.57
1.55
2.52
10.60
2.00
5.57
18.70
5.55
2.98
13.17
5.23
13.12
7.44
6.06
15.17
7.60
5.12
4.09
2.98
1.52
1.48
3.57
6.08
5.53
13.61
20.68
2.53
12.59
6.52
9.62
3.01
3.57
5.07
6.48
2.52
3.51
2.58
11.07
4.53
8.53
11.11
2.53
21.25
3.07
19.75
9.59
7.09
6.02
8.63
14.15
1.53
1.54
9.64
5.02
3.96
4.05
20.71
3.08
6.05
6.07
4.61
5.57
2.54
2.52
1.47
8.02
4.54
4.58
12.59
4.66
10.06
1.53
14.56
4.05
34.42
4.51
1.97
9.67
35.35
3.56
6.51
2.07
8.60
34.37
3.04
4.55
1.49
10.17
2.04
5.55
2.59
9.05
26.72
7.57
4.11
6.03
9.62
6.04
2.58
1.51
4.51
3.10
4.08
1.52
1.46
16.06
9.64
4.05
2.02
5.52
6.03
1.61
1.40
25.81
6.06
5.55
11.63
7.62
5.05
3.51
2.10
7.02
9.57
33.32
2.55
19.69
2.02
9.55
15.16
4.59
1.54
1.48
9.67
6.06
7.12
4.06
4.51
8.07
1.55
2.51
7.04
1.99
8.64
7.09
1.52
3.50
7.57
5.10
6.09
10.10
2.48
1.57
33.35
1.96
1.53
6.60
18.63
6.10
12.04
7.06
29.21
5.09
2.50
18.36
2.38
16.14
11.07
1.52
3.05
12.72
3.51
13.09
10.61
30.86
7.59
2.53
6.05
10.54
6.12
4.58
9.04
7.59
18.77
1.98
3.06
24.26
9.61
7.55
9.53
4.13
11.71
2.02
26.23
2.05
12.08
7.59
7.54
7.57
7.58
5.52
3.53
12.61
4.56
7.58
10.62
9.58
11.19
2.02
3.45
16.17
5.60
3.52
8.10
25.78
4.58
11.12
27.31
2.01
5.05
12.64
2.47
20.66
25.75
14.12
8.60
2.57
5.56
11.11
9.14
11.64
12.21
5.00
5.06
5.56
6.06
9.61
4.02
4.01
5.04
1.52
4.62
4.53
4.47
8.07
5.65
8.57
2.95
15.25
1.99
1.48
1.55
10.14
4.05
7.19
5.01
1.89
17.19
6.10
7.11
16.75
11.61
13.66
11.07
19.65
20.66
3.02
7.10
5.08
1.98
6.04
24.78
11.26
7.48
8.56
28.83
7.57
2.53
4.50
9.04
37.91
10.61
2.55
8.56
4.06
4.52
10.18
8.03
1.52
5.49
2.03
3.54
1.65
2.38
18.70
13.64
5.57
3.53
6.10
12.62
2.01
10.59
5.57
5.10
3.45
8.63
10.11
9.13
3.00
39.44
4.54
1.48
5.51
2.02
2.50
12.13
11.61
24.29
1.53
3.55
4.55
1.97
14.69
2.57
6.57
11.10
7.68
16.04
11.11
3.02
16.05
3.54
7.09
16.68
1.48
4.54
2.48
13.66
20.73
20.73
1.53
5.09
7.09
4.56
1.45
6.09
16.24
13.14
3.51
2.00
2.01
8.56
2.54
13.11
4.01
7.11
13.67
2.51
4.48
9.01
15.69
5.60
4.06
8.60
5.08
2.15
16.71
13.12
8.89
8.05
5.62
4.09
1.99
2.52
16.67
6.60
1.97
3.04
9.16
2.08
12.68
2.48
3.57
2.04
15.22
2.00
4.51
4.02
5.04
3.55
5.09
29.80
3.99
9.59
7.10
19.67
3.07
8.57
5.50
1.51
3.99
2.00
1.55
3.04
9.13
3.01
2.43
2.04
1.49
8.22
2.10
1.46
5.54
16.63
2.12
19.09
5.02
10.54
3.58
21.23
4.13
1.97
6.03
6.02
4.56
11.61
3.58
2.97
6.08
11.15
3.50
4.11
1.43
12.63
5.03
2.03
1.50
3.08
5.56
4.13
5.97
1.54
4.06
12.08
15.63
13.09
7.56
1.50
4.56
1.57
2.99
10.62
24.29
7.64
17.68
15.70
2.05
2.98
15.21
2.97
12.64
2.52
3.51
4.49
3.06
4.58
4.02
1.52
2.08
7.55
7.06
3.00
39.90
4.57
4.62
6.16
1.46
1.49
25.15
7.95
5.60
8.08
2.54
7.53
10.21
7.09
3.98
1.52
13.21
8.14
4.58
11.67
3.49
4.96
2.99
11.59
6.05
6.56
4.07
3.47
9.63
3.54
11.10
19.26
7.05
2.95
3.07
10.58
18.25
2.53
1.51
1.48
13.61
8.05
8.08
6.67
7.58
12.08
27.77
11.11
2.04
15.61
3.53
6.09
2.10
13.66
1.98
5.52
3.00
10.68
3.42
19.14
20.23
5.62
4.68
10.09
16.76
6.97
2.03
4.11
4.99
1.97
8.57
6.54
8.13
6.07
14.10
9.11
1.57
3.52
23.78
12.09
6.02
4.06
14.67
5.05
2.53
4.58
5.10
2.03
11.62
3.99
4.07
5.04
13.15
7.12
7.62
8.59
1.96
4.53
8.06
14.18
3.10
17.17
2.00
1.97
1.48
2.50
4.49
3.05
1.54
6.58
2.04
4.68
13.65
5.37
2.05
9.64
1.99
9.19
6.04
5.11
18.17
10.61
7.04
18.58
2.10
5.53
7.05
9.66
3.99
20.77
19.65
15.64
2.54
13.62
7.63
7.15
1.92
2.45
14.64
9.59
12.69
13.20
3.98
2.96
4.04
8.55
5.05
8.69
3.06
2.97
16.24
1.53
2.99
5.08
4.06
14.10
18.18
1.97
17.72
6.14
4.57
1.47
4.97
5.11
20.18
1.99
9.09
2.73
5.56
3.50
3.07
13.70
18.01
11.05
14.69
3.49
9.60
1.51
4.67
4.05
4.01
1.46
4.02
2.53
3.56
18.10
3.58
1.55
7.10
4.98
1.63
3.06
5.50
1.47
3.54
21.17
10.59
2.03
3.67
10.08
3.08
2.04
33.34
13.48
8.15
9.58
5.47
3.11
11.60
4.49
6.54
2.57
2.55
1.52
3.56
10.11
12.69
2.50
5.05
10.08
8.09
10.11
18.68
2.52
11.16
2.05
3.52
4.07
19.27
4.53
3.99
1.50
2.03
12.05
5.55
9.64
3.00
29.89
8.07
6.05
3.06
8.13
2.48
11.60
9.62
2.03
20.76
2.54
16.63
1.98
3.99
1.52
9.58
6.68
2.11
2.96
16.17
3.52
1.53
6.56
1.59
2.06
2.05
4.00
5.46
3.06
2.51
8.53
14.59
7.60
7.59
6.54
10.16
6.02
4.56
9.54
10.61
4.12
1.99
6.05
3.58
14.13
5.99
12.11
5.10
6.60
2.42
16.17
8.10
6.01
5.58
30.35
12.73
3.54
7.11
5.94
5.09
2.01
4.49
6.63
7.51
1.53
4.03
11.13
4.58
17.70
6.03
3.04
2.03
8.58
2.51
19.27
7.05
5.49
3.07
4.09
2.47
4.52
4.05
4.05
24.79
1.50
2.02
6.67
13.73
9.02
9.05
3.04
2.02
4.55
38.93
4.50
12.12
1.97
4.02
11.65
1.53
2.53
2.54
2.59
16.16
9.00
30.30
5.15
3.46
39.38
6.08
6.05
19.19
10.09
2.64
5.55
7.04
5.60
6.15
8.57
1.45
1.96
4.50
11.60
6.60
5.05
15.15
6.05
2.98
2.00
3.58
3.60
1.47
4.05
12.12
6.55
15.55
3.55
14.13
7.07
2.57
20.76
5.60
9.60
2.98
14.13
1.51
10.08
12.65
4.58
10.09
1.51
2.47
3.04
5.08
1.50
5.09
5.52
1.52
3.02
14.67
7.11
7.54
2.53
8.10
4.03
58.04
7.06
1.48
10.60
3.03
1.54
16.74
2.97
18.69
3.55
14.19
6.56
7.54
8.08
2.03
8.61
5.60
7.06
7.02
9.70
4.58
4.45
6.55
4.07
2.52
11.59
18.21
26.32
7.14
4.48
7.07
2.48
16.16
1.49
5.17
3.58
1.95
14.61
9.56
4.55
11.13
3.03
17.11
5.52
4.01
3.51
3.02
3.55
10.62
2.49
6.58
10.16
3.55
1.50
1.50
5.04
9.55
7.59
2.53
12.71
3.02
12.10
18.85
1.95
15.19
16.13
1.51
4.59
5.50
12.13
22.25
2.48
12.14
9.08
8.61
23.33
2.04
6.63
1.51
1.46
2.00
3.01
3.47
2.58
7.07
6.59
2.61
3.94
13.62
4.50
7.57
9.10
11.14
6.12
8.57
13.64
9.63
2.02
4.03
21.74
1.50
3.04
18.30
8.06
7.06
9.15
5.99
8.12
2.07
11.07
3.48
5.58
10.10
5.56
1.50
2.55
2.52
4.54
1.54
1.47
9.04
3.02
2.56
15.67
2.48
14.69
13.64
6.56
11.18
10.03
32.36
18.71
11.62
15.75
18.72
5.55
5.03
4.02
7.58
2.02
18.70
19.18
3.01
3.05
2.02
9.60
17.70
12.68
17.18
18.70
3.48
1.55
15.59
14.11
8.56
5.56
2.01
8.10
6.53
1.53
2.50
1.60
21.30
27.22
14.67
9.07
4.49
4.55
4.04
13.17
8.07
3.01
7.06
6.58
4.08
6.13
7.07
2.96
1.96
4.11
5.06
10.65
17.60
7.06
2.07
7.55
2.01
8.57
7.05
23.74
1.47
1.50
7.10
2.56
1.56
11.66
4.50
10.10
14.22
19.20
3.51
6.49
15.08
4.07
3.62
9.11
4.02
2.51
10.59
3.06
2.53
1.49
2.97
18.71
5.64
11.61
7.09
7.07
17.76
4.58
9.04
1.52
11.11
9.65
3.56
1.96
4.03
4.95
24.21
4.57
5.07
4.64
5.43
9.59
17.26
1.99
5.07
3.53
5.09
12.12
10.62
1.59
3.56
3.59
11.07
4.94
18.64
8.55
7.05
8.70
12.10
4.46
4.55
2.06
3.06
6.06
24.79
6.10
13.10
7.09
1.98
8.52
2.54
8.59
2.50
9.10
2.57
9.17
13.18
3.53
3.51
1.54
2.02
3.02
2.52
9.59
7.04
3.00
2.66
1.39
9.56
4.04
13.70
15.20
5.51
4.06
15.57
21.24
8.09
3.57
8.16
1.52
3.52
4.06
2.59
5.08
2.52
1.47
9.54
2.52
20.12
4.60
11.60
1.97
2.04
4.02
2.48
16.17
8.11
7.56
5.00
1.56
2.05
1.52
2.49
5.63
8.59
7.54
19.17
1.51
9.04
7.56
19.36
1.95
7.61
2.46
5.58
2.08
18.25
6.62
1.47
11.09
6.59
8.59
4.05
17.58
1.46
1.49
2.03
4.56
5.56
5.03
24.77
10.12
10.07
4.10
7.11
7.58
4.54
3.54
30.33
17.18
5.58
11.13
12.69
3.52
7.57
12.15
8.08
7.04
2.00
4.05
1.63
16.62
4.53
7.01
11.63
6.08
10.58
8.58
5.05
2.08
10.61
2.50
11.14
8.48
9.61
4.08
13.10
11.62
19.19
1.53
21.18
6.04
2.57
8.67
15.12
6.58
12.11
4.52
13.13
22.67
10.59
3.02
12.13
2.47
1.54
4.56
12.16
3.51
18.23
6.05
6.01
7.60
21.72
13.63
2.03
4.13
5.06
4.50
16.63
12.11
1.59
14.10
5.98
5.04
6.52
16.12
1.52
3.57
2.04
5.13
10.31
4.04
6.47
10.08
12.94
1.51
1.46
1.60
8.03
2.46
2.56
8.13
24.24
4.53
4.08
8.56
2.01
1.98
1.56
7.13
10.66
2.53
20.71
7.58
4.58
5.58
1.51
15.09
1.47
3.05
4.00
1.60
7.58
4.47
12.62
6.10
6.57
2.55
2.09
2.47
2.03
2.53
9.12
2.51
5.56
21.76
4.09
4.02
1.48
2.01
3.51
7.06
5.02
2.51
8.67
20.76
8.06
24.37
6.53
2.49
4.01
5.09
4.00
3.54
8.53
7.56
5.08
16.25
6.11
7.57
2.44
3.07
7.02
3.04
8.08
4.58
2.00
15.70
3.10
12.63
9.05
7.56
6.52
7.62
2.02
11.11
4.00
2.98
1.58
3.98
3.58
4.04
22.79
9.07
23.24
2.53
4.02
2.56
5.02
6.59
13.06
7.14
7.55
9.04
5.49
3.62
2.51
8.11
4.14
2.50
8.53
4.93
5.60
1.55
5.55
6.52
8.15
4.52
2.50
12.61
4.59
3.04
7.59
4.58
3.47
8.60
7.10
22.21
1.99
2.61
11.16
2.00
5.95
2.12
17.13
10.54
9.10
21.67
17.15
10.62
7.61
6.56
13.21
10.07
17.67
5.51
1.61
24.76
1.96
15.66
18.69
1.50
5.56
4.50
1.47
5.55
4.58
2.55
13.17
6.48
6.06
3.54
27.77
1.51
7.60
13.70
4.56
4.47
12.16
2.47
8.08
4.63
5.03
6.62
18.18
3.98
3.57
9.07
10.20
3.55
8.59
19.66
11.08
2.04
32.80
6.05
5.10
6.07
27.86
18.08
19.77
5.54
7.04
6.05
29.30
10.62
1.48
4.06
27.34
1.49
6.58
3.48
4.62
8.09
15.12
3.56
24.75
7.54
14.56
13.70
3.96
23.26
4.10
23.28
2.02
2.46
4.07
4.56
6.12
5.09
7.03
7.05
13.08
2.47
5.01
1.57
3.10
3.53
4.63
3.59
9.04
2.98
3.12
5.12
11.56
6.14
3.13
4.93
3.03
16.07
11.52
1.57
3.07
11.61
6.54
1.46
12.11
6.60
4.58
12.66
1.96
3.04
1.48
2.50
1.61
11.15
5.03
5.49
3.55
3.99
2.01
16.70
2.58
12.10
3.53
4.63
5.10
8.57
4.60
2.44
13.57
13.09
10.60
6.58
7.61
4.04
4.04
1.49
8.14
3.03
13.16
12.64
7.09
11.61
2.52
4.96
5.06
26.30
2.91
8.11
3.04
9.56
8.63
2.53
21.67
2.02
2.52
8.13
19.33
2.45
2.50
18.69
7.57
8.63
11.58
6.03
8.60
5.54
5.60
7.09
6.04
15.17
2.53
19.21
13.70
12.13
2.55
10.08
2.07
6.05
7.07
1.54
1.47
2.56
4.56
3.01
2.44
2.00
12.61
3.10
3.64
4.62
1.45
8.08
8.52
5.02
13.71
4.04
8.26
4.52
1.49
19.71
10.52
6.11
5.59
4.03
2.06
21.77
12.61
5.01
2.51
12.02
2.52
4.54
16.74
16.68
3.08
27.33
20.64
1.45
2.97
6.03
4.11
3.52
4.59
1.50
1.49
4.04
3.07
4.97
5.55
8.61
5.57
5.01
11.62
12.67
7.60
4.55
5.61
2.96
5.18
11.09
2.44
11.09
7.04
11.13
5.07
3.06
4.53
3.50
24.79
11.09
2.57
16.13
4.09
6.12
3.44
18.21
6.10
2.56
4.48
9.52
4.01
13.17
5.65
9.08
5.93
7.62
19.21
3.03
7.59
21.75
15.16
12.15
15.17
2.49
14.63
11.63
11.71
12.12
15.67
13.68
22.17
11.15
3.97
9.60
11.66
12.61
14.21
8.11
10.53
1.54
8.56
3.54
2.99
2.04
6.59
1.48
11.60
1.97
2.59
4.01
5.57
2.08
5.16
2.87
3.45
8.12
6.05
12.23
7.08
2.57
6.00
18.69
5.04
5.10
4.55
7.04
5.55
4.53
1.55
3.05
8.05
6.60
4.59
3.58
5.03
17.14
8.59
14.67
10.67
2.49
2.99
6.12
3.09
6.62
7.51
3.99
2.56
2.46
15.16
9.09
7.64
3.51
2.46
2.16
6.09
5.96
17.13
5.54
1.53
3.00
6.56
7.57
6.08
5.57
14.68
25.33
2.43
2.56
23.67
12.58
4.53
4.06
6.11
4.48
1.59
9.64
1.51
8.62
27.76
5.55
3.00
10.65
4.55
19.63
4.56
7.49
4.10
8.58
26.27
27.29
9.61
8.61
2.50
1.62
2.95
4.53
25.71
8.56
2.14
24.72
6.51
1.51
17.13
1.46
2.61
13.60
22.21
28.80
12.09
8.06
7.63
16.16
12.65
4.99
6.60
3.55
4.03
13.25
2.43
27.80
7.05
28.79
5.62
11.10
4.06
12.59
1.52
12.06
7.59
3.59
2.01
5.60
4.48
14.17
3.62
2.90
2.62
29.36
1.52
19.13
6.05
17.09
7.11
8.17
6.08
3.04
2.01
3.98
3.04
5.08
5.00
4.09
5.12
3.01
2.54
6.06
3.45
23.29
7.14
12.09
3.99
2.56
3.58
7.13
5.06
12.20
8.47
1.51
2.02
6.57
6.54
12.11
6.08
2.00
8.15
1.62
3.04
2.03
3.00
4.00
3.54
3.04
8.49
1.60
6.06
10.17
4.09
10.51
7.51
7.56
4.07
2.97
3.56
7.10
6.11
4.50
8.02
9.05
5.09
6.10
7.07
6.06
8.08
8.49
1.51
14.15
6.06
6.06
12.68
3.64
2.53
2.94
1.47
1.60
8.09
14.12
4.55
15.21
1.51
25.31
4.08
38.86
7.05
1.55
2.55
7.56
2.02
20.18
16.20
8.08
6.59
8.56
6.06
11.11
2.54
7.57
6.64
1.44
8.63
2.51
1.55
2.55
4.52
26.75
11.13
8.57
1.99
3.07
1.99
17.17
1.55
14.08
5.08
3.54
3.04
4.52
2.98
3.60
12.53
3.07
8.06
2.47
13.22
6.58
2.08
18.78
1.97
3.46
3.58
5.46
16.11
4.08
1.52
6.06
2.48
6.57
7.09
2.52
2.54
5.10
17.77
6.06
13.14
14.00
12.71
7.68
4.43
5.95
3.07
7.58
3.51
22.28
13.67
13.73
1.56
11.62
15.59
8.09
10.63
5.04
9.60
2.51
2.61
3.45
6.12
14.14
3.47
22.67
3.52
2.53
10.16
19.25
26.75
6.64
16.62
12.61
4.99
3.49
2.16
9.63
3.56
3.98
11.99
21.68
4.06
1.56
6.10
2.46
2.01
10.11
5.59
3.58
6.54
5.04
5.55
24.72
3.53
3.54
10.64
1.97
4.53
5.70
2.87
23.22
3.10
28.32
3.49
5.58
7.58
9.61
2.51
16.13
7.03
2.04
9.60
7.56
2.02
5.08
11.13
4.03
7.14
13.63
8.00
3.97
18.67
5.58
9.14
2.52
15.65
12.59
1.51
4.06
3.03
5.58
2.54
7.57
2.55
10.60
20.74
20.20
4.04
5.10
1.95
30.76
4.13
10.68
7.59
4.02
4.52
2.00
3.00
6.07
2.55
3.51
2.00
5.12
12.63
3.02
5.53
15.15
1.99
2.47
3.07
3.50
8.59
12.13
13.11
13.64
2.08
2.55
2.98
14.14
1.57
7.99
6.03
8.07
4.11
1.55
7.55
1.56
6.48
20.74
4.06
3.51
3.60
3.98
22.28
2.91
28.26
5.09
12.12
5.63
11.58
1.98
2.02
10.64
2.56
3.52
5.53
10.08
10.64
1.51
4.56
2.00
6.55
5.09
2.46
6.07
15.72
11.63
14.57
13.18
4.02
32.36
6.53
12.07
5.07
19.27
1.97
2.52
19.23
7.08
12.61
29.34
2.53
9.07
2.05
5.57
7.55
6.08
3.52
7.60
16.61
9.60
1.56
1.59
10.63
10.61
8.57
10.00
4.03
8.62
1.96
11.13
7.09
2.50
5.07
12.62
17.75
5.55
4.63
3.54
16.14
1.64
7.04
4.41
8.57
2.50
1.61
6.58
3.63
11.64
4.45
11.61
1.48
4.57
10.61
13.61
4.57
26.34
7.05
18.25
5.10
10.58
4.57
11.64
7.13
8.03
3.04
4.11
7.52
13.60
4.06
13.68
4.05
27.75
3.52
7.08
18.18
19.67
6.01
11.67
1.52
3.04
4.96
4.50
3.10
10.18
14.67
13.10
1.52
5.05
13.68
11.19
27.66
6.51
1.55
16.15
1.56
14.23
1.47
3.99
2.56
1.51
14.18
3.47
6.03
4.08
21.72
12.64
20.78
2.00
6.53
4.53
11.65
4.56
13.67
4.02
9.60
14.14
1.52
5.09
7.63
5.57
9.65
21.70
17.14
13.14
5.10
2.97
25.82
2.01
2.47
1.61
3.97
7.56
4.54
19.69
6.59
31.91
2.09
9.15
2.90
2.03
14.13
17.65
14.19
2.50
3.54
2.06
8.02
11.58
1.97
2.18
3.07
6.00
6.49
6.05
8.07
1.54
3.03
4.05
8.12
14.19
11.21
8.06
2.42
7.56
8.09
4.04
3.51
20.17
9.63
1.52
5.58
2.99
4.04
11.59
1.50
15.69
16.19
6.54
7.06
19.70
13.09
1.50
8.15
5.66
13.09
12.67
2.51
8.45
4.05
1.45
1.53
9.59
4.03
1.53
3.13
4.01
3.97
2.52
9.61
3.07
7.02
4.55
7.10
10.17
3.05
15.73
3.98
6.07
9.61
3.52
6.95
1.52
3.09
16.18
3.62
3.03
4.59
3.02
10.98
7.07
29.28
7.16
3.04
8.10
4.57
1.57
12.66
16.57
5.44
3.11
7.56
1.50
1.49
9.16
7.63
15.09
4.07
6.05
5.53
2.05
3.45
10.66
5.54
5.99
34.80
4.58
1.49
2.08
5.59
3.54
16.18
3.63
2.46
5.05
13.62
16.69
2.56
11.15
1.47
13.61
5.10
27.81
12.74
6.10
2.42
13.06
13.10
18.69
2.09
15.64
6.03
15.73
3.04
3.46
8.64
4.62
2.45
1.52
15.66
5.48
1.54
11.07
5.09
9.59
11.12
12.62
2.54
2.98
10.08
4.05
4.56
3.59
1.55
5.10
22.21
4.01
3.95
6.07
7.61
7.12
16.71
6.56
2.46
2.51
1.98
3.06
8.09
8.16
3.00
2.02
1.51
3.05
14.14
9.13
4.52
4.00
12.11
12.60
2.05
4.56
1.48
10.59
5.03
9.58
7.66
2.51
6.01
2.55
12.11
12.03
3.64
1.42
9.61
11.69
5.05
1.49
4.58
3.03
2.54
4.01
4.55
4.63
1.57
4.04
7.97
10.13
13.09
6.53
12.08
4.06
1.54
4.08
10.09
6.46
4.05
39.92
11.13
7.09
20.71
5.53
9.60
14.13
21.23
2.53
5.07
6.59
1.51
2.59
11.60
9.69
7.59
2.48
7.14
4.48
8.03
9.01
9.04
7.13
7.07
2.57
4.07
1.48
3.04
2.05
19.18
4.06
5.07
8.00
11.07
5.09
6.08
3.56
10.11
13.18
10.62
16.71
14.09
2.53
10.61
5.99
6.05
15.10
7.14
4.04
10.05
4.06
10.62
11.62
10.61
6.18
3.40
22.69
13.13
5.59
9.10
13.67
1.99
10.60
9.57
6.62
9.60
11.08
14.67
8.59
11.08
8.11
3.59
39.45
4.06
2.53
9.01
11.57
6.56
6.09
10.12
4.06
3.01
1.57
4.65
18.76
5.06
5.47
11.57
21.67
11.05
22.80
3.61
2.95
8.07
5.56
9.11
15.21
8.57
2.00
1.49
3.08
6.09
2.50
3.58
52.60
2.48
18.74
16.66
10.62
5.57
11.06
1.99
9.25
3.06
3.54
13.20
8.50
1.44
4.01
2.02
7.55
6.59
11.12
6.61
1.53
8.11
6.57
7.53
5.56
4.60
5.13
1.46
3.47
2.05
17.18
7.14
7.04
11.11
9.02
5.55
5.10
7.09
4.01
9.21
11.13
3.48
22.72
4.53
10.48
8.66
7.67
9.59
8.54
2.09
1.56
1.48
2.00
4.47
4.57
5.05
2.99
21.15
1.53
16.66
4.05
2.49
9.12
16.70
12.13
1.97
5.03
4.52
7.10
9.12
5.54
5.04
3.14
1.56
11.62
2.64
6.47
18.57
1.55
14.20
28.82
3.52
8.04
3.03
15.13
24.75
16.71
12.16
5.60
5.49
2.15
20.81
2.93
4.45
10.73
19.18
33.88
17.13
14.20
10.07
6.55
2.56
3.60
2.96
4.58
21.17
2.93
6.06
4.66
4.52
10.17
8.08
7.55
2.50
19.21
9.17
2.98
10.60
1.51
3.05
8.09
24.24
7.02
6.04
20.19
1.51
6.59
4.55
6.09
3.08
10.70
1.97
27.39
7.02
4.53
7.07
8.20
2.53
2.95
14.69
8.55
1.43
10.10
5.57
9.21
10.15
11.14
2.06
2.99
14.59
10.53
4.65
6.57
11.25
4.94
2.55
7.53
3.49
4.49
31.31
7.62
14.69
2.03
3.02
21.23
4.03
4.06
9.09
2.49
8.04
3.51
1.49
5.06
10.06
12.12
10.12
2.59
5.02
9.53
4.56
8.08
30.35
4.07
21.71
2.50
11.15
1.49
9.62
7.63
3.49
9.10
1.51
16.69
15.66
3.59
1.50
9.57
15.60
4.13
3.52
9.62
10.54
5.64
8.16
2.10
10.62
5.44
5.50
11.64
5.08
8.60
2.42
2.05
2.57
3.52
3.55
1.50
6.54
1.50
6.54
7.71
12.63
5.07
5.47
2.60
1.94
8.06
3.03
18.20
10.09
2.55
10.12
2.04
9.58
2.02
24.42
1.90
26.83
13.63
12.69
10.22
13.11
5.52
3.60
2.06
14.61
17.69
7.58
3.52
29.25
10.10
3.02
2.54
8.15
7.08
1.56
50.58
14.07
13.56
3.52
3.53
21.72
17.28
1.44
11.09
14.17
3.01
2.02
2.49
2.52
10.65
4.64
17.17
26.32
23.22
2.02
5.04
2.51
9.55
2.53
4.54
17.19
4.01
3.57
8.08
4.60
16.25
2.97
14.67
4.58
2.55
10.05
4.55
2.54
4.48
2.04
2.13
4.48
12.65
12.05
2.49
2.51
12.20
1.59
6.60
7.01
8.51
6.02
5.60
7.66
6.03
5.06
18.72
1.46
21.66
13.13
2.02
10.12
4.60
3.59
7.55
6.03
5.99
9.56
2.56
10.62
3.53
4.02
22.23
5.08
10.66
6.16
5.53
4.51
4.08
1.52
3.98
31.31
2.56
17.11
12.08
2.51
26.79
11.67
3.56
6.64
1.98
10.70
20.26
5.49
3.57
9.60
6.07
39.36
10.20
22.18
19.19
7.02
7.09
2.04
10.14
3.52
7.54
4.53
17.67
17.71
9.10
1.51
45.96
2.57
1.98
13.16
16.18
21.81
20.77
11.13
16.14
23.72
9.61
5.58
8.57
1.52
22.21
3.57
1.99
7.60
6.06
5.11
3.56
8.59
9.12
3.04
10.62
3.98
18.24
6.09
8.07
8.56
8.05
4.02
3.56
4.04
17.15
10.70
7.60
1.97
35.41
12.56
2.62
14.74
1.49
3.52
8.62
3.01
21.13
3.04
32.82
4.57
9.16
3.60
4.03
5.08
5.51
4.03
3.56
7.12
20.13
8.66
4.02
2.99
2.50
4.62
3.98
13.14
16.64
2.54
4.55
12.12
4.04
7.06
2.57
5.07
3.98
7.09
1.57
20.20
13.08
9.10
6.50
3.01
36.93
4.05
6.11
5.60
9.64
2.46
8.05
14.62
9.16
1.45
10.71
4.08
3.97
8.06
2.63
4.03
5.05
1.46
8.59
2.55
23.72
2.00
6.05
26.24
5.07
8.13
2.04
1.49
3.48
3.11
7.58
3.98
12.65
8.20
14.09
2.54
5.92
18.19
3.58
3.01
5.57
3.21
1.88
11.09
9.13
5.11
3.50
5.53
2.96
1.52
4.05
8.57
3.01
5.52
6.05
2.04
19.18
3.55
2.53
1.95
2.62
10.12
3.49
17.17
2.08
6.56
2.49
3.44
6.10
14.65
7.64
6.09
16.63
1.44
8.05
7.62
18.07
1.53
13.15
15.17
2.56
3.00
13.16
3.47
11.63
6.06
6.51
15.63
6.57
9.61
2.53
6.54
8.59
23.83
10.67
14.70
2.03
13.06
2.50
8.09
10.16
3.07
23.63
1.48
4.50
6.07
10.07
5.52
9.11
4.56
27.33
2.49
2.52
19.80
7.59
23.23
20.71
19.11
19.74
1.54
13.64
2.08
2.05
13.61
20.17
1.53
10.00
7.58
11.68
13.64
2.00
6.11
4.58
5.61
1.56
1.42
7.57
4.01
1.50
1.54
2.55
3.56
5.07
2.53
3.56
7.58
9.09
6.02
3.06
1.52
3.55
10.59
2.56
7.00
10.07
10.10
13.65
3.59
9.59
15.64
4.00
1.54
10.09
14.67
9.68
10.07
12.64
13.60
10.58
8.08
8.65
15.13
4.03
2.56
13.09
12.59
3.52
3.01
6.68
2.41
8.12
1.54
15.64
4.50
8.55
10.08
2.06
5.54
4.55
5.06
2.01
3.61
4.11
2.01
8.55
6.54
3.57
6.08
3.49
14.14
4.08
6.70
10.21
6.08
1.95
4.41
1.52
3.08
5.05
9.47
4.54
8.54
11.16
2.99
10.56
2.03
1.53
12.63
9.64
7.59
2.00
12.08
5.17
1.48
7.09
2.51
25.80
7.49
2.56
27.27
25.79
2.97
5.19
2.90
12.63
1.49
18.19
15.21
8.11
20.73
4.01
4.07
3.01
15.14
12.59
3.05
7.15
8.07
2.59
11.52
20.22
10.13
16.65
4.06
7.72
6.55
5.52
1.55
11.01
1.52
10.58
2.02
38.87
12.68
6.16
5.12
3.98
5.46
13.08
2.51
6.53
9.07
2.57
8.62
12.60
4.09
13.07
7.02
5.02
8.59
9.64
2.54
6.60
2.93
6.68
8.59
13.15
8.97
7.70
12.61
12.08
5.09
3.68
8.09
24.28
4.04
4.93
1.53
2.93
4.51
2.50
2.00
7.67
6.59
2.03
3.03
1.52
2.47
10.64
2.50
4.58
5.11
7.09
7.60
8.03
5.47
15.20
2.05
15.66
4.53
2.54
1.49
12.68
10.10
2.62
2.46
30.85
1.47
4.02
12.66
2.99
11.13
10.09
1.47
7.06
8.55
2.14
6.56
2.07
7.58
6.13
1.98
18.23
1.52
9.54
1.95
8.06
13.07
9.63
4.54
2.13
13.11
18.14
7.56
2.08
11.63
29.35
9.67
1.90
4.91
9.18
2.01
5.47
6.10
4.10
5.51
17.20
2.04
11.11
6.54
3.53
3.67
11.07
2.53
2.92
2.52
11.62
12.66
1.98
14.23
6.16
4.93
8.62
3.54
8.99
4.10
8.64
9.61
8.50
3.57
5.59
2.55
2.05
3.59
7.60
1.46
2.00
2.52
3.02
7.58
6.03
8.08
7.62
21.14
8.04
6.13
13.09
17.10
6.07
15.63
3.52
2.03
3.58
7.50
1.50
20.31
4.05
2.05
4.97
6.59
2.55
24.21
2.52
3.54
21.68
11.12
32.90
1.59
3.57
2.06
8.06
8.04
17.10
9.11
9.55
2.55
2.08
5.12
1.49
8.13
7.04
4.53
2.04
2.61
16.64
14.61
12.57
1.51
4.01
10.66
6.61
7.08
5.02
9.07
6.05
2.00
12.64
8.11
10.62
6.01
4.59
4.57
3.56
2.06
12.20
4.97
8.56
6.45
2.50
2.56
2.99
10.68
4.05
4.51
5.07
9.09
30.84
1.53
5.10
16.19
8.13
7.62
4.59
4.97
15.20
6.64
8.59
3.49
11.60
2.02
14.08
10.61
9.07
9.65
7.04
5.64
10.23
2.41
15.61
5.54
2.54
26.19
2.56
9.59
4.53
15.68
9.66
2.95
2.07
13.17
19.28
3.56
1.49
2.97
3.52
3.05
11.10
2.97
1.55
9.08
1.55
2.05
12.62
12.64
10.61
7.07
3.53
3.05
10.60
2.56
28.72
3.03
1.57
11.09
5.10
4.03
1.49
6.05
3.07
16.69
13.56
7.52
6.04
1.55
5.54
12.62
2.02
9.68
1.65
14.18
12.49
13.03
3.05
6.57
6.51
13.70
7.03
10.61
7.07
4.59
7.54
4.02
1.55
1.52
1.52
26.26
2.05
11.55
2.53
20.19
14.64
3.08
2.49
3.52
2.54
16.18
5.57
5.55
6.03
8.08
6.59
10.62
2.57
29.82
2.98
3.10
9.17
18.73
4.00
5.12
18.21
10.05
7.07
6.06
3.00
12.66
18.69
18.73
7.07
6.57
13.11
1.99
1.58
10.63
3.04
9.65
14.19
13.07
1.59
6.54
17.63
8.06
10.62
2.59
8.11
10.52
6.08
18.72
26.78
21.28
27.84
16.11
1.50
7.05
1.55
1.54
14.21
3.02
3.38
7.60
7.57
1.55
5.52
8.63
2.54
1.99
3.02
5.58
6.08
7.10
8.56
8.02
5.60
3.56
5.51
5.61
5.53
38.84
3.06
5.08
4.03
19.26
2.49
11.64
10.10
3.51
6.56
8.55
3.05
4.04
13.70
15.63
8.81
7.06
8.04
2.53
8.43
4.55
8.06
2.55
3.51
9.56
11.18
12.68
8.63
9.58
4.03
6.52
4.06
5.53
4.64
4.53
12.20
4.01
1.53
36.32
15.10
8.56
6.03
5.62
4.58
7.60
6.05
11.59
7.05
7.56
3.04
5.02
2.61
12.19
1.46
4.10
3.55
3.00
1.54
6.08
10.63
1.63
2.49
11.63
3.61
3.49
5.38
3.04
4.97
3.58
9.67
4.50
8.64
12.69
4.50
13.63
4.07
13.14
3.06
4.01
3.05
23.66
9.11
8.03
4.52
2.52
2.57
17.65
7.66
2.03
8.55
2.03
6.16
12.57
20.16
5.52
3.61
11.06
4.10
8.53
8.56
11.09
1.54
13.10
15.66
5.54
2.04
18.66
11.13
1.52
12.60
3.49
3.57
14.16
2.01
6.09
9.18
2.01
1.52
20.66
11.66
4.01
3.41
2.07
9.62
2.51
8.07
2.60
4.05
4.96
7.64
2.93
8.08
12.69
5.08
3.98
9.04
1.53
2.55
1.46
11.09
6.19
7.06
2.13
1.41
5.45
7.10
1.50
44.00
17.63
12.10
5.62
8.55
4.61
2.97
6.59
8.61
8.55
7.66
5.09
6.53
7.04
1.54
2.51
4.50
4.61
36.34
6.03
22.23
6.07
8.15
22.77
1.53
7.12
6.50
9.00
11.57
8.12
4.03
18.65
10.64
2.03
6.03
1.59
3.04
7.12
1.44
6.56
8.56
3.44
5.04
2.04
3.06
2.47
2.49
6.56
2.07
6.01
9.65
3.02
3.55
2.47
5.03
20.77
5.00
2.04
12.13
3.04
1.49
17.17
1.56
8.53
6.08
9.55
11.61
4.59
2.03
6.03
9.53
16.73
2.56
13.17
2.50
1.92
11.67
6.08
1.45
4.63
14.70
10.08
9.02
5.11
7.55
2.02
1.51
2.53
1.52
3.13
3.15
7.62
2.04
3.44
3.01
7.47
5.59
12.12
2.57
2.52
13.64
10.61
2.53
6.07
3.48
16.14
11.18
2.58
1.46
2.02
3.52
3.60
9.09
6.59
5.04
2.49
7.52
4.00
3.52
5.08
6.04
7.58
5.02
2.03
7.08
1.53
5.62
5.46
1.53
14.63
4.05
30.30
14.71
6.02
2.08
17.67
3.00
16.17
1.55
4.61
2.49
11.09
11.56
2.06
4.57
1.63
2.88
15.65
1.57
2.01
13.09
14.67
3.58
28.29
7.06
2.58
16.69
7.14
1.98
1.53
9.60
3.54
5.54
2.00
20.71
4.67
27.29
13.13
10.01
1.55
9.07
2.03
5.01
3.02
4.00
5.60
2.04
6.58
8.06
22.25
5.55
5.61
5.03
5.07
8.61
7.08
3.57
1.58
4.04
3.47
4.50
8.53
2.56
8.59
2.02
11.60
2.50
2.05
12.06
9.57
14.12
2.56
5.65
5.62
3.02
1.53
9.55
1.59
1.97
11.12
19.69
1.47
5.99
12.16
4.00
16.69
14.66
2.00
2.54
1.98
4.05
2.06
1.53
10.06
5.01
2.08
4.05
3.99
3.55
5.54
15.65
2.45
1.56
4.51
5.54
3.50
9.59
10.62
8.11
11.70
7.12
2.95
7.60
3.01
1.49
5.60
7.09
2.01
10.59
6.55
2.11
3.54
2.51
3.60
3.51
12.54
1.52
5.06
22.75
1.52
5.53
3.07
14.08
3.08
6.52
6.58
13.18
7.57
3.57
9.49
3.47
4.11
14.60
7.60
3.50
2.55
14.56
11.19
5.12
13.09
1.54
8.57
1.98
13.58
1.56
8.63
23.18
2.98
9.99
3.11
4.57
4.56
4.47
4.06
7.09
9.13
8.07
5.55
9.57
9.11
2.00
16.06
6.58
10.63
6.63
2.00
6.09
8.01
12.12
4.49
3.62
5.15
3.49
2.97
1.56
7.12
3.48
4.02
3.52
11.56
3.00
14.69
10.14
6.05
11.66
3.54
15.68
12.14
1.47
1.51
3.58
4.09
1.51
3.51
3.49
3.03
17.68
11.63
12.08
2.04
13.22
4.57
1.42
6.07
4.57
2.51
11.15
1.51
17.14
10.08
5.61
1.46
4.05
18.69
24.24
3.02
3.04
2.55
3.51
3.08
4.05
2.98
7.61
4.03
2.59
1.45
22.64
17.21
2.01
5.16
9.63
9.54
6.09
12.58
7.57
2.02
3.05
8.59
3.00
2.00
2.01
39.44
7.58
11.67
7.02
2.02
6.62
3.59
8.56
9.58
6.56
10.04
4.59
6.54
2.05
3.48
6.58
13.64
4.54
22.73
3.07
17.69
3.03
14.13
7.55
2.55
8.14
36.38
11.60
19.27
7.11
2.93
10.62
2.05
3.01
3.02
5.04
4.03
1.50
2.01
2.02
1.48
7.60
5.04
11.12
3.57
4.55
2.48
23.36
14.24
26.80
20.20
7.08
4.52
6.08
18.20
3.47
6.01
14.18
3.59
2.99
4.53
4.51
1.54
5.01
3.04
3.57
1.52
18.26
5.09
4.49
11.11
2.51
4.48
1.98
1.52
2.53
4.06
6.07
6.57
6.60
6.00
4.56
4.08
3.04
1.52
5.07
12.60
8.08
2.01
28.31
5.53
7.05
9.11
4.03
2.52
7.56
6.07
7.02
12.57
2.01
4.57
3.03
5.09
1.54
9.60
5.61
15.61
20.76
17.15
4.03
13.15
9.61
7.07
5.57
4.52
6.12
2.54
2.04
4.49
3.07
2.07
7.13
3.98
4.51
2.01
2.54
27.78
5.53
2.56
6.10
5.12
2.97
10.09
7.08
4.05
5.51
4.09
3.47
1.55
1.49
23.75
10.15
3.02
8.49
10.07
3.59
44.45
7.12
4.12
3.48
9.06
23.71
19.66
3.52
2.50
5.11
10.64
3.53
11.57
10.64
3.12
2.12
1.94
2.42
3.03
7.09
22.72
3.52
4.66
2.94
6.10
1.51
17.25
1.57
2.95
8.64
2.54
2.58
2.96
6.07
11.63
4.01
2.62
22.77
2.93
3.45
9.60
3.08
5.06
5.51
4.11
2.00
8.59
5.97
3.04
4.06
7.58
4.09
10.65
25.79
9.04
6.04
4.52
3.51
14.15
8.06
5.49
4.08
6.11
18.17
3.08
6.53
3.00
12.56
9.16
7.56
7.10
2.61
11.06
17.14
4.03
21.73
4.05
3.60
2.02
2.96
12.07
4.13
2.48
9.59
3.55
3.04
43.51
7.60
13.16
28.80
2.57
2.58
7.58
15.12
1.47
5.98
7.59
6.05
14.17
5.07
18.22
14.61
1.64
6.09
1.97
11.00
25.22
2.58
11.59
13.65
3.08
1.60
20.74
2.00
1.45
3.98
3.06
2.50
8.62
14.11
6.06
9.03
2.06
9.13
7.59
20.71
24.23
18.70
4.56
6.06
4.02
25.27
5.07
7.08
3.54
3.05
16.69
5.13
2.59
3.52
11.12
12.53
17.68
1.52
8.08
2.53
2.51
17.19
1.49
4.58
16.12
12.61
1.49
2.54
2.61
3.60
13.73
15.07
9.05
4.04
25.26
3.98
2.98
1.55
10.61
2.04
9.64
4.04
2.53
4.52
12.59
2.54
1.51
10.11
4.12
22.36
3.95
20.75
14.65
2.51
8.14
1.95
3.00
12.10
4.59
9.12
14.13
6.99
2.02
11.20
6.08
3.00
3.02
19.16
2.05
1.50
4.54
2.49
3.47
3.00
4.07
6.61
6.58
15.16
1.51
3.08
1.57
4.05
4.08
23.17
10.03
3.03
15.18
2.47
7.56
3.55
1.98
18.74
4.10
6.66
6.06
11.06
17.61
19.16
15.72
2.05
4.03
8.55
10.12
6.62
1.46
1.53
5.04
4.10
10.66
3.05
5.52
3.10
3.44
8.08
3.06
11.67
32.89
18.25
1.46
8.05
13.63
12.56
21.21
9.59
4.50
6.05
12.19
17.63
18.15
7.07
9.16
4.08
15.61
2.49
4.57
5.63
1.99
2.52
3.03
13.66
7.56
1.53
17.11
11.59
7.06
13.13
9.12
2.52
13.64
2.57
11.12
8.10
4.02
13.03
3.56
2.55
3.53
16.73
3.57
3.56
40.48
7.52
3.04
6.59
3.46
14.22
13.16
2.55
11.67
8.08
8.52
1.49
2.49
4.50
16.09
2.61
2.03
1.55
2.01
11.10
6.06
14.68
2.99
8.05
10.61
11.66
14.68
2.50
1.54
2.04
4.59
19.24
5.01
8.54
6.04
4.58
7.12
8.53
18.73
1.49
3.55
2.51
2.04
1.56
17.66
2.04
6.04
11.65
1.55
3.53
9.12
9.05
2.98
9.03
6.09
2.08
2.54
4.54
11.63
6.06
1.55
10.61
20.12
1.53
29.24
12.67
3.01
10.08
6.57
8.09
4.49
26.78
1.55
6.14
3.03
6.57
5.01
1.57
2.52
3.02
2.50
2.53
4.60
3.02
15.14
7.05
4.00
11.58
1.50
6.10
1.59
6.48
11.17
3.50
16.14
1.50
9.58
9.11
3.03
7.06
12.67
1.52
3.07
9.04
6.00
9.57
15.66
10.58
4.61
10.16
9.19
6.49
2.54
10.02
4.10
1.99
6.08
1.55
1.94
26.21
18.20
4.05
8.57
3.55
3.00
11.61
19.17
9.14
2.51
6.06
12.67
1.54
4.59
3.51
5.52
10.05
8.05
6.10
3.95
2.07
12.62
10.67
1.96
4.04
2.53
8.07
5.59
8.59
13.75
2.01
6.55
9.12
13.64
17.62
5.52
1.53
19.69
1.52
11.60
3.56
10.21
7.55
5.48
2.04
2.03
19.75
5.00
2.06
4.00
13.11
6.08
4.62
12.10
20.68
4.95
5.60
3.00
1.49
11.63
10.69
2.99
8.09
3.54
7.06
12.62
5.54
10.60
7.59
3.58
2.04
3.57
4.47
7.10
4.53
1.52
2.06
2.58
12.55
17.71
16.64
4.00
2.60
12.64
4.97
10.12
8.57
11.64
13.65
2.00
2.99
6.65
1.43
1.50
7.11
18.71
3.00
4.06
4.60
11.16
16.19
2.47
3.99
2.08
3.57
4.98
5.56
2.03
7.60
6.14
1.44
6.59
8.55
5.60
6.09
2.10
3.90
17.70
2.53
3.56
2.55
17.18
1.98
2.12
4.52
10.60
12.64
20.57
14.15
9.68
2.51
6.58
4.48
1.51
2.06
4.07
4.56
2.55
1.50
16.20
12.11
4.15
5.58
10.51
5.54
24.15
8.55
6.57
21.20
5.10
2.46
8.00
1.54
15.73
6.55
9.65
4.03
2.01
4.47
4.09
3.03
12.63
3.06
3.02
2.51
3.58
15.60
7.07
4.04
5.55
16.71
7.55
5.52
1.56
5.58
4.53
11.71
11.13
5.56
11.05
31.88
9.59
9.08
2.13
20.63
4.48
7.07
8.56
5.65
26.80
2.54
6.11
4.00
6.06
3.04
15.65
3.10
16.68
4.61
17.63
2.98
7.66
7.04
26.68
2.64
4.44
14.13
21.35
6.10
1.49
3.95
4.14
19.75
1.99
12.28
7.09
1.49
4.92
2.04
11.10
3.00
4.58
5.07
5.59
6.52
9.61
6.52
4.52
6.63
12.05
15.59
4.57
4.06
2.51
12.67
5.02
6.07
38.94
1.50
4.55
7.56
2.00
3.15
16.62
14.30
4.97
2.08
3.50
7.98
1.61
14.16
5.54
3.08
10.06
10.12
2.52
8.56
1.50
5.06
18.62
6.08
3.52
4.00
10.13
1.46
3.06
10.08
2.07
2.47
3.56
12.58
7.08
7.10
6.15
5.50
2.56
5.47
3.02
6.05
3.57
43.45
6.07
5.55
7.05
4.01
3.59
5.04
2.02
2.01
6.56
2.49
2.02
5.10
10.64
7.06
12.72
3.49
8.06
6.09
3.54
18.15
6.04
12.68
6.07
10.17
9.08
16.70
15.63
3.48
12.64
3.05
2.01
5.08
18.63
6.06
8.59
4.55
2.55
8.65
2.57
3.55
2.02
20.65
6.03
3.54
9.60
17.65
3.04
2.97
6.07
6.59
3.03
8.03
9.19
4.53
9.17
23.25
3.99
9.06
6.56
5.58
2.56
13.64
9.07
1.54
5.13
8.58
8.60
5.00
4.55
2.00
5.06
11.01
5.12
4.55
7.08
3.56
8.11
8.06
9.02
4.07
3.08
6.54
7.01
2.01
2.05
2.99
7.63
36.83
3.49
8.06
1.51
15.17
7.13
17.21
3.06
10.15
5.01
3.55
1.49
1.53
4.59
8.50
1.47
3.00
9.12
12.22
13.20
1.96
7.50
5.58
13.17
2.98
9.64
14.63
5.07
6.09
4.04
24.23
6.55
2.52
13.11
3.52
1.52
13.76
6.48
18.75
9.12
1.48
3.51
2.59
12.60
2.94
55.04
11.15
18.62
1.52
2.08
14.67
1.50
3.98
2.03
1.52
2.56
4.10
1.99
21.21
6.60
5.56
6.55
6.59
14.06
5.05
16.20
3.11
3.49
2.99
19.77
10.59
3.56
1.47
9.57
9.62
13.23
8.12
2.97
5.57
1.54
2.00
8.54
13.68
3.63
11.61
5.52
14.61
17.65
10.58
22.78
4.07
4.02
4.52
6.57
8.64
9.60
3.51
5.12
16.72
3.00
10.12
6.53
7.01
2.57
4.08
4.49
3.52
15.14
5.66
12.12
1.45
5.07
6.53
10.16
1.56
14.16
7.08
5.50
2.03
14.61
8.54
10.10
6.60
1.58
2.00
9.61
1.49
3.01
6.52
3.08
2.00
5.56
7.56
3.57
22.21
3.55
6.07
4.51
14.24
4.08
4.46
5.50
10.63
2.04
4.10
6.02
3.52
19.16
3.04
4.03
3.56
27.34
1.53
2.99
11.14
3.53
14.68
15.64
13.66
6.06
22.24
3.07
6.54
4.10
3.50
1.53
4.01
4.57
6.06
4.01
4.56
8.61
5.57
2.00
9.56
32.28
6.08
4.54
3.07
21.23
4.03
10.60
19.17
5.05
10.61
3.01
2.06
8.10
8.11
7.05
1.49
6.60
7.49
2.47
2.03
7.59
1.49
7.64
5.98
2.53
21.28
6.05
10.64
6.14
41.01
9.50
6.03
33.32
10.15
2.04
10.62
2.52
14.10
5.58
1.50
5.03
2.96
4.06
4.53
2.56
16.17
11.62
2.48
5.04
5.55
2.54
1.49
4.04
8.08
12.17
14.17
11.22
3.05
1.47
1.53
5.07
5.51
10.66
7.10
7.09
2.49
9.02
4.04
9.03
5.53
7.62
17.64
7.15
7.07
8.56
3.50
14.07
4.55
5.58
14.15
2.54
2.07
2.50
5.55
3.51
1.61
2.44
22.71
14.61
7.64
15.20
8.63
2.02
1.45
2.96
2.08
4.03
7.11
2.60
13.12
1.47
6.62
8.06
4.48
11.04
10.67
19.70
5.58
9.07
13.58
1.60
1.58
17.18
6.48
9.03
3.02
5.09
1.99
1.54
2.54
5.07
3.47
10.57
9.15
4.48
8.18
3.09
6.52
17.70
2.99
4.61
1.44
2.07
14.64
23.18
7.61
1.51
4.59
4.01
13.13
15.21
2.49
14.64
14.19
1.52
3.51
9.05
2.01
6.11
8.11
4.61
24.30
33.34
7.02
6.58
4.57
11.14
5.07
3.99
18.21
11.56
2.00
7.09
6.04
5.03
2.02
4.03
1.52
2.59
6.61
16.60
1.55
10.10
4.52
1.46
2.04
10.62
3.01
2.60
15.65
7.01
18.69
3.53
4.11
8.66
3.44
9.02
15.17
1.54
9.64
2.02
2.99
14.12
12.64
10.11
6.53
7.55
7.63
4.54
6.03
3.02
5.12
10.14
1.51
18.64
4.54
13.12
18.21
30.27
5.60
11.11
6.02
11.14
5.61
5.08
3.98
13.61
1.51
3.55
6.51
5.55
5.55
8.20
9.60
10.03
15.16
10.10
4.05
3.02
4.58
7.61
9.10
3.57
4.08
8.51
13.17
1.44
2.51
21.22
8.12
5.12
5.61
7.12
2.96
2.02
6.01
2.61
2.46
8.59
6.13
11.62
14.17
7.01
19.72
2.06
3.01
8.54
21.77
7.62
10.58
6.53
22.33
1.41
6.05
5.09
2.51
16.22
15.13
2.96
7.60
3.53
3.04
5.52
11.13
12.61
15.77
2.48
16.13
13.64
2.50
1.54
1.49
3.02
8.59
6.63
2.97
2.05
17.16
3.52
21.72
5.51
2.01
2.50
7.61
2.00
17.70
14.12
9.60
2.04
5.02
6.08
17.23
6.63
7.07
10.66
1.95
2.53
6.48
1.55
2.00
8.57
18.67
11.20
24.22
30.78
4.52
37.90
4.61
4.03
2.56
6.53
13.56
3.03
2.01
2.62
16.08
2.96
3.47
5.07
28.29
12.14
15.28
9.65
5.03
12.09
8.04
17.74
5.01
1.52
8.60
11.67
2.49
2.49
2.14
16.71
12.16
2.54
25.18
3.05
21.70
22.70
3.51
7.08
5.08
2.03
10.64
8.03
9.58
2.00
7.07
4.01
10.67
8.08
6.56
8.65
1.44
10.61
2.55
7.59
3.55
2.59
4.15
3.40
4.55
6.08
8.04
4.07
6.10
2.47
2.05
3.55
22.72
44.57
14.21
6.01
1.59
26.89
6.01
22.16
18.63
4.55
5.09
6.04
9.61
23.77
7.02
2.99
5.06
17.69
3.04
2.01
17.16
11.62
9.58
5.06
4.52
6.09
3.57
9.63
7.09
9.07
5.01
5.49
3.52
12.64
11.64
1.45
3.59
8.60
2.54
2.55
24.24
12.14
4.09
4.05
1.99
7.60
7.53
6.09
14.60
2.05
18.64
2.50
4.53
14.15
7.14
3.01
2.60
6.02
1.96
19.17
3.63
5.09
5.59
6.00
6.09
11.08
5.04
8.16
2.99
9.13
3.08
3.52
8.59
1.97
8.03
26.71
3.05
3.52
17.13
18.24
6.56
3.56
13.26
14.62
3.46
23.77
1.48
6.56
9.10
2.61
8.13
9.63
2.49
10.03
13.23
7.12
10.08
3.03
3.11
8.02
2.45
3.51
1.56
2.51
9.09
9.55
1.58
2.02
14.19
3.99
7.58
2.05
12.15
3.04
8.04
3.56
14.66
3.00
4.58
5.05
3.59
6.06
5.46
18.25
6.60
16.64
10.09
9.60
8.60
3.01
3.06
5.01
8.09
31.41
3.59
28.79
1.98
4.02
5.05
11.05
17.18
12.21
1.46
15.21
5.50
9.11
14.13
8.56
6.05
2.52
5.52
5.06
34.37
6.05
12.11
4.56
10.09
16.13
3.54
3.64
4.07
4.03
8.19
4.56
5.49
8.14
21.19
8.53
14.18
23.25
11.61
4.48
5.04
7.09
1.44
2.01
3.04
12.10
7.63
2.05
2.51
15.65
10.11
3.07
18.19
3.98
9.05
14.65
2.07
4.04
8.11
9.02
8.63
10.08
6.04
10.58
2.51
6.66
1.43
8.13
3.52
13.67
3.06
12.78
4.00
1.52
9.03
2.46
3.53
5.05
5.58
1.99
25.27
6.56
1.99
16.28
3.13
4.55
2.92
2.04
2.02
8.65
11.56
2.63
7.07
2.48
17.69
8.11
1.51
16.08
5.08
6.06
2.97
1.99
16.61
4.04
3.57
4.59
6.06
3.00
3.07
12.68
2.47
7.07
5.05
10.10
3.61
13.64
9.51
13.64
27.33
22.77
2.49
1.49
2.53
2.59
6.07
2.46
2.57
4.08
1.97
2.01
3.60
9.53
19.27
2.53
5.52
6.11
11.64
12.09
6.09
4.57
18.68
1.55
2.52
4.65
4.99
12.60
2.52
2.06
5.62
4.50
1.95
15.05
2.02
3.52
5.05
7.10
3.60
12.59
18.21
18.20
8.11
5.60
2.53
5.01
6.06
3.52
2.98
2.58
21.20
6.00
11.10
2.03
2.53
8.57
1.53
4.10
4.56
3.00
9.06
2.53
4.03
12.12
5.59
27.25
4.20
3.90
2.03
19.64
5.59
3.01
11.65
4.57
5.06
48.55
9.57
6.09
2.51
3.06
2.53
1.59
28.29
2.52
3.99
2.03
5.04
3.02
3.10
19.27
1.96
3.08
9.55
7.52
3.07
19.73
5.04
3.49
13.17
3.56
5.56
21.84
10.61
4.50
2.00
2.01
5.52
21.74
3.06
3.59
8.60
5.51
2.01
11.58
4.58
7.08
4.10
2.03
1.98
2.49
1.48
3.99
4.60
5.03
2.54
16.65
25.70
7.60
10.16
20.29
3.04
1.47
8.03
17.72
5.09
1.99
4.60
1.47
8.10
9.09
3.61
6.06
6.47
4.06
2.01
5.05
2.51
10.61
9.62
27.34
2.48
12.63
12.11
7.55
1.54
18.16
3.52
3.49
7.12
2.97
7.06
2.05
2.00
2.03
11.68
9.07
2.48
6.55
4.07
3.53
2.02
15.13
14.13
16.65
12.61
2.02
39.47
1.99
3.53
12.14
4.52
2.05
13.68
26.77
12.64
2.07
9.57
3.51
2.99
3.55
6.09
12.64
11.70
3.44
24.74
2.04
19.21
1.51
16.19
1.63
7.57
3.41
16.18
13.76
11.24
5.05
5.50
2.50
7.09
9.96
2.51
9.05
12.16
22.72
14.18
14.67
8.58
5.60
12.61
8.63
21.21
6.58
1.51
3.97
5.06
8.69
13.10
6.59
4.07
8.03
5.04
10.10
2.52
10.05
1.52
1.54
6.07
14.67
1.49
6.54
12.08
4.53
2.02
6.10
7.59
14.18
10.61
23.20
12.64
9.04
4.59
2.99
6.51
2.09
4.58
5.49
18.72
13.71
23.76
16.13
22.74
6.02
2.48
5.07
7.08
1.52
19.15
9.65
14.64
6.10
5.49
6.07
5.07
14.22
2.47
10.66
11.60
5.03
4.04
1.50
6.01
5.56
5.58
2.57
5.56
3.60
1.54
9.07
23.26
9.11
6.07
11.05
1.51
1.51
2.56
4.02
6.66
10.11
1.51
15.65
10.08
4.50
4.09
2.51
8.06
4.08
4.05
2.05
26.28
2.52
10.06
2.48
2.02
15.65
2.56
2.53
11.59
9.04
3.05
2.59
11.61
4.02
7.55
3.07
8.52
2.05
4.05
5.09
9.11
8.04
5.53
16.21
5.05
2.98
10.63
5.58
9.10
2.99
2.00
6.06
4.07
4.61
4.04
5.00
4.09
2.06
11.12
2.51
5.50
6.66
6.03
14.72
2.92
17.22
26.76
4.09
1.51
3.54
4.54
5.08
8.03
2.55
8.59
1.51
7.03
2.02
2.10
9.08
18.14
3.05
8.57
1.55
5.00
17.11
9.14
19.21
2.53
6.05
6.51
20.72
1.46
7.10
3.62
3.49
3.97
16.15
6.58
11.10
3.54
4.08
16.73
9.07
13.07
5.55
4.04
3.58
8.09
8.09
3.00
11.13
4.63
2.52
4.06
3.12
3.07
2.02
3.43
2.99
4.59
6.12
4.55
7.06
3.58
34.86
11.67
8.56
4.49
4.53
4.03
5.58
1.47
2.04
44.41
6.08
3.59
3.03
2.48
7.07
15.67
12.62
6.57
20.70
2.48
12.16
2.56
2.04
9.12
1.48
1.55
7.06
11.09
1.57
1.98
5.57
14.62
1.52
1.97
10.12
12.14
3.01
15.11
17.21
10.13
3.10
5.55
3.47
1.52
9.05
4.60
4.02
10.61
2.57
18.67
23.77
1.51
3.56
9.64
5.59
3.98
17.19
3.05
2.98
9.55
5.06
5.61
12.13
21.20
12.62
3.59
2.00
5.55
5.51
2.05
5.04
7.07
20.21
1.52
2.08
1.50
11.65
13.65
7.56
19.65
5.08
13.20
1.98
4.55
5.06
3.01
6.56
5.10
14.60
16.33
8.55
7.67
1.53
1.43
3.56
22.70
16.13
31.69
4.06
1.95
1.52
15.21
19.69
6.15
2.98
1.46
3.03
4.53
4.53
6.12
2.96
2.04
4.55
26.83
22.82
2.55
1.95
3.56
1.94
18.21
2.47
1.55
15.69
17.67
8.06
2.08
13.63
2.97
5.56
7.05
1.51
8.61
6.05
3.09
10.16
17.22
2.01
2.99
2.08
6.61
4.51
3.09
6.03
3.48
4.04
19.20
1.48
11.07
14.07
16.22
3.03
2.53
7.07
14.06
13.13
15.24
8.08
3.58
5.57
13.64
2.97
1.52
6.08
2.57
2.57
4.59
1.49
4.07
9.55
30.34
1.99
6.04
12.71
7.59
5.48
16.67
8.13
7.58
2.06
3.58
2.99
3.55
11.11
21.76
2.08
2.09
5.01
6.04
14.14
2.01
1.56
6.62
4.47
1.54
2.97
11.59
2.06
3.07
4.01
5.62
6.60
7.07
3.03
4.56
10.06
8.69
25.25
25.84
6.04
10.03
8.00
3.60
14.15
3.54
8.58
5.15
6.12
8.03
33.42
7.54
2.49
1.52
4.56
22.13
1.98
5.59
11.19
4.01
12.21
6.07
4.61
4.00
9.13
5.57
1.93
2.57
9.63
13.66
21.65
5.04
1.60
7.17
1.93
2.91
5.08
14.18
8.57
5.02
7.09
4.53
6.55
10.01
9.10
3.04
2.01
15.70
7.06
15.11
9.65
1.61
7.62
17.20
7.96
4.60
3.03
13.67
8.07
4.51
25.71
6.05
4.03
3.52
21.68
3.53
10.59
3.03
2.08
12.12
6.57
12.61
2.01
3.56
4.07
16.11
2.49
4.54
1.49
2.07
6.57
9.11
2.01
8.02
3.56
10.61
5.53
5.06
2.54
10.11
25.81
4.05
13.15
13.12
10.05
7.59
5.09
8.61
3.06
2.98
2.04
10.02
6.05
5.65
24.78
3.05
12.14
7.53
7.16
1.44
8.53
1.52
3.99
13.10
2.06
6.10
1.50
5.55
1.54
15.66
14.16
3.53
1.47
1.98
6.51
7.12
2.67
1.46
2.53
5.00
18.26
8.08
7.07
2.58
9.56
21.29
6.56
2.55
9.59
16.65
5.56
2.01
4.06
4.12
3.56
2.49
13.09
7.01
7.60
7.08
4.56
3.01
3.50
1.51
2.56
7.05
4.62
6.02
9.61
6.13
4.50
5.52
23.71
2.97
8.56
15.70
8.61
10.61
10.62
22.76
6.58
4.09
14.59
2.43
3.98
8.75
10.71
2.90
6.59
12.64
2.57
29.38
15.67
1.43
3.02
6.55
18.15
21.18
1.50
8.59
1.99
2.05
9.56
4.08
2.02
7.58
7.09
4.61
9.63
16.19
6.49
18.16
18.63
11.12
12.56
14.64
3.01
4.03
4.11
6.59
1.97
2.07
2.46
6.03
16.65
7.06
6.58
13.09
6.62
3.56
17.15
8.56
3.09
4.55
17.67
3.96
3.50
2.61
3.03
6.49
6.12
3.52
4.52
3.54
17.66
2.04
12.64
6.58
1.50
8.07
18.23
3.57
2.51
17.68
2.03
7.58
4.04
4.03
3.56
1.54
8.10
3.49
4.03
1.54
21.19
13.69
4.54
1.49
6.57
4.06
16.66
2.49
1.49
2.07
2.00
3.03
2.53
3.05
3.53
1.99
3.05
5.06
10.13
13.69
13.11
10.59
1.49
9.67
12.12
6.10
3.96
7.06
6.58
1.51
14.63
3.54
8.14
10.65
10.59
9.60
4.48
8.61
2.03
10.12
3.10
5.07
2.50
6.56
2.98
6.58
3.10
5.10
3.46
8.10
23.74
2.02
28.74
23.18
21.31
1.44
2.02
13.19
3.12
2.43
3.99
13.14
2.50
1.54
8.62
11.58
15.26
6.05
7.08
12.67
10.06
4.96
1.54
11.62
3.00
6.64
13.67
10.63
2.01
8.51
6.03
3.03
6.66
8.58
4.56
1.50
7.55
2.58
1.53
10.16
3.49
1.99
2.00
5.05
46.05
12.09
12.62
7.57
14.13
8.10
15.66
4.00
6.13
1.43
8.60
14.14
2.05
3.61
3.02
4.08
10.10
6.61
7.07
5.57
8.53
2.48
2.61
4.58
4.48
1.45
33.21
8.62
5.60
11.18
3.51
4.01
9.01
14.15
12.67
15.13
3.04
8.10
9.16
17.28
13.13
18.69
8.61
14.14
5.07
17.69
1.45
6.55
8.08
6.60
4.05
9.71
14.17
4.00
15.13
9.10
10.14
10.15
3.98
5.05
6.55
11.64
8.65
4.03
12.16
4.06
8.06
13.14
2.54
11.64
15.11
2.04
11.58
10.12
8.59
9.56
11.68
3.05
2.41
4.08
25.24
4.62
4.48
5.07
14.59
2.11
21.71
14.14
5.53
2.07
5.01
3.50
2.54
9.02
13.61
3.57
18.27
5.56
1.46
11.53
28.80
10.65
3.53
5.55
4.58
9.18
3.52
6.08
4.99
2.01
2.50
4.55
3.03
8.07
8.13
2.99
2.55
7.08
6.07
14.16
6.08
15.15
17.19
10.11
5.55
5.64
5.99
9.07
6.06
7.55
33.35
5.04
3.09
4.55
12.65
5.54
3.06
12.09
1.43
2.50
5.06
3.10
2.03
4.62
7.06
2.95
4.97
2.62
7.60
12.62
13.09
9.57
9.10
1.51
4.58
1.50
9.09
4.54
5.09
7.07
2.54
1.56
2.04
13.60
14.16
8.10
18.67
4.56
2.49
4.07
1.52
2.61
12.18
3.93
13.62
2.15
11.04
7.59
4.58
4.45
3.52
9.59
24.75
8.16
5.01
19.75
3.98
6.96
3.56
24.26
6.56
7.05
8.14
4.08
8.61
11.04
10.07
7.06
3.62
2.09
2.44
3.58
1.51
3.53
7.00
4.06
2.98
7.10
2.05
3.61
2.01
2.00
5.52
10.06
3.07
8.07
8.59
14.13
2.02
1.55
4.58
2.99
13.18
6.58
5.60
7.50
5.54
5.04
1.47
3.61
4.53
5.07
4.53
2.04
2.59
8.02
12.12
4.53
16.68
6.54
3.05
7.11
2.48
8.59
11.11
3.51
4.10
5.10
1.97
9.63
1.51
4.05
6.00
2.52
3.04
2.56
13.13
9.57
6.03
2.07
1.56
18.78
6.56
13.18
4.01
6.59
2.11
1.94
2.45
4.11
19.77
6.05
9.08
8.59
2.51
14.65
4.57
8.57
6.49
3.59
3.10
11.11
5.52
6.56
2.04
2.99
2.02
5.03
6.57
6.07
8.05
7.57
17.20
13.26
5.06
3.03
6.53
24.32
2.98
7.05
6.47
6.62
6.57
2.53
12.60
11.63
9.14
1.48
10.05
3.57
10.68
2.02
1.51
4.58
3.47
29.31
15.61
7.61
11.71
13.10
14.68
12.01
2.08
6.04
4.50
4.04
3.10
13.13
4.51
6.11
10.58
12.13
2.99
3.55
18.20
2.53
2.64
4.51
2.45
26.78
8.59
4.54
2.06
7.56
10.59
10.09
8.56
4.11
36.38
9.55
8.02
1.53
8.61
11.18
2.52
8.02
3.50
8.53
9.14
3.51
13.60
5.56
5.62
13.60
5.50
14.63
8.08
3.05
1.54
8.10
11.13
22.81
2.45
14.17
8.56
2.55
9.58
7.62
4.53
14.08
5.62
9.60
10.02
3.51
20.75
3.16
7.51
7.00
9.60
2.49
30.37
14.60
1.58
5.59
5.52
13.10
9.60
8.61
6.56
14.65
3.02
20.71
8.06
8.07
11.62
3.10
1.44
4.55
4.57
4.55
7.02
1.49
3.06
4.56
11.14
8.57
17.19
2.48
10.16
7.06
16.21
14.60
10.61
1.60
1.46
14.21
11.58
11.58
14.15
29.85
1.55
10.63
8.98
25.33
2.53
15.67
10.11
1.54
6.11
2.99
5.98
3.06
34.43
12.15
3.98
12.66
4.00
4.02
22.75
3.58
6.05
43.51
9.59
6.07
7.04
8.58
10.08
4.48
7.56
1.51
6.16
14.17
2.03
3.47
10.05
10.11
4.56
3.09
6.00
2.09
10.13
2.48
23.19
7.05
7.66
1.97
5.09
3.50
3.02
3.57
9.11
7.59
3.55
31.27
4.05
4.60
1.51
9.58
8.06
5.57
3.01
23.16
3.61
7.66
11.63
12.56
6.55
3.04
2.04
16.05
3.04
7.02
5.54
2.01
4.07
4.49
11.65
4.63
11.13
1.56
18.71
3.06
1.96
12.12
9.58
7.04
9.09
3.58
6.09
17.21
2.48
14.69
3.01
4.58
3.47
5.09
7.14
4.03
13.15
2.02
6.55
2.06
5.04
3.02
10.11
9.14
6.51
1.52
21.26
6.51
3.60
1.50
3.50
3.60
4.06
6.01
7.05
12.16
14.56
14.20
12.68
12.65
1.99
8.57
6.09
4.61
6.08
4.03
7.05
9.07
12.05
14.74
7.59
14.25
3.94
7.09
16.74
5.11
7.07
6.08
3.53
38.82
4.01
23.73
3.55
11.61
4.60
1.99
5.03
27.79
2.02
19.73
15.66
11.64
2.00
15.62
34.91
3.53
1.53
25.33
4.02
3.54
14.16
2.04
6.05
6.50
2.02
7.11
16.10
17.67
2.06
8.03
3.04
5.52
4.00
5.57
3.04
3.05
3.01
5.64
7.12
4.56
21.79
12.50
4.65
9.11
2.46
16.14
2.00
5.03
12.60
3.08
3.50
7.55
4.57
13.03
4.50
12.12
8.13
8.08
7.08
1.99
5.04
4.05
4.08
2.61
6.04
8.62
4.04
1.63
5.09
10.46
5.09
18.28
30.24
3.98
2.51
2.99
4.06
15.62
5.53
11.13
28.79
2.55
2.03
4.53
3.01
7.57
2.00
14.63
1.51
8.09
2.06
3.11
2.96
2.99
11.14
4.10
4.52
11.61
10.24
13.66
4.51
4.98
5.05
10.09
13.69
14.61
7.57
7.61
14.21
5.56
10.64
2.02
1.49
5.56
3.58
11.67
17.68
4.00
1.53
4.47
4.06
3.10
4.54
2.50
2.54
6.10
4.46
11.56
2.56
4.01
9.12
2.58
2.60
4.01
8.56
5.51
31.41
9.06
14.05
8.47
1.57
8.09
14.65
15.13
9.63
1.53
5.07
10.67
5.03
1.50
29.76
4.03
23.71
4.54
13.68
3.58
6.06
6.57
4.55
6.60
1.56
8.54
8.09
6.04
9.64
3.54
10.07
3.54
3.07
4.64
13.10
7.07
3.10
3.43
5.54
14.57
5.04
6.64
5.57
4.56
6.08
2.01
9.11
4.09
2.95
9.11
10.05
1.49
6.11
4.59
8.05
5.03
3.05
3.03
12.66
2.00
3.53
3.02
5.57
4.52
10.58
21.73
7.07
1.60
22.23
6.50
5.00
3.60
12.14
6.03
27.77
6.58
8.12
12.60
3.55
4.10
3.51
6.54
26.37
1.99
7.63
1.98
8.52
14.63
2.04
7.56
1.56
9.59
19.15
9.10
5.58
2.01
7.04
2.59
24.37
12.15
5.42
12.08
7.11
14.09
4.59
4.05
3.52
9.58
2.53
5.54
11.70
8.56
10.58
1.51
5.08
5.53
6.56
47.54
9.61
4.57
1.57
2.47
3.05
3.51
6.52
2.09
11.19
3.99
7.08
14.61
2.00
5.01
6.60
6.02
1.57
11.61
2.03
2.02
19.73
15.67
2.52
10.08
2.49
11.61
2.10
1.95
5.03
4.61
11.76
3.46
2.05
4.99
3.54
5.53
15.66
3.50
3.02
2.64
4.96
9.57
2.62
12.10
6.06
4.49
2.55
2.01
10.59
14.13
4.54
5.08
7.62
6.57
1.92
29.30
16.18
11.68
17.20
13.09
13.10
15.22
15.16
6.06
11.10
2.52
2.49
7.05
3.02
13.20
3.50
22.85
24.86
1.45
11.09
4.52
8.12
12.05
1.98
1.45
2.50
16.67
5.04
1.55
6.07
22.84
4.51
31.32
6.07
8.56
8.02
5.08
4.58
2.98
1.52
2.64
15.60
4.12
5.00
40.88
10.11
3.08
2.53
26.66
5.00
8.10
12.13
18.24
5.57
11.61
1.48
4.01
6.07
10.14
13.11
3.05
2.56
11.67
4.03
8.06
3.07
8.02
9.98
4.47
8.12
3.02
10.64
12.17
3.06
5.53
7.03
11.10
8.60
6.58
13.62
2.09
1.52
1.46
4.51
2.12
10.11
4.06
3.56
1.50
5.52
10.04
4.08
2.00
6.00
1.53
4.58
1.52
15.19
5.55
4.60
3.53
2.56
6.55
6.00
5.11
4.53
7.07
19.18
2.54
22.72
7.12
1.47
7.60
2.00
10.16
3.58
5.55
2.04
4.47
6.63
1.91
5.03
4.19
4.65
3.44
2.52
8.47
8.12
6.03
17.15
36.89
8.06
2.05
13.67
4.04
14.69
1.50
6.05
2.52
15.68
2.06
26.74
2.00
9.64
2.48
2.00
2.00
5.57
13.65
19.17
18.75
3.05
4.00
10.10
7.56
2.51
7.52
3.11
7.04
14.11
3.54
3.09
4.60
5.01
3.04
14.12
46.96
2.04
5.53
5.63
17.71
8.53
8.15
2.14
2.05
20.23
1.43
3.90
5.03
6.11
6.06
4.58
11.12
5.04
13.06
3.55
4.11
13.19
13.08
1.50
15.23
1.99
4.51
8.00
5.09
10.62
6.59
6.58
4.98
5.53
4.06
21.17
2.54
11.62
2.01
3.54
2.52
12.09
8.66
1.45
2.02
18.19
6.08
12.65
1.52
2.55
4.52
3.04
7.03
3.01
6.03
2.53
4.56
13.66
11.59
21.69
8.57
5.08
10.09
6.09
1.99
3.59
12.11
3.06
11.15
1.48
2.52
11.63
9.04
38.32
13.14
2.61
7.52
19.17
10.59
2.49
4.61
13.17
8.03
10.12
2.52
5.56
5.08
3.51
5.46
7.59
12.12
4.07
2.04
10.16
2.50
4.02
2.00
7.04
3.09
5.09
4.07
1.46
5.01
5.61
4.52
12.15
10.06
9.17
2.59
13.66
14.68
11.49
11.10
7.59
10.55
4.10
2.02
5.50
10.65
5.56
10.15
10.06
8.03
9.09
2.60
5.59
3.61
2.48
2.57
7.53
6.98
5.60
8.61
3.98
5.57
11.53
1.50
25.33
5.57
3.45
13.63
3.53
2.50
2.07
2.09
5.56
2.02
13.13
4.99
5.56
7.10
1.48
14.63
1.57
7.60
1.51
21.77
2.55
2.97
11.14
7.05
1.50
3.57
23.19
7.06
12.18
2.98
9.58
2.05
7.63
6.04
12.11
18.13
7.63
12.32
2.81
12.59
8.68
2.02
4.47
4.06
3.58
33.41
4.51
2.51
12.08
6.21
2.96
3.01
10.20
1.59
1.93
1.96
8.11
18.66
12.63
3.48
8.12
1.51
1.54
3.02
20.70
10.64
23.26
10.17
2.56
17.20
1.46
1.55
4.60
2.53
11.61
24.23
3.09
4.51
29.87
4.03
2.04
19.72
2.02
6.06
28.74
2.00
8.07
2.02
1.50
2.03
3.03
11.06
21.20
12.60
2.58
12.60
3.05
2.51
5.51
2.54
4.56
6.08
2.55
3.04
3.00
10.07
5.61
6.52
7.62
2.58
4.58
2.47
2.02
5.52
8.12
4.59
16.71
1.49
9.05
31.75
7.55
6.61
21.85
6.02
11.68
6.01
6.60
1.45
37.48
19.62
4.07
4.52
24.27
25.75
8.05
3.53
23.25
17.65
14.14
20.18
6.06
9.69
1.91
17.20
14.63
1.51
4.56
7.57
13.13
11.17
1.48
3.61
7.66
4.01
7.11
9.61
7.10
1.50
2.93
3.47
1.61
2.47
8.10
5.04
11.18
6.05
8.54
2.50
5.04
15.63
6.05
11.05
12.58
7.07
6.10
2.03
9.13
8.11
12.61
3.47
6.55
8.57
12.65
2.71
3.84
2.07
7.06
19.25
3.00
2.49
6.55
5.12
1.52
12.65
8.03
7.60
2.49
6.16
7.05
6.04
5.12
4.49
6.08
31.28
11.11
2.01
5.53
15.10
14.17
4.05
20.25
26.72
3.51
2.52
11.64
38.96
27.23
11.09
2.55
6.57
9.02
4.50
11.05
2.56
6.11
3.05
15.18
4.55
3.51
6.03
8.11
1.47
5.06
15.19
10.13
6.54
11.62
4.57
5.06
17.21
8.06
1.52
39.97
1.53
4.53
1.46
1.50
4.98
4.05
8.10
8.57
14.66
4.53
5.71
1.52
23.26
3.53
4.05
2.00
3.52
2.08
5.52
12.17
13.54
4.03
12.19
2.05
10.12
16.69
2.56
4.56
5.53
14.11
8.09
7.14
2.51
4.51
2.46
5.12
16.12
9.06
3.57
3.56
17.19
3.52
6.57
6.69
3.00
13.18
6.56
2.52
9.01
3.59
3.55
16.13
2.58
4.47
12.05
13.16
19.70
11.57
24.29
5.53
19.17
9.53
10.17
2.13
7.10
7.45
17.16
2.05
6.57
8.10
2.02
2.50
8.56
7.05
4.04
2.08
6.04
3.63
11.57
20.15
12.18
12.11
4.57
7.13
1.53
16.67
3.46
10.11
6.53
8.07
1.58
1.59
32.32
5.51
2.94
6.10
2.53
1.98
18.30
1.39
12.17
15.13
2.51
2.56
11.65
3.51
6.57
2.58
6.57
4.04
5.50
12.14
8.59
7.59
2.07
4.52
7.60
9.08
11.62
6.11
1.97
11.66
14.11
1.94
1.55
5.06
18.18
6.51
4.57
4.59
10.12
21.67
1.53
4.06
2.51
6.06
6.64
2.44
13.10
27.22
6.10
8.11
6.08
21.74
3.95
9.63
8.06
2.99
2.60
11.66
5.09
5.53
2.66
5.45
8.02
8.66
22.74
10.08
2.49
8.08
7.04
10.56
3.49
2.01
2.55
9.60
7.60
5.51
1.57
7.06
13.16
18.72
4.50
10.08
2.58
12.65
30.75
2.13
10.16
11.10
3.13
18.19
18.65
16.12
8.52
8.99
4.51
11.14
9.15
4.11
11.13
2.51
7.07
18.77
7.52
1.97
3.11
8.05
17.55
5.50
2.07
10.05
11.07
30.36
3.55
11.65
5.10
11.60
3.56
7.04
5.52
2.04
1.51
3.00
7.06
1.64
6.62
13.57
6.00
2.51
2.15
12.16
17.53
6.56
11.08
2.96
8.09
17.15
3.02
2.53
7.09
14.12
8.58
4.59
3.51
13.66
15.20
1.48
6.12
3.50
9.63
18.13
22.70
2.01
12.61
2.04
10.57
24.30
1.47
6.60
10.64
9.60
38.99
8.63
10.12
6.96
4.06
11.57
8.63
14.65
5.53
1.50
6.04
13.63
6.11
2.98
9.11
8.20
5.00
15.23
9.00
3.48
1.96
3.10
16.17
7.02
8.10
6.56
6.08
1.52
2.03
3.01
6.08
12.60
21.64
4.53
5.14
3.56
2.51
4.45
3.70
10.58
7.60
4.43
4.05
5.05
4.56
3.55
4.59
7.62
2.62
6.01
3.04
1.51
2.01
10.50
15.70
1.46
7.10
5.08
6.53
1.54
20.72
17.12
1.48
2.07
6.60
9.10
7.11
11.56
2.51
9.66
4.56
8.11
2.02
3.55
8.97
1.57
2.45
12.62
7.63
4.53
18.17
6.56
6.56
2.00
33.96
2.40
4.54
6.55
19.30
25.23
6.60
4.04
11.14
11.60
4.01
15.70
21.80
3.03
15.69
6.03
5.02
15.68
2.52
6.63
10.51
3.55
6.04
4.56
26.24
3.52
29.22
6.10
5.58
4.08
4.50
2.14
12.07
14.61
1.54
3.55
2.01
1.50
11.51
6.56
2.03
3.01
10.62
2.56
8.08
3.00
3.05
4.04
2.50
12.11
3.02
1.49
4.53
3.02
2.03
4.63
1.95
7.12
39.40
5.57
12.66
10.08
5.05
5.56
2.52
6.63
18.19
4.54
6.08
4.07
1.47
5.55
12.09
2.06
5.08
2.99
8.64
6.07
2.53
2.48
4.03
8.59
3.02
11.66
14.62
1.97
2.04
3.05
7.55
21.30
4.11
6.56
2.51
1.49
5.06
8.62
8.07
7.08
20.32
5.49
7.60
17.65
6.06
3.10
53.60
4.51
4.66
3.59
2.42
2.53
21.79
5.08
10.96
9.66
9.13
10.09
1.49
2.08
4.04
12.65
21.23
9.07
1.94
2.05
2.57
11.05
6.57
2.99
2.04
8.07
10.62
2.51
6.61
20.72
3.51
7.04
19.80
4.51
14.15
5.01
2.60
14.09
10.56
3.04
39.41
3.54
10.60
8.11
9.60
4.55
5.04
5.07
8.08
7.58
14.63
8.06
6.01
5.61
5.60
4.52
5.05
6.07
6.56
4.60
10.08
15.63
3.56
2.03
3.03
13.11
1.53
8.54
15.67
6.54
2.04
10.62
10.62
4.57
1.47
8.58
1.50
2.61
1.43
5.57
8.61
16.79
2.43
5.55
11.65
2.03
23.70
1.51
12.06
11.70
3.49
2.52
17.23
6.10
12.63
1.50
5.55
3.57
10.51
9.65
2.13
5.02
5.57
9.47
26.33
11.67
4.98
10.08
10.61
3.49
34.87
11.57
4.57
17.28
2.55
12.14
6.49
8.13
21.20
3.95
5.02
2.58
20.26
4.98
3.58
7.59
5.55
6.03
8.57
5.52
10.15
2.51
11.19
5.57
2.49
18.22
6.53
5.14
12.16
1.95
2.43
2.56
24.74
10.08
16.72
21.36
2.45
7.08
6.01
7.60
5.04
1.54
4.55
16.12
10.65
3.54
4.07
10.57
4.64
23.80
7.02
2.55
46.03
3.01
12.58
7.53
9.53
1.52
2.53
7.59
3.04
1.99
6.62
8.18
3.57
4.61
3.45
3.52
3.99
11.61
18.60
4.02
4.58
29.24
10.59
2.52
12.66
27.30
14.69
8.04
1.51
12.14
9.11
1.46
6.54
10.62
2.03
2.51
4.56
2.00
4.56
17.71
5.12
7.06
2.53
2.97
1.56
4.15
4.03
1.53
14.19
7.94
8.03
9.12
3.59
8.13
2.98
3.98
5.06
11.14
2.00
8.62
18.26
8.04
12.11
8.01
17.23
22.21
20.24
2.04
2.03
1.55
1.51
1.51
1.97
7.57
13.15
3.05
25.77
2.52
2.04
2.55
4.55
11.63
15.73
2.53
2.57
2.48
5.05
7.10
22.16
3.53
10.66
6.06
9.70
6.08
1.52
6.01
1.51
15.18
1.47
5.60
10.11
14.16
2.97
7.04
4.54
2.52
4.61
5.06
1.56
19.61
5.52
5.54
5.58
11.14
5.56
4.01
15.11
10.62
5.05
4.63
18.17
12.12
11.11
12.09
15.12
1.52
5.01
2.64
8.66
12.10
4.97
4.08
8.54
7.07
1.59
9.12
6.59
1.99
1.58
8.56
8.02
2.01
2.53
3.02
4.51
11.63
1.51
8.11
1.95
8.09
8.09
1.51
15.23
21.21
5.13
6.62
2.51
11.16
1.95
7.09
4.08
16.12
1.55
2.53
5.04
11.06
1.52
36.89
8.59
3.52
4.10
14.59
5.52
4.65
1.94
4.04
14.13
4.56
4.00
6.57
10.62
14.63
16.65
6.06
6.07
9.58
7.08
3.52
5.57
3.05
2.03
3.55
10.14
4.72
5.62
10.61
8.48
1.54
8.50
6.11
2.09
7.06
11.03
12.57
2.06
1.57
1.94
5.02
16.19
9.12
7.60
1.47
2.03
1.54
14.63
3.16
10.62
1.90
7.08
4.65
1.46
9.01
6.10
5.06
2.52
6.47
3.08
22.68
5.99
12.66
5.64
1.49
17.63
6.54
5.09
6.08
15.17
8.06
13.59
12.67
4.05
2.00
5.55
8.58
10.09
20.87
15.71
8.56
5.63
18.17
9.54
5.02
5.60
10.64
4.47
3.04
5.61
14.11
7.10
4.06
2.43
1.50
2.03
5.66
7.07
9.03
2.48
1.54
11.08
4.04
1.55
3.56
31.39
1.56
2.13
7.04
6.51
9.63
4.48
23.67
7.10
1.99
23.28
8.10
5.08
6.02
7.50
6.05
8.09
9.63
18.73
3.55
3.53
6.57
5.60
1.49
12.62
2.54
1.52
3.08
12.53
13.21
1.95
1.49
16.13
7.13
22.75
2.43
12.22
7.07
7.04
10.60
3.58
6.57
4.04
3.54
6.54
2.56
1.49
2.96
10.18
9.18
8.98
15.17
9.01
5.60
14.12
7.10
17.11
9.66
4.60
6.64
8.01
11.57
2.51
1.48
14.15
2.63
3.45
5.50
8.58
3.56
2.57
4.00
12.64
6.62
10.59
2.51
4.58
4.02
2.53
9.60
2.11
7.09
1.48
6.06
7.03
8.59
4.54
3.03
14.13
5.57
4.05
12.61
7.14
4.07
10.59
9.09
3.58
8.19
16.68
12.58
8.03
3.55
8.06
4.51
5.63
9.08
7.52
18.27
6.11
2.48
20.63
8.61
16.57
9.26
5.53
2.43
7.04
14.23
8.56
15.17
4.52
28.74
5.06
4.58
2.55
2.97
6.59
10.61
20.22
42.40
8.16
8.02
1.51
3.57
4.02
8.64
1.52
4.98
13.69
9.64
14.63
16.68
1.49
14.12
7.12
1.61
10.62
10.51
11.18
26.79
5.02
5.56
17.69
15.12
5.06
3.53
1.99
7.54
7.05
5.03
1.61
2.09
6.14
1.95
4.48
5.01
4.04
5.08
5.09
4.03
5.58
9.07
14.14
1.51
3.51
2.99
4.53
22.28
12.73
6.63
6.03
1.56
11.16
17.71
2.00
9.58
2.50
13.56
11.15
17.72
1.49
21.18
3.49
6.57
8.06
7.60
2.57
3.62
3.52
1.50
9.57
5.04
10.63
12.10
11.61
2.04
5.07
3.00
1.48
10.14
2.03
10.14
8.09
4.05
23.36
13.64
1.99
5.98
5.06
12.60
6.06
2.56
19.19
2.60
3.57
1.46
16.70
8.62
4.54
3.12
2.00
16.12
3.44
2.07
8.58
5.52
2.53
4.62
2.51
14.19
1.45
9.66
7.09
12.62
3.00
17.27
4.56
1.95
1.97
3.10
1.49
25.10
16.21
2.47
1.58
2.95
34.29
1.58
18.69
7.59
5.54
3.03
8.06
2.52
1.50
10.57
20.70
4.08
27.90
13.75
3.98
4.54
12.65
1.50
14.21
6.52
14.10
1.97
17.72
4.50
2.02
7.07
7.60
5.09
14.64
12.28
6.07
1.85
3.01
7.11
5.50
2.13
5.57
13.69
11.08
3.54
1.57
18.58
3.03
5.52
9.63
2.01
15.19
6.59
7.08
2.08
11.74
6.56
14.65
1.55
1.47
4.05
2.59
2.03
2.59
10.55
2.43
6.06
3.50
16.56
7.15
3.06
4.05
3.03
23.28
4.52
14.74
1.99
15.71
3.46
7.50
29.83
4.55
2.54
5.11
9.15
8.61
7.52
5.02
3.56
13.17
13.15
6.02
11.57
6.60
1.46
4.64
1.46
11.60
47.47
8.56
4.04
2.09
2.06
15.15
2.99
4.10
7.57
5.61
14.62
7.68
11.15
2.52
9.44
29.81
6.60
2.42
9.61
3.57
5.01
4.04
1.49
16.65
18.73
3.11
2.45
7.57
6.51
5.60
4.53
11.72
13.61
2.05
3.98
18.62
19.64
1.51
4.06
16.73
8.11
8.03
2.45
7.06
6.59
4.04
9.66
3.00
6.15
5.01
9.07
6.60
14.68
1.45
6.06
8.63
7.08
6.00
4.56
9.06
25.82
1.63
4.57
5.58
5.99
5.52
4.54
3.55
1.48
4.03
8.11
8.12
24.27
13.66
5.09
17.12
5.05
1.53
5.52
4.04
11.64
2.01
14.69
16.22
2.93
9.10
3.06
12.14
6.53
4.09
7.10
5.01
1.55
8.11
8.58
3.08
6.53
10.59
15.19
7.11
7.16
3.02
4.57
5.49
2.59
5.98
10.53
4.13
1.67
13.63
2.93
5.96
1.51
5.60
2.99
5.07
14.13
7.09
7.08
4.52
22.23
2.51
22.77
12.13
1.49
8.10
9.69
10.03
12.12
2.55
18.75
5.01
6.00
5.01
2.04
2.53
2.04
1.52
3.04
5.01
10.58
10.08
3.57
4.53
3.10
8.09
9.60
11.00
1.53
16.22
2.02
1.44
6.58
3.03
5.65
2.59
2.43
5.04
2.61
3.98
17.72
8.10
21.72
10.04
3.52
2.98
8.08
8.64
2.51
1.50
2.00
13.15
3.52
11.62
1.59
15.70
15.67
11.12
10.11
13.09
3.55
5.61
12.67
10.03
4.05
6.08
27.76
4.05
9.16
4.63
1.96
2.49
3.06
13.13
8.16
22.23
15.13
1.51
22.25
8.51
3.03
2.50
3.53
6.08
5.61
10.13
5.01
1.53
3.03
5.60
2.59
1.45
11.61
9.04
8.12
9.09
11.08
5.61
14.14
6.04
2.01
4.06
2.00
2.62
3.45
19.25
10.14
3.04
30.75
11.54
21.77
3.53
21.14
8.99
9.14
2.55
2.01
7.06
4.08
13.68
15.19
3.60
2.45
12.56
6.59
6.58
4.02
7.65
22.78
2.00
13.13
2.56
2.09
4.50
2.08
6.50
13.17
4.99
2.56
9.61
22.22
4.57
4.00
5.04
4.59
16.64
6.55
2.50
12.21
7.13
5.62
12.14
6.57
4.46
1.51
2.49
8.03
7.64
10.65
7.66
7.51
1.50
7.57
10.13
9.26
1.57
15.56
1.51
5.54
6.49
1.52
6.51
3.56
7.11
12.60
8.57
4.52
18.19
5.50
16.18
5.59
13.63
14.63
1.61
7.48
16.66
4.71
7.63
