4.14
9.09
6.22
5.52
12.10
4.58
4.59
5.98
2.80
15.23
2.86
4.50
22.73
3.77
28.29
4.55
5.07
4.02
3.54
15.10
24.18
2.53
2.02
3.53
2.02
1.50
22.21
1.55
10.60
8.53
16.69
4.02
6.04
3.55
7.12
3.54
2.01
4.02
10.09
6.05
4.05
4.06
11.09
8.65
6.58
4.54
13.61
22.71
8.06
3.07
12.09
21.83
13.64
5.55
1.52
34.82
12.09
13.62
19.19
4.54
16.15
13.66
4.05
6.61
2.57
3.49
5.08
1.46
18.69
11.60
2.53
7.60
2.02
2.05
2.58
14.65
7.02
7.52
3.54
2.59
2.95
12.10
2.56
4.02
1.56
27.71
19.70
10.60
2.55
1.98
3.57
19.18
8.60
1.51
5.02
7.08
4.05
9.10
3.54
12.14
9.05
17.20
6.03
5.56
6.06
1.50
7.61
4.06
1.49
2.04
10.08
13.67
4.56
2.53
14.15
5.06
5.52
6.08
7.61
1.56
1.48
4.51
6.54
6.59
8.10
4.04
4.54
3.53
3.54
26.23
10.61
1.55
11.12
6.05
1.51
6.06
3.03
6.60
5.58
4.55
18.71
6.60
4.03
36.85
5.03
5.54
4.08
1.49
1.52
6.08
4.58
2.48
9.10
3.07
5.03
1.53
2.50
4.48
3.04
3.06
4.02
7.10
4.09
26.77
9.60
7.07
12.59
9.05
6.06
5.10
12.68
2.52
1.53
13.18
12.62
10.61
3.03
7.08
1.50
3.04
3.03
2.04
2.55
3.00
5.01
2.04
1.54
13.16
6.02
11.15
6.05
15.62
11.14
5.61
4.56
4.49
2.51
7.58
24.68
10.08
3.51
3.03
3.05
15.65
10.63
12.11
24.80
12.62
6.56
10.59
2.50
5.59
3.51
35.28
23.23
10.62
2.01
4.58
7.59
4.03
1.58
2.55
7.59
4.02
7.99
1.58
4.04
11.16
3.07
2.47
5.50
22.71
4.59
1.49
11.67
2.59
8.11
10.58
8.08
27.71
14.10
5.01
2.03
2.59
7.58
2.00
12.08
14.60
11.64
7.06
21.22
1.55
5.03
3.50
1.52
5.01
6.61
21.69
1.51
2.53
4.03
3.50
2.00
3.56
2.53
6.06
11.09
4.54
3.03
1.51
1.53
4.03
2.04
1.54
15.12
2.52
7.08
6.56
8.56
2.02
8.64
10.62
3.01
7.57
5.05
7.13
15.15
3.57
2.47
7.61
28.30
20.70
1.51
9.58
9.09
7.59
10.66
5.54
6.03
2.02
3.53
1.51
1.52
6.12
25.28
8.61
13.10
13.12
11.57
4.53
2.57
13.19
12.62
7.07
11.57
13.10
5.58
2.04
7.12
3.51
5.01
8.57
5.04
5.07
2.50
9.09
4.58
4.50
13.14
2.54
2.53
3.00
6.06
6.04
6.07
1.55
5.00
21.73
11.61
3.54
5.03
12.64
8.58
2.50
1.98
2.52
2.55
7.58
2.01
2.52
12.10
12.64
17.25
8.09
1.51
10.04
2.01
1.50
15.14
2.00
1.51
3.53
3.57
12.61
17.66
5.55
5.55
2.04
3.53
8.58
13.13
8.08
28.80
5.04
10.11
13.60
6.11
1.58
30.26
4.01
5.50
1.55
4.54
8.05
10.64
4.07
4.54
6.09
1.55
4.49
8.13
18.15
8.09
7.07
14.61
2.07
4.10
11.11
17.64
1.51
19.12
14.16
32.83
3.56
2.04
2.50
3.55
1.50
26.82
11.59
5.10
8.64
4.03
3.99
4.07
14.16
4.49
1.53
13.60
1.50
10.60
5.06
4.51
14.17
16.66
7.09
7.05
5.04
18.19
18.70
4.03
8.12
29.33
6.03
12.64
8.58
14.13
19.23
7.11
2.49
2.00
18.18
3.06
2.53
12.63
4.60
10.06
4.07
1.57
10.08
6.53
2.56
13.08
29.37
5.04
4.05
1.50
6.58
3.51
3.55
25.23
3.53
2.55
4.04
16.64
57.04
23.73
5.59
6.04
1.50
14.67
29.37
12.61
15.66
6.56
14.14
21.72
18.20
16.71
1.47
1.51
3.55
5.54
2.58
4.05
3.00
2.02
8.03
2.55
2.00
17.66
7.13
4.05
1.98
7.09
2.50
5.56
4.55
12.67
5.08
3.49
2.05
7.03
15.15
29.35
7.08
3.02
15.15
1.57
3.03
1.45
17.63
2.51
5.59
4.55
5.60
10.09
9.65
10.59
6.02
5.01
10.59
3.02
3.05
8.10
2.53
4.55
9.11
3.53
2.01
4.03
5.57
13.14
5.07
5.55
2.50
2.02
16.18
11.70
12.66
15.16
5.59
12.12
15.65
18.10
10.11
14.65
1.55
25.29
2.51
10.05
8.10
4.03
4.53
5.56
21.20
2.56
19.68
1.53
10.08
10.11
4.56
4.05
3.01
12.08
22.22
5.55
8.08
16.65
4.06
9.57
3.03
7.57
11.10
6.56
3.54
17.20
18.21
6.08
1.50
3.04
3.60
1.54
2.50
3.97
6.05
9.60
2.53
2.55
2.62
18.67
2.15
4.56
8.60
12.18
7.06
2.51
17.55
5.05
8.89
6.14
7.61
1.47
9.14
1.55
2.52
4.05
11.08
13.14
7.60
10.58
14.18
4.59
32.28
1.57
20.14
1.55
5.55
27.24
5.54
2.05
8.13
1.98
3.07
6.05
24.73
9.56
1.54
11.55
3.02
1.53
3.05
2.02
10.64
9.66
4.57
2.50
5.55
1.97
2.52
6.00
2.04
14.09
9.55
11.65
5.06
1.50
7.58
6.60
2.00
2.01
15.16
2.06
2.54
6.54
1.98
5.09
8.08
4.05
5.52
3.01
4.05
23.34
6.51
1.52
15.19
3.50
4.55
3.09
1.98
30.34
4.61
8.03
6.57
13.14
9.63
16.12
12.08
6.54
2.59
2.49
3.01
2.53
13.13
5.05
2.52
12.12
21.67
6.12
10.63
1.98
7.58
13.15
14.16
9.09
5.57
2.00
19.70
4.56
11.12
9.63
12.65
2.47
14.64
7.07
18.23
2.52
7.57
17.73
8.60
12.63
4.53
1.54
1.62
18.29
1.95
6.12
1.99
7.01
2.97
10.07
7.11
6.03
20.14
10.43
3.30
9.14
8.39
4.46
11.31
9.81
8.85
10.72
4.96
1.50
7.00
4.66
1.47
6.16
5.53
2.39
7.00
12.47
2.06
15.08
6.09
4.52
1.47
1.54
11.09
3.03
17.67
2.01
19.23
4.05
5.04
1.49
5.05
3.07
2.52
3.51
6.10
5.50
11.61
3.08
20.21
4.50
2.55
4.52
3.05
1.51
8.56
9.04
3.06
1.50
12.57
5.60
9.15
5.52
2.01
1.56
3.46
16.20
2.49
1.57
14.63
1.98
2.03
12.14
3.08
5.06
3.62
12.04
18.75
18.16
2.52
1.49
2.54
4.54
6.20
10.62
14.68
2.06
9.55
3.07
15.13
20.04
6.13
16.62
24.74
26.28
1.56
5.59
7.57
3.48
3.07
6.51
1.49
4.10
17.17
14.12
12.05
5.57
6.11
1.48
5.04
3.11
11.66
9.57
1.98
2.04
2.52
1.98
2.50
3.09
5.58
8.10
6.51
9.07
10.07
9.62
8.11
8.58
10.61
5.07
8.61
7.54
20.72
3.09
4.47
20.21
1.50
15.65
7.17
6.05
5.54
3.09
18.20
1.96
3.50
6.00
4.52
7.60
7.53
6.11
7.58
1.47
10.65
4.05
1.51
7.11
6.56
5.54
14.14
21.74
2.54
4.55
12.13
4.53
4.11
9.54
1.53
12.02
22.76
4.06
2.53
2.55
17.20
4.00
6.00
6.03
5.10
3.09
12.69
11.58
15.64
1.46
21.18
11.11
5.07
1.50
5.02
2.54
7.02
4.59
18.71
10.61
5.55
5.04
4.06
4.00
2.96
6.55
5.10
3.53
12.13
17.22
5.56
1.49
4.62
22.74
9.58
20.69
4.54
14.16
10.07
3.07
3.06
6.07
5.10
2.92
7.06
20.18
5.57
1.51
8.61
2.03
8.04
8.02
2.60
14.68
2.45
4.56
4.07
10.05
1.51
9.57
2.04
4.05
6.61
12.56
2.57
16.16
16.09
14.65
3.09
4.61
4.02
5.54
8.04
19.59
10.66
21.71
1.47
4.54
8.60
7.60
3.54
18.21
2.06
14.21
20.19
2.55
6.58
13.60
4.57
6.58
4.07
3.03
7.04
2.00
4.56
9.71
1.42
5.04
4.56
13.65
28.25
8.03
7.55
1.51
11.07
4.54
9.09
16.71
5.54
7.56
2.11
19.73
1.46
1.54
3.02
12.15
8.53
6.04
8.13
14.11
1.52
9.09
8.55
7.09
5.65
8.06
1.52
1.52
4.07
9.03
5.14
7.12
1.39
18.72
2.56
10.60
15.63
16.64
4.49
12.65
2.53
9.69
2.57
14.19
4.04
5.50
4.55
6.59
1.48
10.17
2.61
7.47
12.60
8.03
2.56
5.04
5.08
1.51
2.60
2.98
7.59
4.02
1.57
1.48
6.59
21.75
9.08
3.05
5.97
7.07
2.02
17.68
22.30
3.97
8.09
6.58
5.04
2.01
5.04
1.57
8.59
2.46
5.58
3.53
9.65
2.46
10.09
6.57
42.92
5.04
7.08
2.05
3.51
10.68
8.70
3.54
3.46
3.54
9.96
5.52
18.19
12.12
3.01
5.57
5.57
4.54
24.74
6.60
3.49
15.66
11.06
5.10
20.68
1.62
11.63
6.00
5.06
18.72
1.52
7.07
3.01
9.04
2.05
7.56
6.05
14.58
7.61
16.16
3.00
2.03
13.18
2.49
8.10
5.51
8.07
9.57
2.53
9.57
5.62
8.11
2.50
2.60
15.14
4.48
10.08
6.66
7.56
12.20
2.97
4.62
3.47
6.57
24.28
39.86
1.49
17.66
5.07
7.57
2.04
23.84
1.55
16.17
1.55
5.55
20.12
4.09
25.69
7.59
10.11
1.50
1.99
7.57
1.53
7.60
3.04
30.34
7.05
1.95
1.58
2.50
10.07
5.53
8.03
14.19
7.57
11.65
5.59
19.17
2.43
14.12
9.13
9.65
2.55
3.01
3.02
6.56
13.09
6.12
4.52
2.46
5.06
6.58
5.60
5.03
3.00
5.58
11.14
11.10
9.56
7.07
2.53
11.13
1.52
3.04
17.66
2.54
4.56
9.57
8.09
2.54
8.03
3.09
7.13
2.49
15.69
9.99
11.10
5.58
1.49
11.13
17.64
2.04
3.54
7.64
5.06
2.07
2.58
2.45
7.54
6.58
8.09
5.60
1.98
18.10
6.57
3.99
2.59
10.64
3.04
2.51
15.15
1.49
1.53
12.60
3.03
35.38
16.65
2.07
6.09
9.59
4.50
7.06
7.64
8.61
15.16
3.03
15.63
1.50
1.52
4.02
2.57
26.76
5.52
3.55
5.65
25.77
7.54
7.61
3.52
2.07
20.19
1.95
4.58
4.05
4.00
6.08
7.06
3.00
5.60
4.66
9.06
8.49
23.24
8.53
4.55
5.08
14.17
2.99
8.73
14.14
10.13
4.56
11.51
1.54
9.04
1.53
15.60
2.59
1.50
7.57
4.11
18.67
4.53
2.56
3.99
1.55
1.95
2.54
7.61
2.12
1.51
12.07
1.89
2.05
4.51
8.12
4.52
9.61
21.69
10.58
8.05
8.60
1.57
3.11
3.03
2.00
5.52
3.56
5.06
2.00
16.15
1.53
18.20
4.50
4.53
9.69
1.93
23.27
2.53
1.56
2.96
19.68
5.65
5.59
4.59
24.75
9.05
2.54
6.54
3.60
9.56
5.54
1.55
9.10
5.03
3.96
5.57
3.09
4.54
10.57
2.60
16.61
4.05
21.24
5.99
3.04
16.15
6.08
2.01
11.11
3.01
1.54
5.04
1.52
4.05
8.13
3.05
2.62
6.12
5.47
7.60
10.57
19.66
8.03
3.09
7.06
11.05
5.13
10.03
8.57
11.59
1.51
11.13
12.64
1.56
10.17
1.50
8.04
5.14
15.14
2.49
8.13
5.61
4.05
9.60
3.09
12.13
8.56
8.09
3.03
7.15
3.14
21.17
2.37
2.43
2.06
8.65
7.57
3.57
4.08
1.96
15.14
5.55
12.60
11.70
2.42
4.07
3.07
3.53
16.20
6.57
5.50
4.58
1.96
5.57
2.57
19.69
4.56
8.09
5.62
19.76
11.54
7.59
1.54
1.56
1.49
2.50
11.58
9.05
3.02
2.08
3.03
1.51
7.05
5.50
6.55
11.56
2.57
3.07
14.14
4.63
6.08
11.06
3.58
3.53
2.02
6.58
10.57
26.71
11.11
11.14
4.12
7.04
7.62
4.06
12.04
5.08
10.09
1.51
16.65
4.52
2.00
10.01
8.11
11.66
3.00
9.64
6.07
2.51
1.52
2.49
3.05
7.10
7.58
5.52
3.07
14.20
3.57
9.61
12.07
5.52
13.68
27.15
1.96
2.04
6.54
11.18
2.05
24.81
5.48
7.59
13.10
15.61
7.10
1.52
2.57
4.02
2.48
14.76
6.59
3.96
9.10
6.55
8.64
6.05
14.64
2.04
13.59
4.06
2.59
1.45
9.59
15.12
6.59
4.03
8.11
9.60
18.65
4.53
6.59
2.53
13.62
29.26
2.00
11.09
1.57
1.42
6.10
9.60
1.47
12.61
2.53
6.61
13.17
8.09
11.14
3.51
4.13
10.61
11.63
5.51
3.57
7.14
3.00
23.22
22.23
38.41
10.06
10.17
5.05
5.52
2.56
16.22
8.05
8.12
14.54
7.59
37.81
6.57
3.52
1.52
18.73
6.59
3.06
1.53
26.71
19.20
25.30
4.05
2.51
2.47
2.54
4.02
16.22
7.54
9.06
4.62
6.57
17.69
2.00
11.13
4.60
4.99
12.11
7.57
8.09
2.51
2.04
19.72
8.11
4.51
5.51
8.58
4.08
5.66
7.07
8.66
2.48
8.47
8.49
3.09
9.63
2.53
24.23
17.15
3.05
6.56
6.06
24.72
3.02
1.52
16.68
9.11
10.64
24.30
4.11
1.96
4.05
11.13
11.15
27.23
2.02
2.48
4.06
5.64
5.08
2.54
10.10
8.50
6.58
4.53
3.04
7.54
10.10
4.57
8.07
7.06
5.17
7.12
2.39
12.65
8.10
9.07
1.53
18.10
1.51
3.54
5.05
9.60
25.30
16.68
3.00
5.05
2.52
3.55
5.07
12.15
13.57
3.51
10.10
5.04
7.16
4.55
13.68
6.01
6.07
10.13
8.12
5.02
1.54
3.49
5.53
15.12
15.14
10.15
2.54
33.37
11.10
4.59
3.49
26.32
13.12
1.97
6.57
4.09
6.08
11.64
10.05
2.54
14.18
20.17
18.77
7.65
6.08
5.01
2.03
17.75
1.52
7.58
2.51
18.69
8.04
4.50
5.52
8.10
6.61
11.59
6.54
7.53
8.61
5.06
2.06
2.06
6.07
2.58
3.49
4.55
3.58
10.50
6.54
8.54
3.53
4.15
2.52
2.88
7.07
9.65
3.48
4.02
10.12
22.18
10.70
17.63
27.78
6.00
3.09
5.15
5.06
1.94
5.01
2.04
1.48
5.58
2.02
4.02
13.20
5.06
2.00
5.49
5.55
4.55
3.08
19.72
3.01
3.06
2.55
11.10
1.56
1.47
4.97
2.10
14.70
9.17
10.56
6.02
7.54
3.01
2.58
3.02
3.07
2.56
4.00
3.54
8.58
14.15
4.02
8.04
5.01
4.57
3.59
3.05
1.97
5.01
3.04
7.58
6.08
5.56
4.56
4.04
3.53
6.61
11.61
9.08
5.58
17.63
4.57
10.11
3.07
9.59
4.05
10.60
5.00
5.06
17.74
2.94
5.59
1.97
33.39
4.59
5.04
15.20
2.53
5.04
2.53
5.59
6.04
9.05
7.09
30.82
3.06
7.04
5.50
8.03
4.05
11.63
1.54
14.63
18.70
4.01
5.56
7.06
11.07
18.71
10.17
7.03
4.06
3.58
7.56
5.50
3.08
7.55
28.72
10.58
29.29
4.54
7.57
3.05
7.10
4.52
2.54
5.04
1.61
11.61
7.57
1.99
1.56
2.49
2.02
11.18
5.58
4.07
6.03
5.50
35.82
18.12
16.82
10.12
1.41
1.44
2.03
8.59
6.58
15.63
3.10
4.51
8.56
11.12
3.09
1.50
2.50
4.06
3.04
1.52
11.70
1.45
4.55
3.05
4.05
10.05
14.22
3.54
1.98
2.56
6.04
4.10
3.53
2.01
5.57
4.53
2.51
2.08
11.69
5.07
2.99
1.50
2.00
3.08
7.56
23.65
13.60
3.07
10.13
35.84
9.02
3.53
20.65
5.56
12.08
1.56
2.05
6.58
5.09
3.98
6.15
11.07
4.56
32.30
3.01
2.58
1.95
1.52
13.15
5.07
5.55
1.50
27.21
2.07
7.58
3.49
5.09
3.04
3.08
6.06
6.08
2.53
4.59
4.07
4.55
15.64
8.04
8.54
6.59
21.68
1.46
4.54
15.62
3.07
10.10
1.99
6.57
1.52
1.50
16.69
1.99
4.58
13.20
2.52
1.49
1.56
8.13
8.02
5.03
14.65
8.58
3.05
12.08
6.05
6.56
9.62
4.53
10.12
2.51
8.07
6.56
6.02
4.03
2.03
3.04
52.10
8.05
12.16
12.62
11.60
2.06
3.03
5.08
13.18
9.65
7.06
2.99
6.55
2.56
8.08
8.59
4.08
11.05
7.06
12.10
3.54
15.15
6.07
1.51
4.07
6.56
11.61
1.50
3.62
6.00
20.17
35.82
5.60
12.69
19.15
6.56
4.11
7.07
7.13
3.96
3.00
1.50
2.52
10.12
9.09
4.03
5.54
7.09
4.06
24.32
5.54
3.53
3.04
1.46
1.58
9.11
6.57
2.49
5.50
8.04
29.76
1.57
14.64
3.54
10.11
11.54
5.04
1.54
16.67
3.00
18.69
2.05
17.14
1.60
12.14
1.53
14.16
17.63
7.54
10.08
1.63
2.47
4.00
4.06
4.02
10.09
4.54
16.07
6.05
11.69
6.11
12.57
3.01
1.49
7.52
4.53
1.52
5.02
17.13
6.51
8.12
2.04
25.34
9.58
9.10
2.05
4.50
14.06
4.05
5.56
3.56
4.58
2.01
4.08
15.18
7.06
33.33
2.49
5.04
10.60
4.08
13.11
5.09
22.25
9.61
7.06
4.52
10.58
4.62
12.14
10.58
3.52
5.52
13.61
4.07
12.10
2.03
10.10
17.19
4.59
8.60
3.01
5.54
19.22
9.60
6.06
5.06
1.51
3.52
4.62
4.50
5.59
6.09
6.06
7.13
4.00
2.07
5.53
1.97
3.51
4.06
5.60
23.73
1.56
5.55
14.15
8.00
8.63
6.04
3.03
7.10
6.09
21.33
8.62
2.96
5.54
3.02
5.65
3.11
5.94
3.55
9.03
5.68
37.28
2.38
1.51
13.22
7.62
4.01
11.10
24.25
4.61
1.48
20.71
13.20
6.55
2.48
2.56
6.08
4.59
19.71
2.54
17.63
12.58
5.58
3.05
26.25
2.51
5.05
19.69
21.28
21.23
2.47
11.12
2.52
9.07
6.59
7.62
4.05
5.09
9.58
21.21
4.08
3.99
1.52
14.53
31.31
8.55
5.06
20.66
44.97
3.04
5.57
9.09
1.51
1.50
48.02
7.12
10.67
8.11
2.53
2.04
4.02
4.06
4.03
1.47
4.56
1.62
14.66
7.04
6.10
12.56
6.08
2.01
1.54
1.49
20.76
3.03
9.12
4.62
7.55
4.48
4.05
22.18
4.06
2.01
2.04
6.51
9.09
15.19
1.51
3.03
12.60
1.53
7.15
5.57
3.49
5.60
6.07
12.12
3.05
21.19
24.72
23.81
2.48
7.62
7.07
3.58
3.00
5.51
4.62
7.12
1.51
1.48
7.55
11.07
10.08
2.01
5.55
3.03
5.52
10.63
11.09
2.05
5.61
6.09
13.71
4.52
2.99
10.54
4.98
5.09
7.01
1.99
4.56
12.64
7.65
1.99
6.08
7.02
5.09
2.55
1.48
6.05
1.49
3.10
4.08
1.49
4.52
13.62
13.65
15.14
1.56
13.12
5.01
5.62
15.18
8.12
14.65
15.10
2.53
12.61
2.03
2.98
11.14
26.69
22.21
6.03
1.55
5.02
2.05
6.55
4.57
10.57
20.71
1.51
12.09
4.06
3.49
7.62
23.74
18.71
3.57
6.54
6.05
3.53
20.80
18.13
15.66
13.13
15.12
3.10
2.46
11.07
35.26
1.51
5.07
2.56
2.01
7.14
8.63
6.06
4.48
3.56
5.03
4.69
22.17
23.71
13.52
6.12
4.56
6.01
9.63
5.58
5.02
11.16
5.03
3.61
1.97
4.04
7.62
7.54
2.61
7.62
2.46
2.02
19.67
6.01
2.47
3.03
2.05
10.14
12.67
7.07
14.68
2.59
1.45
10.08
3.07
12.59
7.07
2.11
12.06
1.91
24.77
11.08
4.55
5.09
5.58
2.49
21.73
4.54
3.63
1.43
3.53
1.54
4.08
7.07
1.52
1.52
2.00
7.06
9.06
2.00
5.11
1.51
5.02
14.63
5.04
20.24
9.63
6.59
9.09
21.72
18.72
2.46
4.00
4.55
5.60
3.05
4.56
10.05
9.62
4.05
14.20
9.08
4.04
9.59
6.03
9.13
8.09
2.02
3.22
14.69
13.13
1.54
8.92
6.59
12.66
1.50
6.03
2.51
17.71
1.95
4.00
8.07
4.69
3.52
4.07
7.00
3.51
11.15
8.65
2.98
1.54
27.27
6.08
3.00
4.09
2.10
5.55
8.06
4.54
5.55
3.60
7.04
17.57
10.61
12.07
7.58
4.55
6.18
8.61
6.56
10.10
15.10
3.00
2.00
3.03
4.52
16.67
6.10
6.58
3.51
3.03
18.17
7.60
8.58
25.16
3.08
13.68
1.49
1.97
3.02
11.10
35.81
13.12
4.55
8.55
6.54
1.51
4.56
4.58
24.76
7.50
22.21
7.08
1.51
16.24
20.70
15.18
2.57
4.59
1.47
5.56
2.10
2.56
2.45
6.01
21.18
4.03
8.12
11.58
11.56
7.06
21.64
3.52
1.52
4.56
11.12
6.59
28.87
2.98
11.13
6.06
2.53
4.05
1.99
14.10
4.06
2.49
7.06
9.11
14.10
2.98
6.11
4.04
3.03
2.53
1.98
8.13
3.06
2.53
4.51
4.54
1.53
8.18
4.44
10.11
1.50
21.68
1.52
10.07
6.56
40.45
20.67
9.11
2.05
2.55
10.58
23.27
3.06
22.68
21.26
3.53
4.53
3.60
7.11
4.97
13.66
19.75
2.01
17.19
10.61
6.57
4.59
2.97
13.10
9.63
5.13
29.77
7.98
2.07
5.01
17.69
4.59
4.99
6.60
4.05
26.82
5.03
31.30
13.63
3.01
12.16
5.06
8.05
6.59
10.11
9.10
8.54
1.99
5.10
1.59
2.01
2.43
3.09
5.52
2.52
8.59
3.07
12.16
30.27
7.54
2.52
10.59
3.04
3.54
2.48
3.55
13.16
21.78
10.19
9.03
4.04
9.52
6.06
12.14
18.67
2.51
3.59
1.43
4.51
9.55
4.04
1.53
5.54
11.14
12.63
6.10
11.12
1.53
7.01
12.63
8.17
21.71
4.04
2.02
12.56
2.51
2.52
7.09
24.26
7.05
4.51
5.52
4.06
4.59
3.58
9.63
1.57
12.10
12.66
3.50
4.56
4.50
9.11
2.01
1.49
19.19
2.53
3.53
14.14
5.55
9.59
2.55
17.23
16.15
37.30
3.56
5.03
5.11
5.07
5.05
26.17
9.10
4.61
4.55
12.61
3.54
22.19
6.56
3.03
10.61
5.03
9.03
3.52
3.05
1.99
5.01
2.53
2.11
17.29
1.41
2.97
4.06
3.57
5.08
17.70
3.65
1.45
3.56
4.54
1.51
7.03
18.16
4.07
12.10
5.07
22.76
1.54
6.05
2.57
24.16
6.03
14.19
1.54
18.67
23.21
7.58
5.05
4.03
14.62
11.10
6.69
12.17
6.10
4.53
11.06
4.03
3.02
13.11
3.02
3.52
6.12
1.45
10.62
6.58
10.58
8.11
3.55
7.04
8.59
11.62
14.19
21.68
6.06
3.12
1.44
12.11
6.57
12.63
6.06
4.03
2.00
2.55
11.15
12.59
6.54
12.66
4.48
6.62
2.04
4.10
2.46
10.56
4.03
11.10
1.53
28.81
3.04
5.04
2.07
2.61
9.66
1.46
5.01
6.58
5.58
7.58
2.02
19.17
1.45
12.16
9.13
7.53
12.18
4.05
5.50
3.02
12.63
8.55
5.59
3.02
6.04
2.04
5.55
2.02
6.02
19.22
4.60
7.05
5.55
2.58
3.99
13.63
9.61
1.47
3.52
6.04
9.11
18.65
3.08
1.54
2.51
12.65
3.52
10.64
4.52
4.55
3.00
1.55
12.59
3.00
10.11
2.46
3.52
16.10
1.51
14.13
6.60
6.60
4.04
2.51
1.52
5.55
27.27
11.59
6.59
1.50
6.57
9.58
27.30
1.46
3.54
16.65
2.54
7.09
12.24
7.58
8.11
2.02
3.10
3.47
11.54
12.65
1.93
7.09
10.09
4.58
2.51
7.55
1.50
1.49
19.71
3.02
21.27
26.80
7.59
2.58
2.98
8.04
1.54
5.61
2.53
3.48
2.51
4.04
29.83
1.61
7.10
7.60
9.59
15.16
5.57
12.05
12.66
29.30
1.46
6.59
5.61
12.07
9.61
3.60
10.56
6.98
1.58
14.58
10.17
2.54
8.57
5.04
6.06
2.98
6.05
2.57
2.06
2.48
8.07
15.64
9.58
1.58
16.19
3.04
2.08
1.47
5.10
8.05
2.50
10.04
7.18
6.57
4.03
2.03
26.78
4.62
4.55
19.59
8.51
6.07
6.60
6.13
3.48
6.53
6.04
1.52
5.60
7.58
8.54
6.07
6.08
5.08
1.92
6.53
1.57
1.51
6.05
23.75
12.66
2.00
1.52
3.99
8.06
2.04
4.04
1.53
6.05
2.01
3.53
9.58
1.53
13.72
9.19
3.53
20.26
2.57
10.53
1.62
17.11
5.03
4.97
2.54
3.02
8.60
9.54
4.04
3.11
4.97
10.59
8.56
4.08
2.00
5.57
2.00
6.61
3.47
7.59
2.04
2.05
1.97
9.13
2.52
1.46
11.15
1.49
24.81
6.58
9.15
15.58
21.22
2.53
9.56
3.53
7.56
8.57
2.05
1.59
11.05
18.66
6.63
23.27
1.48
1.99
3.49
6.04
8.65
1.48
12.63
10.12
3.57
4.52
11.05
8.12
4.05
8.58
11.68
12.08
2.05
4.59
6.01
4.54
6.05
4.07
6.08
9.57
7.56
5.05
2.09
2.47
20.20
3.02
2.52
9.61
3.00
5.07
12.16
13.16
20.77
10.16
1.97
3.50
1.99
2.56
5.52
2.07
5.03
31.31
1.99
5.05
12.10
4.54
17.66
1.57
5.08
8.58
5.01
2.54
4.52
2.56
5.00
7.05
4.48
2.59
3.06
2.47
7.10
4.51
5.63
11.60
2.55
5.52
3.49
23.23
7.07
4.08
4.55
15.68
2.03
7.05
9.56
4.59
8.11
5.01
6.13
3.49
20.24
1.51
19.19
4.04
5.04
2.49
2.00
5.04
4.56
1.56
10.11
2.51
10.60
13.17
2.00
3.54
4.53
13.16
10.66
7.07
7.01
11.62
1.54
9.13
7.05
3.99
1.51
7.56
25.21
4.57
4.60
2.95
15.14
7.11
6.12
3.49
1.47
22.75
2.01
2.54
10.23
3.54
1.53
6.50
2.05
19.73
1.45
2.07
12.09
12.66
7.02
5.02
2.51
7.59
3.03
13.14
1.52
10.18
2.46
9.58
2.01
1.62
16.68
2.52
1.52
4.52
9.99
7.64
5.11
15.64
1.56
5.59
14.16
6.49
10.69
5.03
5.06
1.53
1.55
3.00
3.99
9.50
4.02
10.65
7.62
1.49
10.59
2.60
9.52
11.10
13.65
2.55
6.05
7.11
4.49
3.53
7.62
11.55
3.54
14.67
10.61
7.51
14.63
8.62
19.25
8.13
6.09
3.96
1.49
5.01
4.00
3.56
10.10
11.69
19.75
3.47
7.09
22.26
3.54
9.07
17.24
2.50
9.56
9.55
3.04
1.51
6.04
3.52
7.10
6.56
14.16
20.75
6.60
4.03
11.14
4.03
2.52
1.48
1.55
8.03
3.00
10.24
9.48
3.04
2.08
22.74
6.58
9.05
1.52
1.47
4.53
2.08
4.59
2.97
1.98
36.88
4.05
5.04
4.02
2.52
1.51
7.07
16.14
3.55
8.12
9.58
13.08
2.03
10.56
6.10
1.58
2.53
35.38
1.50
15.10
3.02
5.05
18.68
15.14
15.60
5.56
22.68
3.54
3.02
11.68
14.17
5.58
2.01
6.14
4.95
6.11
31.81
11.05
2.54
2.00
1.50
4.02
43.45
9.58
7.53
2.52
2.02
2.65
6.10
25.78
3.98
7.46
1.98
7.08
4.58
9.62
4.58
3.56
4.05
4.02
8.57
4.50
6.05
11.12
4.08
4.03
3.02
4.05
1.58
2.05
3.46
11.14
5.61
10.61
10.11
12.57
1.55
10.10
4.02
1.52
17.67
5.01
2.54
12.14
3.46
12.17
10.66
27.34
11.14
6.57
1.49
2.48
2.00
7.57
4.06
2.53
5.61
1.99
7.09
4.56
10.14
7.04
7.52
2.01
4.11
12.12
7.57
5.06
1.94
9.18
8.15
13.71
4.99
1.98
8.00
5.57
10.54
2.56
2.52
4.56
3.02
8.54
3.52
6.62
13.70
10.15
9.08
9.60
2.00
1.50
3.03
10.07
5.03
7.12
5.03
11.59
4.06
19.73
8.09
5.51
10.07
4.57
4.55
8.12
11.59
3.07
9.56
2.99
5.04
33.35
2.05
7.58
1.95
3.57
5.07
6.63
2.02
2.00
1.52
4.05
2.52
5.55
4.58
5.61
15.09
2.96
3.49
3.01
2.56
4.52
11.69
3.06
14.70
12.14
9.58
12.14
1.55
3.49
1.40
11.08
2.01
1.58
4.62
1.50
5.56
3.02
5.08
12.55
7.58
2.49
4.64
11.62
2.44
2.02
6.14
10.61
1.50
4.95
1.99
7.06
4.02
7.07
1.60
1.45
2.03
2.01
27.75
6.13
8.70
1.44
20.75
4.07
5.62
1.97
9.05
14.55
3.58
8.13
10.08
7.05
3.02
3.05
7.10
3.47
1.55
16.71
11.61
8.05
9.07
8.13
8.08
20.21
5.04
4.05
3.07
2.00
19.18
4.55
1.47
11.66
8.55
5.10
9.17
4.00
21.69
2.56
21.29
5.49
12.10
5.59
4.04
42.38
10.62
7.12
5.49
7.10
3.00
6.55
5.04
12.13
6.07
4.54
1.50
15.17
8.09
19.17
5.58
3.51
4.56
15.19
2.02
1.47
3.51
1.50
4.56
4.58
6.60
5.09
4.08
2.50
8.59
3.99
5.57
1.52
22.17
2.07
27.33
2.00
20.18
12.08
7.06
10.56
5.05
4.56
11.58
3.52
3.01
7.12
3.54
2.49
9.60
9.13
6.52
3.01
21.24
7.60
23.78
12.62
21.70
13.62
5.06
8.10
4.02
1.53
14.21
13.59
4.56
31.80
2.54
36.95
7.06
6.64
24.22
1.46
3.52
7.60
2.04
1.46
2.58
15.14
10.58
26.22
11.12
2.57
9.65
8.09
1.55
2.55
2.48
10.68
2.50
18.14
3.05
2.01
3.50
4.55
4.56
3.64
6.63
17.12
6.00
10.15
17.11
8.56
9.13
29.20
2.50
14.14
10.59
1.54
14.68
2.60
7.53
9.02
4.04
3.50
13.58
1.53
3.05
2.03
1.53
4.53
6.03
6.06
7.65
6.56
2.47
1.62
4.04
6.08
1.50
1.54
1.50
27.34
16.08
3.06
6.02
10.61
6.02
2.07
8.11
4.55
4.53
2.03
5.56
6.03
1.54
2.01
3.54
7.55
8.08
7.17
12.66
12.12
7.55
1.50
9.60
3.50
16.20
1.47
11.06
4.59
12.66
1.49
16.16
11.66
14.17
4.03
3.96
4.45
6.05
7.08
3.04
4.59
7.56
15.16
2.01
3.52
8.07
8.69
10.18
3.58
4.44
5.10
10.07
17.17
9.53
10.59
7.58
4.50
3.53
5.58
3.02
1.49
15.22
1.54
5.54
2.03
5.06
3.57
5.55
7.08
17.73
2.99
5.48
4.09
17.64
7.07
16.18
1.47
5.12
8.61
6.51
3.03
33.32
10.66
9.58
4.54
2.48
1.57
2.99
2.54
17.16
1.48
19.28
12.66
7.57
19.18
12.11
9.58
2.00
2.52
6.54
2.59
3.59
5.07
3.03
7.07
5.61
7.03
3.59
9.04
4.55
7.02
15.10
2.05
2.01
4.56
4.50
3.02
6.06
7.09
8.62
1.49
7.08
5.70
2.95
12.14
2.01
9.61
1.52
1.51
4.53
1.57
6.54
1.56
1.96
26.69
29.26
15.23
4.07
8.60
2.04
11.13
6.08
1.97
1.95
1.48
8.63
6.57
2.95
2.58
11.74
4.99
5.45
4.07
3.07
17.68
9.63
10.09
7.10
4.57
5.53
9.54
4.60
2.99
7.58
14.09
4.53
5.54
4.10
3.55
5.05
4.99
5.05
11.14
15.70
5.53
8.17
3.06
8.14
14.58
16.05
4.61
9.55
19.83
17.16
7.62
5.44
6.12
1.44
5.13
12.55
12.68
4.04
7.04
5.01
1.53
11.59
9.66
6.56
3.53
10.58
10.16
4.06
6.16
7.53
7.57
1.47
17.68
3.53
2.67
8.59
2.92
5.11
6.08
3.46
1.50
2.54
17.23
5.53
2.01
7.11
7.09
1.54
13.70
2.47
26.76
15.16
2.51
6.59
23.23
1.52
6.59
8.62
2.02
9.56
2.06
6.52
1.98
5.63
7.10
17.68
5.48
2.53
13.62
2.53
12.14
10.08
3.52
7.10
7.08
12.67
4.55
15.14
13.13
10.51
5.54
9.66
8.11
4.52
8.11
4.04
5.55
10.08
5.54
14.69
7.56
14.73
4.02
4.10
39.93
33.79
1.53
2.52
11.64
4.53
18.72
1.95
3.59
8.51
1.49
3.02
3.03
17.22
10.14
1.53
12.10
5.56
15.64
3.57
19.72
6.60
2.99
7.55
1.61
7.09
9.12
4.03
8.51
2.57
1.60
2.41
5.07
3.56
1.52
16.67
15.71
1.95
5.52
4.00
9.62
10.11
3.61
6.50
11.12
2.51
6.04
26.85
2.59
4.96
4.58
13.68
14.07
11.61
9.54
8.07
19.70
3.52
12.68
7.65
8.07
5.56
5.52
6.07
7.10
1.52
1.53
5.52
3.07
23.26
17.16
9.55
3.07
2.03
4.52
7.08
3.61
3.97
7.59
17.20
1.57
5.05
9.18
4.97
4.05
3.44
1.53
4.55
11.20
8.64
4.99
6.02
18.68
7.56
9.10
20.19
12.56
10.60
1.48
2.56
29.74
2.55
19.21
12.56
16.65
4.57
4.02
17.69
3.51
10.64
12.13
2.03
3.50
11.62
2.01
6.03
8.64
18.68
15.69
13.14
7.06
2.11
7.62
5.59
4.43
4.01
1.49
5.57
8.58
3.52
13.63
5.57
8.13
4.58
5.07
1.48
2.00
8.13
9.12
12.56
5.06
2.00
1.50
1.52
9.56
3.05
8.06
4.53
18.21
2.46
3.04
3.05
2.13
9.67
1.40
1.95
2.52
14.66
6.58
2.02
10.10
7.59
21.74
1.53
6.09
5.52
2.04
3.53
8.07
4.59
4.54
17.22
7.52
6.03
9.59
17.15
6.04
13.65
2.05
1.53
13.16
3.54
5.01
2.02
6.06
1.52
5.63
4.54
7.07
4.00
7.60
4.51
2.00
10.13
17.66
3.04
3.56
3.50
4.50
9.57
5.57
1.50
7.01
11.63
19.20
4.08
1.55
1.47
4.56
14.16
1.50
1.52
6.01
2.06
8.07
1.47
1.53
4.56
2.58
1.48
5.06
12.12
4.57
7.58
5.00
6.09
2.46
12.54
2.53
3.09
7.58
2.98
14.15
2.55
2.00
5.06
1.49
31.86
4.12
6.64
4.48
7.58
5.55
14.10
12.69
16.06
15.04
3.57
8.09
5.53
33.81
8.61
2.00
6.06
3.53
19.77
17.27
9.55
1.55
4.44
4.11
12.63
6.16
6.01
3.56
4.57
14.09
1.95
28.69
35.82
15.11
9.11
3.08
24.27
9.61
1.59
3.50
16.64
6.00
3.03
9.04
19.17
10.64
4.52
24.75
11.61
11.66
12.09
1.47
6.03
29.30
12.14
4.01
8.09
2.03
15.65
8.55
4.05
6.54
5.02
11.06
16.66
7.61
8.60
30.83
18.20
6.03
5.07
14.16
2.51
6.05
1.52
24.83
5.58
1.45
27.23
7.58
27.28
20.80
4.04
2.51
4.47
8.09
2.03
5.59
5.04
2.01
14.11
1.99
11.09
5.06
5.07
2.04
5.59
2.04
25.34
1.99
2.98
6.70
3.92
11.65
26.81
9.60
2.05
8.11
1.51
4.48
7.57
2.56
9.10
4.53
5.55
18.22
10.55
4.54
7.58
1.49
3.04
8.13
3.03
3.54
16.69
10.12
1.98
3.09
19.17
1.96
18.25
4.60
8.07
3.02
2.03
5.56
12.55
4.58
13.14
7.57
5.50
6.05
12.60
8.07
2.54
3.11
4.04
5.58
5.54
5.07
1.53
21.70
15.72
1.97
4.04
6.07
29.28
7.55
1.48
16.68
2.05
2.07
2.53
4.53
4.49
2.04
2.60
7.54
2.47
8.11
3.02
5.06
4.04
5.03
10.53
6.07
5.12
1.95
9.12
6.06
19.19
4.61
14.19
1.96
6.10
1.51
4.56
7.05
13.65
6.09
2.55
1.99
2.97
6.05
3.56
3.57
5.07
22.20
11.62
1.97
19.66
9.09
9.63
11.12
2.53
8.61
2.04
6.06
8.07
16.70
11.13
7.60
16.64
15.13
3.56
2.51
11.55
2.55
12.70
6.06
7.05
2.56
1.54
7.99
5.03
9.10
5.09
4.01
7.01
2.01
3.60
13.22
1.96
14.57
31.34
10.11
2.55
24.80
3.07
17.12
3.01
2.55
2.46
18.23
2.56
3.51
12.11
5.58
11.55
2.53
1.55
2.05
8.09
1.52
1.99
8.05
3.57
13.10
2.50
10.57
12.06
4.12
4.08
3.02
15.19
12.06
7.55
10.08
3.09
1.47
6.54
3.50
2.53
5.05
17.73
1.52
13.68
8.14
8.08
1.51
11.11
15.71
1.52
7.03
7.09
12.14
3.54
5.00
13.61
1.55
2.58
4.49
5.07
14.17
7.59
6.52
3.03
3.48
7.54
9.13
7.56
3.00
17.25
5.07
9.74
7.57
17.06
15.67
4.50
33.79
4.52
15.17
6.11
4.58
13.15
42.99
7.02
8.10
12.17
3.13
3.54
1.47
1.48
18.76
4.54
4.54
4.64
6.54
4.98
4.08
9.06
12.59
7.05
7.54
13.68
1.51
5.64
24.27
4.05
9.49
20.23
6.06
4.64
2.47
2.98
5.56
5.09
7.09
7.59
8.06
4.08
7.12
5.60
13.65
7.60
1.97
8.59
2.51
14.66
4.52
7.59
8.07
16.66
16.23
2.45
10.66
27.71
1.52
4.56
1.50
9.12
7.11
5.52
2.53
2.06
2.98
4.53
5.61
3.07
21.69
6.51
3.55
3.02
4.56
3.06
3.06
3.51
24.28
2.54
10.06
7.06
10.55
8.09
14.14
1.99
5.08
17.73
12.64
11.63
7.68
14.67
6.43
6.55
2.07
2.02
18.19
3.00
5.62
7.56
1.47
11.09
6.56
8.60
3.05
7.07
9.04
17.19
2.04
1.48
10.62
10.15
16.69
12.18
3.47
23.24
11.55
9.63
3.02
6.05
1.55
3.07
7.13
6.51
5.02
1.50
7.64
11.12
6.49
2.00
1.56
20.73
2.54
2.57
18.14
3.44
12.06
18.77
21.75
9.09
22.18
1.50
11.11
3.53
4.03
3.04
2.07
1.96
15.63
14.15
2.50
4.08
7.11
7.54
21.72
6.09
6.09
11.63
4.01
3.02
2.53
19.31
1.50
5.57
5.97
38.92
1.97
11.67
1.49
2.50
12.14
16.65
3.00
5.07
1.52
1.54
7.50
22.79
1.42
24.81
2.00
1.55
3.05
11.15
6.13
2.52
6.55
4.04
8.56
6.08
3.02
6.58
11.06
1.45
1.52
11.09
8.63
2.05
8.63
5.07
5.53
5.06
1.52
15.17
3.50
12.14
8.58
1.48
7.56
1.48
3.54
9.04
4.58
9.10
6.56
2.50
20.70
2.58
18.70
5.00
8.61
8.63
6.63
5.01
2.00
1.56
5.54
8.58
1.50
14.18
1.49
5.53
12.63
5.57
3.01
5.53
2.63
4.08
10.10
3.01
8.52
6.08
10.61
7.60
5.10
8.06
3.09
8.67
3.44
9.13
5.08
1.52
2.08
29.80
2.99
1.51
3.54
28.26
7.05
4.57
1.52
8.08
2.53
6.58
3.49
2.01
6.59
1.98
10.11
16.68
2.07
19.20
7.07
10.14
7.53
3.06
9.11
17.65
16.16
5.09
21.73
20.21
1.51
5.02
5.01
4.05
5.51
3.05
8.05
16.17
13.10
2.05
1.51
6.19
4.51
2.92
15.69
8.54
13.16
2.58
3.54
4.02
7.55
5.03
8.10
8.01
37.98
2.56
3.57
19.69
4.53
1.58
2.00
4.00
8.02
10.60
4.04
1.52
2.52
16.17
1.49
4.03
24.76
10.12
12.08
2.11
11.07
5.49
8.66
3.55
4.05
5.60
6.06
1.98
4.56
14.64
2.48
2.05
5.54
14.71
5.08
2.54
11.70
10.03
12.62
11.11
17.59
10.14
11.13
10.10
2.02
8.03
17.66
2.02
3.01
2.54
2.53
16.75
22.69
1.97
4.54
8.14
4.15
4.50
1.93
2.56
4.57
10.16
2.48
28.29
19.20
3.52
2.52
14.11
21.76
2.05
12.72
13.70
5.01
8.06
8.08
21.19
2.54
4.05
28.22
3.03
6.56
4.07
2.00
6.07
9.58
8.56
12.60
8.56
14.15
2.65
7.09
2.93
1.56
3.67
4.99
7.96
6.57
18.15
5.03
5.60
4.46
12.66
2.63
10.08
1.55
8.58
8.55
1.45
4.16
7.08
12.13
1.98
3.95
3.00
7.14
4.09
9.66
1.95
3.52
9.55
7.59
2.55
3.06
6.61
14.15
7.03
4.51
2.97
1.54
1.56
4.61
17.19
15.19
3.60
3.97
2.00
22.16
1.53
5.56
8.64
11.64
5.05
9.13
2.50
7.07
7.06
9.65
17.11
2.48
6.11
3.53
3.47
4.03
5.05
1.58
6.11
6.07
1.43
4.58
5.49
1.52
11.16
13.64
4.55
23.22
4.06
28.20
26.73
4.53
2.04
4.12
2.99
7.09
5.55
6.01
24.23
10.58
10.11
2.50
6.04
4.60
2.06
8.14
16.20
1.48
2.04
7.02
4.51
5.51
6.07
10.60
6.05
2.03
8.64
12.73
3.50
3.43
23.83
7.59
3.51
4.66
5.91
1.59
12.14
1.52
6.02
26.27
3.54
12.68
10.06
6.51
22.24
8.11
13.11
2.00
11.58
6.08
8.14
8.17
9.06
4.55
12.69
4.09
1.55
4.51
1.54
7.05
11.64
15.70
6.00
4.08
13.19
13.60
1.56
6.03
4.64
3.99
2.03
5.98
10.60
5.16
9.59
3.39
14.61
4.57
2.51
2.05
18.67
12.57
7.59
5.57
24.27
1.50
8.58
4.05
6.61
1.52
5.09
7.54
6.61
15.67
8.04
4.08
10.56
5.09
7.16
6.04
1.43
2.02
4.04
45.96
5.03
10.11
8.03
2.53
8.66
4.96
11.10
8.64
6.18
5.00
2.95
8.59
3.06
5.51
1.49
9.57
2.05
2.04
8.12
5.03
2.04
4.51
5.54
1.99
4.04
14.22
12.06
3.00
3.58
2.02
8.57
34.40
2.46
18.23
5.09
17.73
6.08
9.61
3.04
13.67
6.04
12.09
6.60
6.62
2.07
4.55
10.65
9.55
7.56
2.00
1.56
8.66
7.08
3.51
4.48
22.17
1.52
8.06
3.03
13.11
4.55
1.57
2.47
17.67
3.56
6.05
3.55
15.66
8.06
34.93
16.69
7.06
10.03
12.10
1.50
2.54
5.05
6.08
4.52
21.18
2.04
1.50
23.71
6.11
10.17
28.83
17.74
3.08
7.53
9.52
17.07
5.00
2.59
10.09
11.12
2.58
5.06
6.04
1.59
11.07
3.49
2.56
2.50
11.62
3.06
4.56
21.21
1.96
5.11
19.12
1.52
6.06
4.04
7.08
31.34
7.08
5.06
1.51
4.43
3.13
6.11
8.59
7.60
1.99
9.11
4.52
3.01
4.54
4.04
22.24
4.14
3.43
12.67
4.01
5.61
3.02
25.20
7.07
1.51
2.51
7.60
8.07
9.11
2.01
1.50
21.16
3.47
2.57
4.60
5.53
8.05
7.09
16.17
6.10
10.61
5.61
1.48
1.55
32.34
13.07
10.58
34.89
17.71
17.18
3.06
31.31
9.05
11.57
8.61
16.21
14.62
5.49
10.57
9.06
3.06
9.18
13.63
4.52
4.07
18.69
3.51
7.60
27.31
2.99
7.73
3.72
12.15
10.39
12.00
3.09
3.64
11.14
11.62
11.54
6.55
1.50
13.07
18.17
6.61
3.55
3.08
2.55
1.50
4.49
10.10
15.19
11.64
6.00
9.63
8.09
6.09
2.04
2.04
5.05
5.59
8.61
3.54
13.12
19.72
6.03
6.56
1.53
25.82
9.06
5.01
23.74
1.50
8.04
2.52
14.67
8.04
11.66
6.05
4.57
2.50
9.62
6.06
10.65
3.03
20.69
13.66
26.27
6.07
2.99
11.64
3.50
16.14
7.14
6.56
6.53
14.13
1.57
2.03
9.23
9.66
2.00
4.03
4.02
7.51
10.06
7.61
1.52
9.55
8.59
11.05
3.60
7.01
14.15
32.44
9.12
1.44
1.50
2.49
10.13
1.53
2.57
5.04
6.60
1.60
4.04
4.46
5.08
8.58
18.67
6.04
3.62
2.56
3.51
4.56
16.17
1.50
11.55
4.08
20.16
18.19
14.07
2.05
4.57
3.61
2.96
6.54
5.05
18.65
25.21
3.51
19.22
2.15
7.07
11.11
12.04
2.56
6.04
3.06
17.72
9.08
3.13
1.95
8.55
4.57
2.06
8.08
10.08
11.05
5.59
7.12
1.50
7.59
1.53
3.49
4.02
17.66
9.61
5.52
2.55
18.25
3.09
17.19
2.47
3.48
2.55
8.66
4.43
6.57
9.62
3.06
4.04
1.56
3.02
9.54
8.10
3.59
16.72
2.01
8.62
2.08
2.45
7.07
2.58
14.65
5.15
1.43
4.52
7.57
1.50
3.51
11.17
1.52
10.56
17.72
4.48
9.11
9.61
1.50
7.66
9.54
9.55
6.06
3.13
10.69
22.15
2.00
11.56
2.61
5.11
17.11
4.97
3.53
3.05
2.06
7.52
6.00
6.09
9.07
8.09
5.03
12.11
16.69
18.28
4.45
2.11
9.69
1.40
16.17
4.51
6.49
7.08
9.24
2.41
4.54
19.72
7.62
8.61
2.00
4.07
3.99
12.14
8.07
4.01
18.74
5.11
3.49
29.35
1.52
7.09
3.56
7.12
7.04
3.98
3.51
2.05
4.09
2.49
4.03
18.69
7.56
3.00
2.00
1.53
2.04
7.57
2.03
3.60
7.07
7.07
3.54
1.48
2.04
11.04
6.12
2.02
1.50
4.07
8.56
13.10
2.98
4.59
2.99
14.15
11.62
4.57
2.05
12.63
10.60
1.98
2.45
7.13
7.07
9.12
3.03
3.52
3.00
2.56
12.60
2.01
4.50
15.65
5.62
3.49
7.59
4.51
20.75
3.54
3.48
3.59
7.05
3.02
5.59
3.05
28.25
3.03
12.06
3.03
2.04
7.59
3.01
21.19
4.03
4.54
3.02
11.64
3.61
10.22
9.64
4.99
12.05
21.14
8.63
1.53
5.62
7.08
12.19
2.47
8.59
2.53
3.60
10.03
5.04
4.98
2.03
1.98
8.08
20.72
1.50
1.55
4.56
8.07
38.81
5.05
3.55
16.69
1.51
4.56
9.60
1.52
12.67
13.64
6.57
11.17
9.58
4.50
9.58
5.11
9.09
4.50
9.60
5.08
11.06
11.68
20.19
5.58
6.56
29.32
5.59
2.09
16.20
3.06
2.45
2.48
1.53
13.08
3.52
2.52
3.07
12.11
12.62
7.05
2.51
7.07
9.59
1.50
5.57
2.05
2.06
2.65
3.55
3.43
7.01
5.56
3.02
12.15
1.50
8.59
15.64
13.15
1.52
6.11
8.18
3.96
1.55
3.50
10.59
12.07
1.49
3.08
10.14
13.17
1.50
10.10
5.08
13.15
3.51
5.54
7.07
12.09
2.04
13.17
5.07
6.53
12.16
4.59
5.09
5.03
9.57
4.06
5.09
12.11
3.53
1.57
5.03
11.14
2.06
11.49
15.20
17.68
2.05
4.47
2.02
3.52
15.17
6.08
13.14
4.11
10.68
6.53
7.57
1.51
2.00
30.25
7.61
5.56
3.48
1.56
7.08
18.13
2.57
2.46
6.55
2.52
4.03
13.10
6.61
2.53
5.62
1.95
17.22
6.06
4.00
5.08
3.48
24.30
10.70
8.10
5.50
4.03
12.60
10.56
27.71
6.56
2.56
21.21
18.24
2.96
11.11
1.48
24.87
5.59
11.68
7.60
17.65
11.66
17.15
12.62
9.56
13.59
13.56
1.51
13.20
12.55
4.06
3.94
4.58
3.54
7.71
15.17
17.75
6.04
14.57
8.10
19.68
9.54
18.69
7.07
3.03
5.55
8.58
1.49
4.51
4.55
17.20
6.02
10.13
4.57
12.57
8.05
6.12
3.55
11.66
8.56
1.94
9.62
1.53
1.51
2.05
8.63
13.57
9.03
10.15
4.62
7.64
4.05
2.48
1.98
3.16
3.94
6.04
6.59
3.03
18.24
9.60
2.54
7.08
5.05
38.31
4.06
5.03
2.57
17.13
1.52
11.57
18.18
7.58
9.15
5.06
11.09
8.11
6.10
3.06
7.07
5.53
10.57
6.02
8.60
5.59
4.02
37.92
8.62
2.00
3.47
2.52
8.10
10.58
8.09
6.59
4.04
7.08
26.75
3.10
2.50
2.52
4.55
13.63
40.88
15.23
6.63
13.13
10.09
3.01
11.16
20.78
4.52
2.45
3.03
8.99
7.06
4.04
5.56
4.04
3.04
6.06
32.88
4.52
4.05
5.05
1.53
8.60
7.59
5.05
2.52
48.43
5.52
3.10
2.95
15.22
1.50
25.21
24.32
5.05
2.52
14.14
2.52
7.60
2.48
4.05
8.10
3.56
6.08
35.34
10.58
4.09
4.09
3.99
15.59
10.59
6.05
3.08
10.63
7.54
11.12
3.51
4.01
12.63
8.65
5.61
5.02
2.01
7.58
29.36
1.95
3.56
2.04
1.46
6.11
5.00
28.76
2.52
1.97
4.61
7.62
1.97
3.52
1.99
21.22
7.13
4.60
5.08
2.00
2.50
1.54
2.08
8.06
5.00
3.03
16.61
4.05
6.56
16.25
11.60
4.03
3.02
1.49
9.10
3.04
4.08
27.65
29.91
14.26
18.75
2.03
1.99
6.02
12.55
4.52
9.06
8.04
4.04
12.15
6.56
1.52
15.65
4.13
8.54
2.89
1.51
9.06
5.65
11.15
8.06
9.09
1.53
2.05
13.70
17.68
4.54
28.91
15.68
2.48
5.05
9.04
11.09
6.60
21.65
9.02
12.62
2.07
5.60
2.03
6.09
1.42
1.47
3.99
5.04
2.05
8.69
2.53
12.64
6.48
10.10
2.55
1.49
5.05
10.14
5.60
15.70
6.00
8.03
11.16
16.16
2.55
4.07
4.99
13.17
25.72
1.53
2.09
23.26
6.04
3.49
3.10
8.61
4.03
3.00
20.23
3.96
10.56
3.60
19.26
26.20
2.02
6.08
20.21
6.05
7.08
7.49
2.01
8.08
4.53
2.01
9.14
9.06
2.04
6.01
1.55
14.15
17.70
8.08
11.59
5.51
12.15
5.06
7.57
8.03
7.57
2.60
14.12
8.61
12.09
1.52
1.97
1.55
3.49
40.00
18.26
17.74
10.11
5.04
20.10
3.03
2.50
20.71
1.98
1.58
9.11
1.95
12.61
2.02
2.50
9.08
4.05
13.66
10.62
7.11
2.00
14.20
6.03
12.66
21.21
2.03
9.63
5.51
11.65
14.12
3.03
5.03
5.59
1.53
1.52
2.07
1.94
15.19
2.58
7.05
1.55
7.02
2.57
8.55
8.06
7.04
18.15
2.51
4.60
2.08
7.07
10.06
10.62
18.72
3.04
1.54
30.23
13.09
6.57
6.59
16.68
3.05
10.62
8.05
2.04
22.70
4.02
5.03
4.55
19.69
23.22
12.61
19.72
4.56
5.52
11.53
2.06
3.10
12.61
5.61
11.13
4.99
3.07
8.08
1.52
2.49
20.73
3.01
6.03
10.59
7.56
20.72
12.11
2.56
7.56
20.72
2.07
6.61
2.47
4.00
3.57
9.64
8.11
15.67
17.13
1.60
13.12
4.47
4.02
4.60
4.00
4.56
10.59
21.15
4.12
4.57
3.46
8.13
5.57
9.06
2.68
4.24
21.12
8.02
8.83
2.53
4.00
3.56
7.14
1.97
4.04
11.65
1.50
14.14
4.05
1.49
4.53
9.14
8.59
2.02
3.02
9.66
3.99
5.08
2.51
20.68
2.53
2.05
17.68
2.08
3.94
10.56
4.56
15.17
6.09
9.07
3.59
9.11
5.02
2.53
2.05
7.60
5.54
1.52
28.20
12.11
3.04
1.49
6.60
1.50
9.57
16.69
2.07
2.46
4.58
1.97
7.04
7.04
2.56
13.15
4.61
20.74
1.48
24.78
19.67
11.09
7.55
6.04
6.08
8.10
1.97
3.06
4.53
2.51
17.76
12.58
2.51
2.07
3.02
5.05
3.01
7.97
13.10
3.59
3.04
24.32
3.53
13.15
3.52
37.46
5.00
11.58
1.52
6.58
2.53
24.25
5.62
2.54
1.52
14.69
12.17
9.08
5.97
18.70
17.63
16.64
10.56
9.12
5.11
8.63
7.61
8.53
2.02
18.14
3.60
29.30
12.63
2.62
4.03
8.49
22.76
1.59
8.57
2.02
1.58
6.54
2.96
12.10
5.60
4.01
2.05
1.55
15.64
8.64
6.52
7.51
8.03
8.09
1.48
17.19
24.74
10.63
13.60
7.09
6.10
7.09
3.63
8.03
4.91
8.06
2.10
1.98
7.55
2.04
1.52
2.12
9.73
1.91
5.08
13.08
11.06
5.07
2.50
8.12
1.47
8.60
12.10
29.26
17.71
15.19
4.56
5.58
2.45
8.56
7.10
5.06
5.06
4.05
2.01
1.51
19.65
3.01
8.57
10.05
6.61
6.56
1.49
2.07
2.54
8.59
8.24
13.09
2.88
2.51
5.54
4.09
22.21
1.98
9.10
5.60
5.60
1.50
9.56
9.06
7.52
5.01
6.08
2.10
2.02
10.11
1.52
6.52
13.14
11.60
15.68
4.07
2.59
7.51
10.52
4.09
15.65
7.58
5.52
10.59
3.54
9.64
12.13
5.58
2.49
3.53
8.15
14.13
10.06
18.27
1.49
3.52
14.62
10.60
2.63
10.63
23.26
8.54
7.15
3.52
21.60
5.60
3.63
3.45
22.20
1.55
2.53
6.07
1.51
2.00
4.56
29.30
1.57
10.12
4.45
4.49
2.65
4.08
4.08
8.46
24.68
14.16
1.99
26.76
9.69
3.06
7.52
5.56
2.02
26.27
4.62
8.13
5.49
2.03
13.09
5.52
21.26
2.45
6.52
3.02
9.63
1.54
6.54
10.61
11.15
2.47
6.08
2.49
2.02
13.64
3.53
11.11
3.05
5.13
6.04
2.61
20.28
3.96
2.08
11.61
5.03
3.02
5.54
11.63
11.64
5.08
5.56
24.76
6.01
2.97
5.48
3.60
6.59
4.05
9.11
1.48
2.08
11.13
4.06
1.97
1.97
2.97
3.04
3.55
1.53
6.56
4.57
8.16
9.16
6.00
1.96
6.52
15.06
1.56
9.10
3.02
2.00
26.82
21.26
6.54
8.58
10.11
2.04
2.02
15.72
6.55
11.63
15.69
3.06
9.03
1.53
2.58
32.76
6.49
38.41
4.55
4.01
3.04
5.05
2.06
14.19
3.99
2.51
9.06
7.10
2.03
10.59
1.53
8.09
4.14
9.55
5.60
17.07
14.61
26.25
3.57
4.53
2.03
7.58
25.82
2.01
4.11
9.09
11.07
38.42
8.14
2.46
13.62
4.64
12.09
1.46
2.07
4.99
9.55
10.04
20.68
3.54
2.04
1.49
3.55
1.51
5.07
13.75
4.64
2.40
1.52
5.47
2.10
19.69
10.64
1.51
6.01
3.58
3.55
6.00
4.59
9.08
28.19
7.56
7.07
8.58
10.11
15.10
3.07
2.99
7.61
6.07
6.54
8.11
6.02
2.15
8.04
4.40
6.06
6.57
1.54
2.00
2.00
7.55
8.11
27.70
5.04
4.61
2.51
1.50
10.59
14.74
3.05
3.02
5.61
9.59
7.54
17.18
4.51
26.83
4.05
2.54
2.99
7.54
3.03
20.63
11.63
6.04
1.49
9.55
9.16
10.68
11.11
4.06
1.53
6.06
8.61
5.01
3.04
2.02
3.00
2.03
11.12
24.78
4.53
3.51
2.09
5.57
1.45
7.99
8.64
2.52
3.57
2.04
2.48
17.62
2.06
5.56
2.55
6.03
19.26
4.50
9.55
2.02
18.62
6.09
2.52
18.18
3.05
4.54
5.61
3.50
1.56
1.99
1.57
17.32
7.67
19.73
12.58
3.56
7.47
4.55
11.67
9.62
4.00
1.50
2.00
16.68
3.01
5.52
4.57
5.07
4.07
11.58
12.69
2.94
13.63
14.65
3.04
2.00
5.09
6.03
22.74
5.50
4.12
8.58
6.57
3.54
11.63
9.14
15.21
12.08
14.05
6.06
7.05
10.11
7.59
11.67
10.10
3.02
6.00
35.30
16.72
8.11
12.64
23.27
4.58
11.10
1.48
1.52
1.51
1.54
13.16
5.61
8.57
3.51
20.71
1.48
5.07
1.48
1.62
9.05
11.09
5.50
2.04
15.06
12.08
21.75
1.53
22.77
13.73
3.97
1.56
8.08
14.60
4.62
1.42
11.04
7.54
2.01
4.56
8.07
3.51
7.04
3.55
3.07
7.05
7.67
4.00
8.08
8.64
10.64
12.04
13.63
2.05
18.18
1.49
12.12
3.02
10.65
2.05
1.50
2.51
7.06
2.56
29.73
3.52
4.56
17.70
5.05
2.04
7.61
13.15
4.05
17.15
5.58
14.62
13.63
6.07
6.06
4.57
1.97
8.08
3.51
10.68
20.13
23.32
5.97
2.62
2.02
2.53
6.07
3.05
10.59
8.08
3.01
18.60
2.05
3.52
2.48
10.59
5.54
4.05
2.55
8.58
1.51
2.04
2.00
2.59
10.60
11.52
14.64
11.14
1.96
4.07
6.58
10.60
1.54
20.76
5.05
14.12
5.04
3.54
2.49
4.02
7.57
7.11
4.05
6.13
17.69
4.56
9.06
6.05
13.04
5.61
8.63
9.14
9.56
7.63
10.05
8.12
2.03
6.01
4.52
10.05
8.57
17.16
1.48
5.59
14.71
15.20
3.01
5.05
5.07
2.01
13.64
5.02
1.51
29.32
5.54
8.61
5.48
6.18
2.38
8.07
5.60
4.06
3.59
3.99
5.47
3.06
1.59
3.53
5.94
9.14
24.28
9.16
4.48
8.56
9.05
3.06
11.59
9.04
11.11
3.03
4.52
11.15
19.23
19.16
7.07
36.43
1.53
1.53
13.19
8.58
13.16
7.06
4.01
2.52
8.54
10.53
8.10
10.60
3.53
2.57
18.81
3.53
4.51
5.48
1.49
4.59
3.54
8.66
7.54
12.65
1.55
4.06
8.02
5.57
18.63
5.04
1.53
18.14
32.80
3.06
2.51
13.64
10.73
4.66
4.62
5.43
12.53
11.15
19.10
3.58
7.59
11.09
4.07
16.65
1.55
16.65
4.60
3.98
3.63
4.97
2.09
17.64
9.07
24.69
4.55
2.57
7.03
8.57
14.69
3.01
4.08
11.62
3.46
7.15
35.86
3.52
7.09
24.19
2.51
15.15
1.50
5.06
15.17
3.54
3.59
6.49
4.54
7.60
8.10
2.97
4.55
5.52
5.05
1.56
31.25
10.57
2.04
1.55
1.52
16.66
6.62
13.17
3.98
13.14
10.62
10.14
12.61
4.06
9.07
7.69
13.09
24.17
1.54
4.55
4.12
1.42
3.03
25.17
9.64
15.65
10.05
12.62
2.54
2.52
2.02
4.10
14.67
11.66
8.10
7.09
7.52
5.51
1.57
1.99
7.56
27.76
8.62
1.46
8.62
15.19
11.15
1.54
8.63
2.00
4.52
4.05
7.58
6.04
1.51
4.50
10.63
13.16
1.52
11.07
4.54
1.56
21.29
4.08
2.49
7.55
9.59
5.08
12.61
2.08
7.55
8.57
7.52
9.19
6.05
1.96
3.06
15.14
5.06
2.51
5.52
5.03
3.54
4.08
4.08
3.53
2.01
1.53
9.11
12.65
11.59
12.15
1.52
8.60
3.49
22.23
5.53
2.47
3.51
12.14
21.16
14.68
11.13
9.19
13.14
10.13
10.09
6.07
2.98
4.05
7.09
5.97
10.06
1.52
18.22
8.61
11.09
7.59
9.57
1.53
5.06
2.04
11.60
2.01
12.66
1.52
7.65
3.04
12.62
4.01
17.20
5.07
6.49
8.15
7.11
13.17
1.96
4.48
5.05
2.53
10.70
2.45
8.62
17.16
1.51
6.05
1.52
4.06
4.03
10.54
9.12
13.67
2.50
13.63
16.18
14.73
4.50
11.12
3.57
11.12
6.03
2.56
3.47
9.02
5.55
5.12
1.99
15.64
10.03
9.15
11.15
28.83
4.99
11.12
14.69
16.73
2.51
34.35
3.04
18.25
5.00
10.59
11.11
7.15
4.06
3.42
7.07
28.84
14.59
1.52
3.54
11.68
10.51
9.64
10.56
7.57
7.05
5.06
7.57
9.61
21.80
3.00
3.10
15.12
1.54
4.56
23.27
5.58
7.54
5.53
1.97
8.62
27.23
3.61
11.10
9.05
7.06
11.12
1.54
4.53
11.62
20.70
5.58
5.58
8.05
2.51
13.62
1.53
2.10
23.71
2.02
4.52
2.01
1.47
4.55
4.05
2.51
7.11
4.00
29.78
4.04
4.13
1.92
20.14
3.09
16.69
4.03
12.16
10.64
1.50
9.62
6.57
5.00
3.03
4.56
5.52
1.53
4.07
3.63
4.02
2.93
10.52
7.58
14.64
2.05
14.20
12.12
26.29
1.45
2.49
18.15
1.54
2.06
4.64
1.96
6.57
4.03
1.57
4.59
1.97
5.56
2.02
15.59
2.48
12.66
9.13
11.08
6.64
1.47
6.57
3.50
2.05
2.06
21.65
16.14
2.63
7.00
14.64
5.04
16.18
2.58
8.64
7.48
10.56
2.60
1.96
21.26
4.50
9.11
21.73
9.61
9.10
7.10
3.07
4.57
1.47
3.52
10.06
8.01
3.05
2.48
2.53
6.13
30.33
4.55
2.06
3.99
16.14
3.08
3.99
2.46
6.60
7.13
2.02
39.46
3.52
1.48
4.56
5.50
5.05
17.75
3.50
27.69
10.66
9.11
12.64
4.07
7.03
3.04
22.68
3.04
4.09
4.10
34.34
1.48
18.61
3.08
16.06
4.07
1.99
6.05
6.52
6.04
1.52
2.05
7.14
8.17
4.52
3.51
4.98
8.14
15.08
13.68
8.59
8.60
9.62
11.15
4.49
3.00
6.05
3.00
2.55
11.57
1.51
6.11
7.61
7.00
20.71
50.01
7.61
4.99
11.14
6.12
7.59
11.15
2.52
30.84
3.56
8.03
20.14
10.66
2.53
1.50
2.02
3.55
4.64
1.95
5.02
20.19
6.55
4.64
4.08
3.57
6.47
2.54
29.30
8.60
4.55
8.61
6.00
4.04
11.55
9.60
10.12
8.13
3.02
20.79
2.02
3.04
2.06
13.13
12.68
3.49
1.52
7.02
17.19
2.50
2.48
2.04
8.10
5.04
5.58
3.59
8.05
11.59
2.50
5.05
3.05
11.04
2.03
8.25
5.04
2.94
8.56
6.51
7.16
3.93
8.57
17.18
5.08
6.13
7.04
13.20
2.06
12.61
7.03
9.04
12.65
17.22
21.21
10.65
2.05
4.03
2.52
5.59
14.61
7.08
16.64
5.08
5.04
3.03
1.49
8.60
6.59
2.05
6.52
2.06
3.01
16.69
7.58
27.74
2.54
14.68
10.62
6.00
2.52
8.55
13.65
5.57
3.03
5.58
13.63
2.53
2.05
16.16
22.67
9.06
7.56
3.55
2.03
7.06
3.58
8.59
3.03
20.16
15.62
6.08
8.07
18.25
1.97
1.98
27.27
7.56
12.22
11.65
3.56
2.09
2.46
9.55
7.58
18.65
18.69
2.01
5.04
3.01
12.20
1.48
11.67
1.55
3.50
3.03
12.66
9.17
4.50
5.56
7.01
5.06
5.04
6.06
3.02
3.53
7.68
2.50
9.23
4.53
7.00
2.54
5.60
6.00
9.14
2.04
15.13
3.54
9.12
12.63
9.13
8.58
8.54
4.11
2.02
12.14
3.54
3.59
6.56
2.53
11.09
10.56
12.64
4.53
2.56
6.49
9.68
4.57
9.55
14.68
13.60
2.53
2.50
1.52
7.02
2.07
7.68
3.04
8.08
5.60
10.09
6.08
3.00
5.52
6.58
10.07
3.50
3.01
11.11
4.02
3.03
2.58
9.03
35.82
6.59
16.66
2.46
1.99
9.56
3.06
1.58
17.18
5.52
1.48
56.15
7.13
2.47
1.50
8.53
2.00
1.53
20.19
3.58
4.57
4.06
3.59
5.00
7.59
1.51
18.19
24.76
5.58
6.58
3.51
5.50
3.04
6.03
6.57
4.08
5.08
13.68
2.51
7.09
13.62
1.59
1.92
7.08
3.03
12.62
9.12
6.60
4.50
12.59
1.54
26.83
1.98
9.04
1.55
2.13
17.11
26.32
2.00
4.92
1.53
8.60
5.03
5.60
1.56
2.51
4.52
8.08
8.08
6.54
12.13
7.02
7.57
3.12
2.94
2.57
1.47
18.28
7.09
17.74
6.55
7.61
2.03
5.58
20.09
2.51
4.05
5.56
16.12
10.14
3.00
14.18
8.08
5.59
6.57
10.09
7.07
5.58
22.70
5.07
2.95
2.54
22.19
2.04
31.84
2.59
3.04
2.03
6.48
1.56
22.29
8.58
7.02
7.13
6.50
9.61
1.52
4.51
2.52
22.77
1.53
1.52
2.01
3.06
3.57
5.55
4.02
3.55
9.09
4.57
3.99
5.58
3.10
9.58
5.03
1.54
11.55
16.19
11.08
1.60
10.60
3.03
3.00
6.02
8.11
12.12
6.09
12.69
1.49
2.52
23.69
14.63
18.71
8.10
2.53
6.59
3.10
16.14
7.09
26.79
3.07
4.08
23.12
5.60
13.23
24.77
11.56
1.60
12.54
17.23
10.61
3.03
2.56
14.60
4.04
5.03
10.12
9.13
15.15
1.44
6.04
2.53
4.57
3.06
9.04
9.07
5.53
3.08
7.06
3.02
18.70
2.03
2.03
2.52
8.06
11.20
6.09
2.91
3.02
1.55
1.48
9.56
7.09
13.59
1.53
10.17
18.21
4.53
10.07
3.51
15.67
4.07
6.59
8.11
7.58
11.07
6.54
2.55
1.51
2.08
9.61
4.50
7.53
6.05
29.81
1.55
6.64
2.06
4.14
2.44
2.94
2.99
5.58
8.13
8.16
2.51
7.08
3.49
4.53
6.05
2.02
3.08
8.04
6.07
19.67
1.52
1.53
3.06
4.60
32.30
6.09
7.51
3.54
8.51
6.56
7.10
1.48
5.54
1.54
3.55
1.49
1.53
28.91
2.44
12.14
3.00
8.61
12.64
9.15
12.16
1.95
2.00
2.54
3.05
6.04
9.63
18.16
9.62
2.03
1.48
12.09
3.04
11.69
5.52
7.10
25.22
8.61
24.22
2.01
10.12
5.55
1.52
15.20
2.52
4.51
9.12
16.73
30.73
35.88
20.67
11.65
1.59
5.09
5.47
5.13
6.57
2.57
9.99
24.84
8.12
3.49
1.99
4.49
9.67
6.60
3.01
12.13
10.07
3.58
2.52
1.97
5.55
1.49
8.16
2.00
5.07
19.27
7.11
8.54
1.53
2.99
11.60
14.66
1.52
5.54
1.57
8.11
2.48
35.29
14.73
1.60
3.51
4.60
5.46
14.65
3.01
20.17
8.65
2.00
2.49
12.15
7.06
2.00
10.56
20.69
5.09
12.16
2.96
4.54
6.05
7.54
1.54
3.05
16.27
10.15
1.38
3.97
3.54
18.78
1.98
9.63
11.15
1.51
6.06
4.09
1.46
1.46
15.19
2.53
5.04
7.56
10.14
2.05
4.55
15.22
4.07
2.52
10.14
1.46
2.98
4.57
6.06
12.61
3.04
2.46
7.58
5.59
11.70
12.60
7.00
8.07
19.66
3.04
2.04
15.15
6.05
8.06
3.63
7.06
5.98
9.11
4.56
2.02
6.15
4.47
9.08
2.54
5.06
15.12
3.06
1.58
7.51
17.11
17.18
7.10
10.08
14.67
7.56
5.11
3.53
5.06
6.56
10.09
8.59
13.70
14.12
1.54
3.07
9.59
4.53
11.12
2.53
7.59
2.54
5.05
6.04
4.54
3.58
39.44
3.56
1.98
4.53
9.55
7.59
13.61
5.08
5.55
12.09
13.61
2.58
4.54
3.05
15.13
3.03
7.04
8.07
20.16
14.20
7.05
16.77
6.51
8.18
10.14
11.11
11.17
19.65
12.61
26.22
1.49
16.75
5.05
2.01
7.04
12.13
3.04
6.12
2.54
10.61
11.59
14.65
16.12
8.08
2.02
3.08
5.01
2.13
9.18
1.95
2.49
21.70
10.55
10.63
1.46
2.51
19.24
8.63
1.48
3.52
2.01
8.20
1.96
5.04
11.06
2.60
5.59
1.45
3.08
2.05
9.05
5.50
4.00
18.72
4.09
3.54
7.04
9.03
12.17
6.58
11.59
1.53
7.55
2.97
7.59
19.70
24.75
8.60
2.51
4.56
19.78
7.64
2.03
4.06
4.52
3.99
2.47
2.54
3.06
8.09
4.08
15.10
4.04
9.61
6.12
5.02
8.62
2.52
3.47
3.54
7.62
2.57
1.97
21.67
2.66
9.54
3.94
3.58
4.02
1.55
13.12
1.52
4.99
2.52
3.11
6.09
1.46
8.10
1.55
2.55
4.03
1.97
12.52
6.14
6.04
10.61
2.98
1.55
4.56
8.10
1.53
6.65
2.95
4.03
15.67
1.97
9.08
14.19
27.29
7.06
4.14
7.12
18.74
8.08
1.46
4.02
1.53
14.14
11.11
5.07
7.59
33.84
2.04
5.50
7.60
3.51
4.65
3.93
19.71
1.51
9.58
5.07
6.03
6.64
2.51
9.62
3.00
8.59
4.60
14.24
4.51
10.08
16.18
10.19
14.64
3.53
5.06
21.71
17.59
8.56
5.58
7.52
2.52
7.07
10.08
7.11
2.57
2.98
6.02
2.57
3.02
1.55
1.48
12.61
6.11
13.58
7.04
9.56
8.58
18.25
2.00
6.62
6.09
6.10
1.96
4.56
2.51
14.62
6.56
8.04
3.03
3.54
11.09
5.02
24.22
4.08
2.03
2.53
3.04
3.99
7.06
10.67
5.56
3.10
9.65
10.05
4.05
3.97
8.14
3.58
6.08
11.62
13.58
34.82
3.58
1.46
6.54
1.56
5.08
1.51
14.63
1.49
19.73
5.09
43.43
8.03
4.57
8.15
4.60
7.00
5.02
19.14
3.07
4.03
2.02
8.61
2.51
10.09
1.52
1.98
11.65
5.56
5.04
1.50
1.61
5.10
3.52
4.44
2.53
3.51
2.52
14.59
2.02
5.07
10.15
13.09
3.55
7.06
20.24
2.56
1.96
5.54
8.07
3.52
7.57
2.05
6.63
2.69
5.16
2.42
5.53
2.52
3.08
2.52
15.49
9.09
7.07
18.71
3.04
3.04
2.05
5.52
19.72
2.52
11.13
5.01
3.54
13.16
13.10
14.16
1.49
4.51
5.62
3.57
2.96
2.00
2.03
3.04
12.10
3.01
8.64
5.05
4.05
9.15
6.57
2.04
1.54
5.09
4.50
4.08
9.01
19.14
4.52
7.70
9.60
3.47
3.02
2.00
1.53
11.21
17.65
4.05
1.52
6.13
8.56
2.01
2.96
1.53
13.12
1.51
2.08
3.58
1.99
6.07
12.05
21.68
5.56
2.59
10.68
1.51
5.03
5.51
3.51
13.07
10.13
1.47
12.10
24.29
6.08
9.11
9.12
10.12
1.47
5.14
6.65
11.08
12.00
2.53
20.27
8.12
4.00
13.60
10.55
5.05
4.04
9.68
19.22
1.95
4.58
2.02
5.56
7.17
1.97
7.60
4.52
3.00
13.68
2.08
6.07
7.01
17.30
3.55
5.55
5.47
2.09
1.97
6.65
1.43
2.55
2.03
2.56
3.54
16.14
7.05
2.52
3.55
7.13
7.12
1.93
11.61
1.54
6.03
5.03
7.57
6.54
15.69
1.52
4.02
2.00
14.71
8.56
6.10
3.62
7.64
1.94
2.54
4.51
4.03
2.00
2.48
1.50
1.51
1.51
7.07
5.07
6.06
1.55
7.56
2.99
2.57
4.07
19.22
3.48
6.11
19.79
5.99
3.61
1.57
22.76
3.98
20.69
1.58
7.54
4.48
10.59
6.53
5.51
6.05
6.07
2.00
9.09
4.02
10.58
8.09
2.02
1.54
9.65
7.54
24.29
11.11
13.14
16.69
4.07
2.03
4.03
3.97
1.48
6.04
1.53
6.08
1.51
2.06
10.63
4.56
7.07
10.55
16.60
4.55
4.50
11.12
16.66
5.54
3.11
7.15
18.18
14.62
1.98
11.05
10.11
24.78
4.57
9.56
12.11
1.55
2.53
21.22
2.11
7.57
2.92
11.60
2.50
3.58
3.01
2.54
8.57
6.05
17.62
19.79
15.16
9.65
5.55
6.06
6.56
17.11
1.53
3.05
16.70
10.67
2.40
8.06
2.06
20.18
6.56
5.09
16.16
13.65
8.11
4.09
1.52
21.75
1.99
8.56
7.08
9.11
7.07
34.82
32.90
11.60
1.46
14.15
3.50
10.57
2.51
14.65
7.63
4.04
6.03
9.64
1.52
1.46
5.61
11.58
4.55
9.12
1.95
9.58
24.27
11.15
3.04
28.91
6.12
12.14
13.70
17.58
1.57
15.67
1.53
9.45
5.14
3.48
16.15
9.09
26.26
3.03
5.02
3.04
3.03
21.70
3.06
3.52
4.07
1.48
6.61
3.52
12.64
12.10
10.21
2.99
8.61
6.49
4.07
10.57
14.19
7.05
1.52
4.56
17.12
13.17
2.07
3.64
16.60
1.92
13.14
3.49
17.71
5.58
5.53
3.54
32.34
8.58
15.66
4.05
31.29
11.12
3.03
6.62
2.48
7.11
4.05
2.02
16.10
3.08
7.11
2.53
6.00
11.10
4.50
2.06
3.01
2.52
2.56
9.17
1.40
11.08
3.55
8.61
11.60
7.58
12.61
8.08
1.50
3.08
6.59
4.65
10.64
10.57
5.99
6.58
7.05
16.06
2.08
4.57
6.57
11.07
1.96
3.53
2.56
2.68
7.58
15.69
1.49
4.57
2.00
3.56
5.15
4.52
5.46
21.08
4.57
9.04
2.56
3.99
2.51
11.63
2.48
7.55
11.17
8.64
6.06
5.99
9.62
6.03
6.60
11.13
2.16
3.51
2.36
14.64
5.01
7.10
6.07
17.23
11.18
1.46
1.51
3.48
1.53
10.64
19.18
4.06
9.08
3.52
25.23
5.58
4.61
3.14
17.22
2.00
4.48
3.53
10.54
6.07
4.04
11.19
31.24
13.13
1.61
18.22
3.96
5.47
2.05
1.54
2.54
2.48
5.08
4.06
9.63
22.68
3.54
9.56
5.50
13.17
5.53
19.14
8.03
6.06
5.04
13.14
12.64
9.61
8.02
48.55
3.05
4.53
8.09
6.57
4.61
1.48
29.38
18.63
4.57
2.49
19.71
2.53
12.09
1.53
8.14
2.01
7.54
4.09
12.63
3.53
4.95
7.09
6.12
2.02
27.80
22.21
12.10
3.04
8.58
2.02
37.43
6.07
8.62
3.54
10.07
8.09
1.52
23.25
8.62
10.10
5.55
1.55
9.15
13.66
3.46
5.54
16.65
8.61
27.21
11.60
12.64
7.64
4.56
2.96
8.05
11.59
7.09
5.04
1.53
6.57
7.11
8.64
9.63
1.49
10.08
7.08
2.00
14.62
1.59
18.20
8.01
7.59
1.51
1.51
19.30
3.52
1.99
2.51
4.60
7.11
1.51
4.00
3.00
9.59
5.07
8.68
3.54
8.17
2.98
7.55
5.05
4.58
11.64
1.52
2.99
6.63
3.06
14.65
36.83
5.59
11.52
4.01
7.10
4.11
6.58
6.01
2.54
2.57
1.98
7.59
1.45
24.24
6.10
2.49
6.64
18.82
2.50
3.97
11.15
4.50
3.55
8.17
8.03
10.14
3.44
1.54
2.54
10.11
12.64
3.59
12.63
8.00
8.55
4.54
2.97
1.53
4.56
3.02
7.53
15.23
6.63
13.14
2.02
3.59
6.00
14.12
12.65
13.72
18.17
2.96
4.54
9.60
11.66
6.02
3.53
15.63
2.99
2.54
3.09
5.56
2.55
6.62
3.47
16.14
15.67
2.55
11.64
3.48
10.59
3.61
12.66
11.05
4.05
4.02
16.20
5.50
7.61
18.68
4.58
55.59
13.62
4.54
27.80
12.17
6.05
16.65
2.05
11.55
3.16
7.09
1.43
4.55
5.59
10.60
3.02
4.99
3.05
9.62
4.06
3.04
4.02
3.50
10.20
17.17
5.95
18.17
2.56
3.04
3.57
6.09
3.02
3.55
22.18
3.03
14.65
6.11
5.02
2.55
12.60
13.11
9.61
18.60
7.62
13.67
6.10
4.04
3.56
7.03
6.07
5.56
4.01
7.07
1.53
1.59
7.11
14.07
2.54
7.58
8.13
3.06
15.58
4.49
5.57
2.01
5.13
2.45
5.05
3.62
17.63
8.56
5.66
7.06
8.62
1.92
1.59
19.10
5.54
4.08
6.04
3.51
2.58
16.68
6.53
10.66
1.46
4.02
1.99
3.52
14.61
14.13
8.11
9.15
7.60
3.51
7.08
2.52
10.11
2.02
3.05
5.53
3.04
4.04
29.25
2.60
3.04
1.46
2.00
12.68
14.64
15.70
2.53
15.59
1.94
3.61
9.58
21.18
5.00
2.57
1.97
23.84
1.58
10.64
4.53
7.58
4.04
9.11
4.54
4.12
9.55
7.55
6.05
2.51
4.55
10.63
10.57
2.06
8.61
2.52
13.56
4.53
12.11
4.59
6.52
9.09
12.10
10.22
12.64
1.54
14.72
8.57
12.57
8.61
5.59
5.08
3.53
1.97
6.00
7.55
8.54
14.67
2.56
2.54
4.03
15.60
5.03
2.58
4.49
7.07
10.63
2.52
3.57
1.53
1.96
2.53
5.06
2.59
23.75
4.51
30.29
55.02
26.78
3.55
17.62
6.59
18.67
9.58
2.08
4.53
3.05
19.15
8.63
30.21
1.53
21.73
19.17
1.49
2.05
5.06
4.05
7.62
3.50
7.05
1.48
10.05
5.56
18.68
7.08
5.62
10.67
2.01
4.01
1.51
10.61
9.66
1.49
3.54
22.72
4.58
4.04
2.97
9.09
2.04
5.55
1.53
6.58
3.60
17.70
9.06
2.55
2.54
11.12
3.99
8.05
1.54
9.06
10.18
1.97
10.13
14.10
13.18
4.54
13.69
5.01
1.97
1.49
4.54
4.61
15.65
3.60
36.32
8.54
4.05
4.07
1.55
1.49
3.05
7.15
12.11
5.53
2.98
8.49
1.61
9.10
5.47
6.09
6.07
6.10
5.55
8.13
4.01
1.56
2.04
8.58
10.07
6.06
3.03
9.62
6.08
3.97
7.13
2.51
6.59
9.54
10.15
2.54
1.44
3.03
5.07
5.03
11.11
4.06
1.54
1.53
4.07
4.52
6.54
8.12
7.55
6.60
6.59
2.00
4.11
26.84
9.12
1.54
8.08
15.64
8.01
1.52
6.00
4.08
8.04
2.98
5.52
3.01
3.07
9.59
12.64
6.06
16.72
1.99
8.61
7.63
4.03
8.58
5.08
16.68
9.06
1.98
1.57
2.55
28.29
1.49
11.09
1.57
1.48
1.52
2.51
1.98
1.61
12.67
2.44
21.70
4.05
2.49
4.01
4.08
3.05
4.02
4.09
22.27
2.02
3.08
6.11
20.22
7.05
1.96
2.48
9.18
10.64
3.54
1.98
9.62
29.25
5.06
16.67
1.51
10.15
20.76
5.51
2.04
7.10
26.27
3.02
6.06
3.02
2.02
20.68
2.08
12.57
21.25
4.53
4.54
3.56
4.04
7.57
4.09
6.06
5.03
2.59
18.70
3.44
5.12
25.81
1.99
2.49
9.55
16.72
6.59
1.51
14.15
4.61
6.55
17.21
1.48
5.55
5.07
1.47
13.61
14.15
6.56
9.60
1.99
4.09
6.62
2.49
13.22
5.07
4.57
3.96
5.08
12.03
10.69
1.51
4.51
1.48
22.20
17.16
8.11
1.50
2.58
3.50
4.04
11.05
5.12
22.21
7.55
18.65
2.51
2.03
10.19
1.49
9.06
4.53
8.60
4.06
12.04
12.64
2.10
19.30
1.54
2.45
3.99
8.08
11.25
17.75
2.54
2.51
22.89
16.13
6.51
5.55
4.53
12.18
4.54
16.64
9.07
3.02
3.51
4.06
11.13
1.49
44.31
4.54
1.98
3.54
12.64
6.08
4.56
4.55
3.00
9.59
9.07
2.58
7.05
6.56
14.28
7.13
4.02
8.06
4.58
13.58
8.58
4.00
1.57
6.01
5.59
2.08
7.06
4.51
6.60
4.02
15.12
1.56
14.64
8.56
7.07
3.54
1.47
16.12
5.57
4.03
19.75
1.50
11.64
6.60
22.23
10.10
20.68
5.53
16.68
9.64
3.06
2.51
1.47
18.26
2.54
3.95
12.66
4.55
18.72
1.97
2.50
4.05
12.18
5.16
3.52
5.52
7.10
1.53
2.03
6.00
7.55
2.59
1.98
12.14
15.12
3.12
10.13
10.01
8.62
5.17
23.20
2.52
2.52
10.57
12.68
11.11
21.15
4.52
6.04
2.57
2.48
1.59
3.02
9.59
2.49
3.04
8.13
2.54
15.68
7.50
7.55
2.04
2.54
5.07
3.01
1.95
6.60
10.57
9.57
9.14
19.19
2.52
7.62
6.62
5.07
6.00
2.50
6.57
4.57
1.49
5.98
7.59
2.01
7.15
7.10
1.51
6.06
2.05
4.52
2.48
3.99
5.03
3.04
13.24
1.92
11.16
2.57
7.63
8.08
8.05
2.02
14.19
5.06
1.98
3.01
2.68
12.09
20.72
3.07
4.54
1.49
14.61
21.07
1.57
2.09
1.52
7.08
6.09
1.86
5.15
3.94
14.23
17.63
4.10
6.08
4.53
3.08
1.47
5.06
17.69
11.16
4.53
17.16
4.09
1.48
3.55
3.00
2.55
5.01
9.60
34.28
16.21
11.08
9.12
7.62
2.00
7.09
4.48
17.17
4.04
4.06
10.56
6.61
8.03
1.52
26.78
9.10
5.02
16.66
15.77
5.60
6.57
10.69
18.70
18.58
3.05
7.03
7.05
6.09
10.55
6.05
6.58
3.06
2.49
8.09
7.08
9.60
5.07
3.03
1.47
1.50
6.11
15.68
7.08
3.05
1.66
4.87
10.05
17.14
8.09
3.58
9.61
8.59
12.62
4.59
3.01
3.02
4.51
4.54
4.53
29.35
6.98
9.63
4.51
2.55
22.26
13.13
6.55
8.56
13.70
4.50
8.70
1.46
12.08
6.02
3.56
8.62
17.20
6.06
1.51
10.10
10.63
35.38
4.06
2.08
8.07
3.03
13.63
2.02
1.49
5.56
29.27
3.56
9.11
18.22
8.61
4.07
5.00
18.19
4.55
5.63
4.16
2.92
4.92
3.05
15.14
5.54
7.10
6.11
4.10
2.05
1.96
2.03
1.56
3.48
6.63
3.04
4.18
3.98
3.03
30.45
1.53
1.95
1.51
12.98
7.12
2.50
8.56
3.00
7.55
1.53
3.06
8.08
5.03
3.62
4.57
8.56
2.49
3.57
5.00
4.00
2.07
5.01
13.16
9.06
25.27
5.56
2.03
8.59
11.58
2.03
1.49
7.55
2.05
2.05
3.50
26.30
5.02
4.03
3.05
9.61
2.02
9.18
8.08
8.05
3.02
1.45
19.72
1.57
7.11
7.04
6.57
7.59
12.59
5.04
5.12
6.09
9.07
10.65
4.59
11.12
2.07
6.05
8.62
10.62
6.05
2.02
5.51
7.02
8.09
3.58
9.06
16.28
1.62
1.40
10.07
2.02
5.96
5.04
15.23
4.03
21.28
4.51
25.80
4.09
1.99
2.52
1.56
2.00
11.16
2.52
8.61
7.59
7.12
2.98
7.09
20.67
4.07
1.97
8.57
7.56
2.02
19.71
5.55
2.06
15.16
10.61
1.54
13.17
10.10
1.52
5.51
18.13
7.10
2.10
7.02
21.29
15.17
2.02
8.05
5.02
3.99
22.77
1.54
11.13
3.50
14.69
7.08
7.09
11.17
4.57
4.52
2.07
8.64
13.64
3.04
3.12
9.57
1.49
3.97
5.05
8.07
1.56
23.08
2.53
8.10
1.52
9.58
7.07
9.49
1.52
2.05
3.52
12.58
16.24
3.62
13.65
9.12
11.54
3.61
18.67
14.11
12.59
5.54
23.68
6.09
4.58
19.21
2.13
2.53
1.99
3.41
11.10
5.54
6.58
2.07
3.59
2.47
9.11
6.03
4.09
4.09
3.48
1.51
4.59
17.67
18.22
5.99
10.14
5.08
3.05
2.98
6.55
27.75
8.07
4.09
12.58
7.07
3.04
15.19
2.09
6.62
16.67
13.05
11.09
2.08
1.62
6.05
4.96
4.91
6.63
5.05
1.56
7.56
3.50
2.04
3.12
3.08
3.44
11.12
6.59
6.51
9.08
12.62
3.01
12.74
3.07
1.42
4.02
3.50
8.57
11.68
2.50
15.72
4.52
3.04
3.57
3.10
6.57
3.97
2.00
11.12
13.14
21.15
3.56
2.52
9.03
2.53
8.63
1.52
7.62
5.52
15.14
15.71
33.27
4.58
5.58
2.03
4.62
19.69
4.01
13.66
1.62
3.56
4.49
15.65
6.51
1.49
4.00
2.03
1.51
4.60
6.09
6.10
13.61
10.08
10.61
2.12
7.57
13.14
8.45
7.61
4.03
8.62
5.03
6.00
6.61
16.20
11.58
3.54
7.08
7.06
18.67
2.53
3.08
2.02
6.07
7.04
4.48
2.56
3.05
3.02
5.50
4.55
3.58
2.03
12.77
4.53
26.75
8.01
4.59
2.08
2.52
11.12
2.54
10.08
1.57
18.67
11.55
15.76
1.96
10.20
8.09
8.55
6.62
8.07
5.55
5.54
9.15
7.59
4.02
43.93
2.04
9.16
8.54
2.51
19.09
2.05
17.19
5.04
13.69
12.60
2.55
8.60
14.61
16.64
8.57
9.55
4.61
5.01
17.22
16.69
6.09
3.97
7.62
2.56
4.07
2.48
3.53
24.77
8.06
6.54
4.62
6.58
10.03
4.52
2.64
6.10
3.94
6.52
6.61
9.04
6.53
1.56
5.57
8.60
5.63
3.97
2.55
9.02
5.07
27.28
5.54
2.55
17.69
14.70
7.52
8.11
2.51
6.01
7.50
4.08
11.07
18.70
9.03
10.19
5.59
2.00
8.08
3.53
4.04
6.03
2.61
3.46
17.63
28.76
10.61
7.59
5.06
6.03
3.54
2.57
2.00
4.05
4.05
4.55
1.99
11.59
5.06
20.17
12.17
1.48
9.14
12.17
10.64
7.09
10.59
3.52
3.02
2.56
3.54
17.68
18.64
4.56
1.47
10.14
14.18
6.53
5.01
4.53
3.52
7.57
23.24
9.18
5.03
4.50
2.03
6.17
1.63
1.88
4.50
17.69
7.05
11.60
10.08
6.05
8.55
5.06
4.07
9.18
7.04
11.59
2.99
5.58
4.12
1.96
7.58
2.61
4.50
2.96
7.54
21.27
19.19
16.21
2.48
6.05
5.09
14.15
6.57
2.00
2.50
8.10
14.09
7.13
8.09
18.23
2.01
4.95
5.01
5.51
2.08
6.61
7.58
3.52
2.48
8.64
2.00
14.16
4.02
10.61
16.65
3.52
5.52
5.09
1.51
4.56
3.01
6.09
1.51
2.05
15.17
1.51
1.47
5.04
9.09
4.08
2.58
1.52
2.47
9.05
14.09
1.63
12.61
12.70
8.05
7.59
2.55
4.07
5.49
4.51
2.03
2.54
9.09
2.02
5.61
1.94
22.22
1.50
5.56
1.99
18.18
8.59
1.60
4.09
4.59
7.61
2.99
1.50
11.58
15.61
3.03
7.62
2.01
2.00
4.53
2.02
21.16
1.54
15.15
2.54
8.64
19.69
1.44
5.57
4.04
3.03
12.14
10.63
2.52
10.65
9.56
9.64
2.52
5.06
2.55
4.50
11.09
29.40
1.98
3.05
11.56
18.68
23.21
3.10
2.11
6.97
12.09
9.62
18.74
2.03
4.50
11.02
8.05
7.64
13.15
11.59
13.57
37.36
1.97
21.23
1.48
7.07
20.23
9.17
1.96
7.05
1.51
9.63
3.52
18.17
2.49
4.58
6.10
1.47
5.04
8.10
4.55
15.70
2.50
14.12
7.63
20.72
22.22
4.54
11.16
2.53
2.00
3.58
5.00
17.66
7.09
1.55
1.93
6.55
2.56
22.76
4.05
4.55
4.00
8.64
3.02
9.60
1.62
46.00
2.96
5.96
11.11
8.10
3.57
10.09
7.57
19.21
2.51
7.56
7.04
1.55
1.50
12.10
16.18
40.85
15.15
3.07
17.19
7.60
4.01
2.52
2.51
2.04
3.53
2.05
2.46
14.12
2.03
27.80
8.08
2.48
5.08
5.05
6.00
10.64
3.56
2.04
6.04
13.60
11.09
6.64
2.58
10.11
3.47
3.06
6.57
3.58
1.46
7.61
3.05
10.12
17.70
9.07
4.09
1.47
17.10
6.56
9.18
3.52
23.20
8.61
6.61
9.68
5.98
16.24
4.56
4.11
23.20
11.04
7.06
4.01
8.09
7.09
6.62
3.58
3.48
12.58
2.01
17.21
13.18
9.63
6.05
8.05
3.04
3.52
2.02
2.99
5.53
12.63
3.55
10.66
4.55
4.60
3.53
5.11
4.48
1.46
5.03
2.01
2.08
9.10
10.61
3.02
2.57
10.08
4.54
25.71
4.02
18.69
8.12
7.57
1.53
3.60
4.53
7.07
10.16
4.01
7.11
1.53
2.51
4.03
2.52
16.70
2.49
6.05
8.54
7.60
1.49
5.56
2.02
6.04
21.26
10.62
12.68
2.00
11.12
8.61
12.08
7.61
4.07
13.15
9.01
9.57
8.14
18.17
12.17
7.11
4.01
4.04
18.71
5.57
11.05
6.57
5.55
9.60
6.06
8.50
4.58
2.53
5.55
4.03
1.47
4.55
3.06
10.62
5.53
10.65
4.01
11.61
8.06
8.56
6.08
29.35
4.13
4.03
3.53
6.51
15.09
5.07
2.52
15.23
1.59
14.70
6.61
5.55
8.09
2.50
2.01
9.04
10.61
4.50
2.99
3.51
3.01
2.11
2.93
6.60
1.52
3.58
14.65
3.02
4.53
3.60
13.13
1.52
1.50
14.63
8.10
2.07
3.50
3.99
14.15
7.67
14.14
7.57
3.52
9.07
2.05
3.53
3.03
2.01
5.06
1.48
1.50
13.13
2.06
2.01
22.20
5.53
2.01
4.04
1.56
11.18
5.08
9.06
1.96
19.20
1.49
18.77
1.95
3.53
8.63
22.73
1.51
10.55
26.75
8.10
3.53
2.55
3.03
12.58
16.70
12.22
2.06
5.08
7.57
10.04
4.51
2.05
4.51
6.07
1.53
15.14
2.06
4.00
3.47
2.02
6.10
7.57
16.25
3.02
9.61
9.15
10.09
3.49
5.55
3.12
1.49
6.49
3.50
3.02
6.07
3.07
3.07
22.19
8.15
5.58
8.02
1.95
9.62
7.05
8.11
3.54
4.04
3.55
11.06
21.20
1.51
5.51
2.57
4.01
20.75
2.03
9.17
2.49
20.16
2.56
3.04
7.05
2.54
5.49
5.01
15.54
1.61
7.58
8.05
8.07
8.12
1.48
7.56
1.98
9.09
2.99
6.09
16.77
5.02
13.59
25.32
5.12
11.55
4.07
15.58
16.03
3.04
4.04
2.00
1.48
5.64
2.55
1.51
4.56
3.58
8.53
6.56
2.95
1.53
2.57
6.60
4.03
10.05
4.55
18.25
2.02
6.70
10.10
5.02
7.48
4.57
6.58
2.54
5.12
8.09
5.03
4.03
12.59
7.65
3.47
19.78
12.70
7.04
3.06
8.02
5.60
1.50
11.20
1.47
65.10
18.72
2.97
11.67
2.02
4.58
6.07
3.50
12.08
6.56
13.15
9.17
2.43
8.61
9.64
24.82
11.69
7.58
2.01
1.55
9.51
11.06
5.54
4.17
5.59
2.40
2.50
7.59
6.03
10.12
1.50
8.08
5.14
3.47
2.49
15.75
11.62
3.46
3.04
23.26
7.58
5.52
11.19
3.98
6.05
2.61
5.54
12.15
2.02
3.09
8.01
2.03
1.54
6.53
4.08
4.07
14.58
2.00
9.07
23.70
9.63
9.65
10.58
1.54
8.53
5.06
7.11
3.05
19.77
7.06
8.58
4.56
2.55
5.65
3.49
1.48
20.69
4.60
5.12
3.00
19.72
8.55
5.52
13.08
4.08
12.11
21.74
10.58
5.60
6.05
6.10
7.59
3.55
8.54
1.59
5.59
13.11
2.07
3.03
7.03
2.54
9.00
5.08
2.54
2.00
14.15
6.58
15.14
11.65
5.52
11.12
1.57
2.50
6.07
22.81
2.03
3.49
11.09
6.57
12.66
12.66
4.06
2.09
5.50
1.51
7.56
6.01
4.54
1.52
10.60
10.10
5.53
14.13
2.04
11.14
4.55
4.49
7.09
6.61
3.45
2.03
12.14
4.05
3.64
3.58
4.03
4.98
6.55
4.54
5.07
9.11
21.66
5.56
10.56
11.62
7.57
7.60
3.03
1.51
29.25
4.59
3.00
15.60
6.08
1.50
16.18
4.10
1.99
2.04
1.53
3.08
11.61
13.65
4.48
2.60
2.95
8.57
4.08
15.68
2.48
8.08
7.13
3.54
1.94
5.58
3.58
3.59
3.50
5.53
4.11
1.43
6.09
24.72
3.51
17.18
9.11
36.92
5.03
3.50
13.59
8.51
3.01
3.02
2.56
4.09
2.52
5.57
8.63
9.06
6.59
1.45
3.06
18.60
9.13
8.15
3.52
18.16
7.10
16.67
2.06
3.02
1.49
16.09
2.01
2.05
2.50
4.03
12.13
3.01
4.61
3.51
12.07
4.56
11.07
17.20
4.52
13.69
2.50
19.22
3.02
11.74
4.03
29.29
1.98
2.02
1.97
1.62
2.60
2.97
12.13
1.52
15.73
1.47
3.07
15.63
5.00
28.70
6.65
5.54
12.09
17.19
13.62
7.06
7.10
4.04
1.53
4.54
11.09
1.62
1.44
9.61
10.06
7.58
4.10
4.02
11.57
1.51
9.58
3.05
2.98
6.58
2.53
5.60
15.18
4.61
10.15
1.95
11.65
8.16
11.52
5.54
5.06
8.57
1.48
1.48
1.99
4.54
7.61
8.60
1.48
8.61
1.52
8.08
8.64
3.08
1.50
12.12
9.09
6.05
14.57
7.58
3.60
3.57
3.49
6.52
1.51
2.55
2.05
3.57
16.20
7.10
11.60
7.04
15.60
5.04
2.60
7.55
5.55
3.98
3.52
3.07
8.57
1.55
3.06
5.51
18.21
1.45
19.17
13.64
4.04
8.99
3.58
1.49
5.08
2.97
22.74
4.03
1.55
14.10
4.60
21.75
3.49
27.28
5.03
16.18
2.52
13.11
8.11
1.55
7.02
3.01
2.53
12.61
2.54
11.51
8.61
8.59
3.52
11.10
8.57
4.04
1.52
7.08
2.07
8.58
1.96
17.67
5.09
3.02
2.52
12.12
6.54
3.02
3.62
5.98
21.28
2.49
5.02
41.47
19.67
2.07
6.04
14.63
3.56
20.26
5.11
2.56
3.48
1.53
9.09
3.45
10.58
7.58
13.15
3.12
11.10
6.54
2.53
3.57
1.50
8.97
4.02
8.08
4.05
2.58
3.55
6.10
4.06
6.53
10.53
3.55
3.63
3.14
10.13
4.48
9.50
6.57
10.62
4.07
4.00
10.08
2.52
5.05
6.55
6.13
14.08
1.54
1.53
1.43
2.98
4.49
5.06
4.01
4.07
4.53
12.61
5.06
6.55
10.18
16.70
1.96
8.05
4.57
18.72
1.52
14.73
2.08
11.70
10.57
3.57
18.68
8.62
3.54
15.17
4.07
2.50
29.77
7.53
7.09
12.14
2.55
19.74
4.53
21.71
15.20
2.00
1.55
12.61
6.04
3.59
11.03
18.17
6.09
9.60
2.03
14.64
2.07
4.05
1.99
41.83
1.58
3.06
4.54
13.65
11.11
25.80
13.62
24.69
11.61
2.05
6.55
25.19
1.57
2.04
8.59
7.15
3.49
4.52
2.06
9.02
2.02
7.08
2.52
9.59
13.62
3.07
5.53
9.59
4.05
2.53
1.53
3.52
4.07
21.76
21.19
4.09
12.57
14.16
2.51
16.22
35.31
18.19
13.10
7.08
6.64
17.19
11.02
6.08
1.53
13.64
4.06
5.52
9.59
13.13
3.56
1.48
11.60
12.67
9.07
20.69
11.07
10.67
8.59
10.67
4.55
1.51
5.52
3.61
16.12
3.50
3.01
5.50
6.67
4.51
8.09
4.96
5.08
2.52
1.50
4.53
5.60
14.23
16.13
7.02
5.49
7.08
7.58
4.58
6.52
12.64
1.99
5.06
2.54
2.55
2.11
3.50
11.60
1.52
3.49
5.07
4.59
9.13
2.99
2.00
6.67
16.19
4.56
8.06
7.97
7.56
6.60
1.53
12.10
21.69
4.54
22.17
7.06
3.02
15.68
7.57
3.03
2.54
5.08
11.60
9.61
4.03
3.58
5.09
3.00
2.47
2.03
2.54
3.01
2.05
11.09
8.02
1.53
15.12
7.57
3.54
4.04
8.71
2.07
1.93
4.01
1.49
16.73
4.06
1.97
1.49
11.17
9.07
13.14
1.49
11.12
4.54
3.00
31.94
18.22
6.08
10.12
6.59
8.05
13.54
22.74
6.03
9.18
7.07
9.60
1.51
4.09
8.53
5.02
5.63
4.54
8.52
2.54
4.99
6.10
3.05
1.47
8.59
8.63
10.60
3.51
11.14
6.58
7.57
14.11
4.59
3.57
15.14
4.51
4.05
11.08
5.55
3.56
3.01
5.03
12.13
6.62
2.54
3.97
8.05
8.07
17.20
19.24
1.48
3.04
35.90
2.08
5.03
10.07
2.55
2.04
7.57
2.44
7.07
5.07
2.07
2.97
12.18
13.70
2.00
1.50
8.14
3.40
12.62
6.06
2.52
21.25
6.56
11.71
6.57
2.02
14.66
2.53
4.14
4.05
6.02
20.18
9.64
6.59
8.01
2.55
20.78
4.52
4.08
14.68
5.53
13.55
10.12
1.56
7.65
5.46
9.56
2.04
12.70
25.28
2.95
7.08
17.23
8.09
1.52
3.06
5.61
6.55
3.51
5.03
2.54
14.11
10.61
2.02
14.11
5.04
6.54
7.59
11.09
6.63
3.05
5.59
3.49
19.64
3.06
18.19
2.08
24.29
3.51
16.12
13.09
7.56
10.10
2.55
27.28
2.00
3.61
6.05
13.63
13.59
3.09
2.54
1.98
3.06
14.65
3.01
2.01
3.48
4.58
19.26
8.05
6.09
1.51
2.02
1.50
4.07
4.05
28.26
39.95
8.08
6.08
1.98
9.07
2.57
15.18
4.52
2.03
3.45
15.20
7.09
1.47
5.10
12.63
3.07
10.08
19.20
1.56
2.08
4.48
13.14
8.03
3.04
7.09
8.63
7.10
18.22
3.04
4.98
5.52
10.11
12.12
39.32
2.01
3.04
7.07
5.60
7.05
4.62
1.41
3.57
11.67
5.07
3.61
2.44
24.25
5.14
3.09
17.14
7.55
6.17
4.99
15.09
12.57
7.10
4.58
4.52
2.56
17.20
2.45
8.61
3.05
8.59
3.55
1.48
7.55
3.99
4.03
4.55
9.12
4.61
3.54
2.48
2.05
11.09
13.69
2.54
5.53
3.54
5.54
4.60
4.02
6.05
10.13
1.53
3.51
2.98
8.08
6.10
13.66
5.57
5.53
3.55
7.05
6.05
1.52
16.15
4.59
1.47
1.52
24.28
7.09
1.99
2.53
7.55
8.06
12.18
15.68
30.33
4.07
7.08
11.04
3.04
4.09
3.12
3.50
6.09
7.52
3.00
2.02
4.58
5.05
2.03
3.50
4.55
6.06
11.64
3.10
6.59
2.46
1.55
8.07
9.57
7.59
7.60
4.09
10.14
5.05
1.45
3.00
4.59
3.50
11.12
3.04
2.06
22.85
1.51
6.50
7.05
7.61
5.05
5.51
7.07
8.61
4.60
3.49
2.48
7.06
18.74
31.82
3.55
3.57
5.54
2.53
1.57
12.11
9.03
2.00
4.06
7.04
7.05
5.58
3.03
1.44
9.04
6.11
4.57
8.15
3.55
2.06
4.53
1.53
12.17
1.57
15.68
10.02
5.54
20.66
7.04
3.58
4.04
34.36
7.07
14.16
3.99
4.00
5.04
3.02
2.49
2.10
4.06
9.62
2.02
2.54
5.46
1.62
4.05
3.53
9.97
7.64
8.09
3.58
31.80
14.13
10.06
3.55
2.09
10.13
1.94
15.27
4.61
1.97
6.57
5.47
6.64
1.99
9.07
3.06
6.58
2.01
15.11
5.12
1.59
5.47
7.59
18.18
13.11
11.04
10.05
13.23
3.52
19.20
5.52
3.07
2.61
2.57
21.21
3.45
4.07
3.06
7.03
3.05
3.06
5.55
7.05
10.10
1.50
3.56
2.97
11.12
2.57
3.56
1.54
2.51
1.95
2.51
3.09
2.59
20.16
5.06
2.02
4.54
1.49
2.55
2.53
3.99
2.05
1.57
10.60
3.53
4.05
1.52
1.49
9.52
1.61
10.12
1.91
3.53
1.51
7.57
1.59
11.65
2.50
1.95
16.65
4.07
1.53
4.55
3.56
10.11
9.03
1.54
20.78
1.45
5.57
3.50
9.64
2.52
4.55
14.61
6.09
3.05
7.04
3.11
18.19
5.60
5.02
26.74
14.13
4.05
5.60
8.53
6.03
7.63
19.19
2.47
3.65
8.64
1.96
5.06
1.99
6.03
6.06
2.04
4.08
4.49
5.02
6.59
1.96
4.02
2.53
9.09
7.12
7.58
3.55
14.14
2.00
3.07
1.60
24.75
2.42
9.07
8.10
3.55
1.59
7.08
1.47
6.54
3.60
5.05
35.45
11.08
7.55
1.59
6.07
3.47
13.64
6.60
10.70
1.45
20.69
2.52
18.16
2.49
15.68
5.56
6.08
3.56
1.48
15.66
2.00
5.57
4.57
15.68
10.67
6.03
1.99
7.16
2.44
10.06
3.09
23.27
6.59
4.07
14.12
18.71
6.59
3.05
5.51
6.09
12.08
3.01
29.81
3.02
8.08
5.11
12.73
2.97
9.56
32.35
5.12
2.43
3.02
11.71
5.06
6.11
6.03
5.56
14.59
8.54
1.55
11.64
1.99
4.54
6.01
14.14
9.09
14.17
2.03
17.20
12.16
7.14
2.99
6.06
3.04
11.59
2.51
2.60
9.00
6.10
1.52
3.02
1.55
2.05
3.04
12.06
13.57
18.63
20.66
7.05
2.02
13.63
5.04
8.12
5.09
2.60
5.62
5.57
9.00
2.03
13.63
7.57
3.09
2.08
3.48
1.53
8.08
4.52
13.59
2.03
11.18
2.53
5.57
2.46
8.59
12.16
10.55
20.23
13.10
3.04
6.05
1.54
1.50
4.57
3.51
12.60
6.61
7.59
11.06
1.56
1.50
4.50
2.01
6.59
6.54
13.19
3.04
8.09
5.50
1.57
11.09
7.59
5.09
7.58
6.09
21.18
9.06
6.10
9.07
3.06
3.09
10.68
11.58
10.58
2.62
6.06
4.03
4.02
6.03
11.02
6.57
7.60
3.53
10.59
8.03
10.05
5.59
4.56
3.07
2.55
11.11
3.47
4.02
8.59
7.58
16.18
3.03
2.54
4.55
3.50
3.49
18.24
8.10
8.59
8.09
6.08
3.04
8.04
16.66
7.06
8.57
2.52
13.66
2.54
14.65
11.59
2.48
6.08
4.58
1.97
9.61
7.57
5.08
9.63
6.57
5.07
3.59
6.08
12.18
3.51
7.57
4.06
10.09
12.14
8.58
11.11
28.21
4.57
7.07
6.10
7.61
13.19
3.06
5.49
6.58
14.17
1.51
9.56
4.55
2.00
16.15
3.62
4.07
7.55
7.60
8.53
2.03
12.04
6.57
5.59
2.97
9.60
7.05
16.70
15.69
33.26
7.07
8.12
2.97
4.55
2.00
3.07
2.05
1.48
2.49
2.99
9.11
5.57
4.08
6.58
32.40
6.11
3.50
4.05
15.05
11.11
19.70
19.69
9.55
13.19
1.49
4.08
14.65
11.60
2.02
7.06
9.62
5.58
6.59
2.99
1.49
6.55
6.61
8.59
7.55
2.55
12.06
6.51
3.62
7.07
15.20
5.50
3.58
3.02
16.72
17.63
3.02
7.59
5.58
10.54
8.05
14.15
12.66
8.08
3.01
12.66
13.61
8.56
2.54
3.51
20.75
7.61
19.19
3.54
1.98
5.06
1.56
10.62
1.50
2.47
1.48
4.06
6.57
4.99
1.57
9.72
7.55
5.01
2.08
12.98
10.06
7.58
2.02
2.02
23.21
10.11
5.05
3.09
3.59
2.47
4.02
1.55
6.04
7.54
13.66
1.50
2.00
8.63
7.09
9.61
8.10
12.65
22.77
18.71
7.10
10.16
4.03
2.97
3.06
4.02
1.51
5.59
11.13
6.04
19.64
11.69
11.10
15.16
5.10
13.13
7.03
6.04
13.13
8.58
6.06
1.49
5.54
4.09
7.60
7.49
15.19
11.20
14.15
6.04
2.07
3.04
13.13
5.01
4.52
7.07
11.61
5.57
17.77
4.60
2.65
4.03
2.91
4.97
5.59
2.51
8.08
5.65
10.00
15.67
24.36
4.56
2.44
3.53
2.03
9.07
2.49
2.02
10.63
7.08
3.54
4.48
5.59
2.02
13.66
14.67
12.64
1.46
1.53
4.56
6.59
4.03
13.65
1.54
3.04
5.12
3.04
6.06
3.55
2.49
3.57
9.60
2.53
8.62
1.97
3.53
2.07
15.11
4.56
10.03
9.08
44.00
25.27
6.08
1.99
6.57
1.56
9.67
2.05
7.00
9.11
9.61
2.46
3.60
11.62
10.55
5.49
4.55
7.61
5.52
1.52
1.49
8.09
1.48
6.62
3.02
7.07
2.13
3.45
34.30
13.12
1.54
13.09
1.50
2.53
10.08
5.05
2.97
13.15
5.59
47.44
2.08
2.96
6.56
1.57
5.05
3.02
6.03
3.02
8.56
4.59
7.03
1.50
6.10
2.48
3.60
4.05
9.07
3.60
2.50
1.53
13.55
8.60
4.52
4.02
9.60
5.57
9.13
15.16
2.01
2.48
1.51
4.06
17.63
18.20
19.76
8.56
8.08
12.15
2.58
10.64
5.54
9.06
12.64
8.05
5.55
2.57
18.68
16.16
6.63
3.01
1.92
3.52
1.49
5.18
5.07
6.07
4.45
6.03
6.03
4.07
5.00
2.54
2.52
18.68
10.68
2.54
2.55
3.56
2.51
1.45
2.52
7.15
2.03
5.04
2.05
3.04
3.53
12.04
14.11
11.60
2.51
7.58
2.08
2.08
3.04
1.52
2.49
2.00
2.51
3.59
6.60
5.06
5.02
7.02
2.49
8.03
5.02
5.58
9.61
5.05
18.21
8.52
2.06
5.59
1.48
1.46
4.53
8.58
2.54
2.54
9.07
2.56
2.54
10.15
14.66
4.49
20.73
3.55
10.60
5.08
7.08
17.67
3.02
11.63
15.15
2.48
1.52
1.55
2.52
7.03
4.59
7.09
6.13
6.53
5.97
3.01
3.55
3.05
10.59
21.15
2.59
9.64
1.46
9.10
13.57
19.18
4.08
9.11
4.08
11.60
16.63
2.54
2.15
3.09
16.61
1.99
4.42
5.05
7.60
13.74
7.02
2.05
6.53
6.04
17.73
8.58
11.08
18.24
8.11
4.07
6.60
2.97
3.03
2.00
7.56
11.64
2.03
18.18
1.55
11.09
4.58
17.62
3.54
9.10
6.03
7.59
28.35
5.04
1.49
5.50
2.01
10.15
4.52
5.06
7.67
2.47
7.54
1.49
16.66
5.11
5.55
3.10
2.03
14.64
14.69
3.04
11.04
3.62
10.62
3.99
10.08
4.53
2.51
9.12
12.11
3.10
8.12
9.50
6.56
9.65
10.67
18.60
8.08
7.59
3.05
12.62
8.21
3.45
1.51
2.54
9.59
1.51
3.08
8.11
6.52
23.21
2.10
9.54
6.47
11.09
7.08
11.09
4.60
2.06
2.58
2.51
5.56
3.47
9.58
9.06
8.64
11.67
12.11
3.02
3.97
3.58
3.09
1.48
8.53
14.63
4.55
2.53
10.69
5.03
7.05
9.59
3.52
8.13
11.58
2.02
11.65
13.06
10.62
12.63
8.14
2.00
9.62
1.51
8.59
2.52
16.70
16.11
3.09
5.04
13.58
8.17
16.59
5.52
3.10
5.02
11.09
2.02
30.29
17.19
24.24
7.58
18.70
16.62
12.62
2.59
1.51
3.48
4.51
3.05
2.04
1.52
2.03
2.50
4.03
1.53
1.98
2.08
11.67
2.49
33.84
9.55
1.47
4.59
6.07
8.56
5.05
4.56
2.09
1.98
3.03
5.46
11.18
2.50
6.07
3.01
5.56
4.61
6.56
2.03
22.28
2.99
1.53
9.64
5.07
4.12
4.03
3.54
28.79
3.06
4.61
2.99
4.05
10.05
23.12
5.03
5.54
2.54
5.04
2.03
7.58
8.61
2.52
15.23
7.54
4.01
3.95
2.05
5.59
7.09
6.07
2.00
4.05
5.59
9.14
5.62
18.20
2.48
6.01
23.21
12.15
17.18
3.50
9.08
6.11
11.12
3.03
6.56
2.48
2.62
12.63
14.66
14.13
6.07
9.07
13.72
29.33
3.48
5.55
3.52
2.06
18.14
5.49
2.50
3.10
8.71
8.66
6.03
2.03
2.98
4.97
4.07
4.15
2.94
5.01
4.57
3.06
5.50
2.01
1.51
9.61
23.31
4.60
3.06
2.96
5.57
16.66
3.51
12.67
2.95
7.04
9.13
7.09
1.46
4.57
16.65
17.28
4.53
6.58
5.52
1.47
6.53
14.65
1.52
2.52
3.54
1.99
10.61
13.64
5.59
5.57
4.03
10.06
2.55
1.51
29.31
11.11
4.46
7.53
15.65
1.54
5.06
6.60
7.10
1.62
6.07
4.04
3.05
11.01
1.51
15.23
6.08
2.47
7.58
14.59
27.76
2.07
3.10
10.14
2.00
4.03
2.01
13.66
15.10
2.48
11.15
1.54
7.10
6.55
16.72
8.55
2.05
9.64
3.12
2.51
4.53
1.52
11.05
6.57
2.02
5.52
18.22
2.02
6.05
1.50
13.65
6.57
17.17
6.55
11.63
7.55
8.63
6.67
2.54
8.13
1.54
1.50
5.01
5.54
3.52
5.52
3.58
3.52
1.99
16.20
6.11
5.59
8.57
2.48
1.51
5.13
10.62
5.57
1.54
5.01
5.08
4.04
5.01
2.53
2.54
2.08
9.57
3.97
17.63
2.62
4.47
16.21
19.23
2.97
2.02
8.19
11.19
5.56
3.47
3.41
3.02
2.01
8.58
11.12
10.16
6.55
24.75
7.59
6.55
13.05
1.53
3.52
2.06
2.03
5.07
4.58
11.71
5.04
3.95
3.53
6.12
4.54
11.58
4.07
5.00
3.02
9.13
3.55
3.05
2.97
1.52
1.99
4.05
7.56
6.57
7.05
11.11
3.56
6.65
2.56
14.17
10.13
4.96
2.49
4.49
10.61
7.61
1.46
11.09
19.17
15.66
18.21
3.05
2.52
6.10
11.09
3.10
17.68
13.18
3.02
4.04
2.52
2.58
4.03
2.01
5.99
13.06
6.10
11.12
2.14
11.10
7.09
5.45
6.08
5.55
11.12
3.05
14.11
3.54
4.50
8.15
2.52
2.52
3.45
25.34
7.59
10.10
3.04
2.03
9.61
14.11
3.50
4.02
6.10
12.23
6.53
2.53
21.26
5.06
5.57
4.04
4.99
14.62
8.61
6.07
3.07
8.09
6.51
1.51
2.06
13.11
5.52
1.52
2.56
11.62
2.52
22.81
2.06
5.54
8.07
36.81
5.54
13.60
44.14
1.47
7.12
11.14
13.13
14.11
3.54
2.52
4.04
4.12
27.81
1.95
2.55
2.58
11.12
1.45
5.04
1.50
25.65
9.09
3.58
1.55
2.96
26.24
2.54
10.15
21.71
9.62
30.89
21.21
10.58
12.70
1.52
16.21
16.63
1.46
3.04
2.53
2.52
3.04
2.04
1.48
2.00
6.59
2.03
13.61
3.53
12.18
7.05
8.07
8.09
9.53
3.04
5.05
16.26
17.20
8.63
11.56
4.00
3.56
8.54
7.14
13.58
3.99
8.59
17.22
2.57
8.15
13.60
21.71
10.13
14.57
11.60
6.61
3.01
13.65
11.69
4.01
12.61
3.55
16.20
24.66
5.52
3.55
3.03
1.46
5.13
11.62
9.09
1.49
6.04
7.57
15.18
11.64
12.02
7.11
4.53
4.02
7.59
5.53
3.08
2.06
35.36
7.57
6.03
6.50
11.61
4.61
6.09
4.52
8.09
8.06
3.06
7.05
29.83
4.59
5.51
1.99
1.58
8.54
3.03
3.53
8.04
7.57
5.04
11.16
2.00
15.15
9.62
14.66
5.51
5.58
5.02
12.10
4.07
3.01
24.26
4.58
7.59
6.56
5.07
4.08
1.98
13.14
9.63
1.53
22.71
9.57
7.62
8.09
2.53
10.10
3.10
2.96
11.12
3.07
4.59
11.65
1.51
8.63
2.00
2.01
10.61
4.61
15.69
4.50
4.56
14.58
8.66
3.00
10.60
4.10
1.95
4.62
2.52
1.46
3.11
6.07
4.48
4.02
6.58
27.26
7.58
2.48
10.64
15.70
5.01
7.07
5.08
3.07
3.04
2.06
7.09
14.10
15.71
7.01
2.55
24.75
8.10
2.48
22.20
4.07
1.50
5.51
7.53
8.57
8.10
1.62
2.06
5.05
5.04
5.99
5.54
7.63
17.16
7.58
27.80
9.12
6.05
2.02
1.53
7.09
2.00
2.94
10.12
7.52
13.20
13.62
4.09
4.52
2.00
5.03
2.03
10.11
9.60
3.49
7.59
9.22
3.49
2.54
3.95
7.54
2.04
1.61
10.13
14.62
5.59
12.04
2.57
7.06
2.08
11.13
15.26
9.07
4.44
12.13
3.04
7.07
6.01
4.05
4.58
5.56
1.52
24.72
12.10
5.05
18.13
14.67
2.62
10.10
7.09
5.05
2.01
4.51
2.57
7.14
1.48
2.07
4.50
13.61
2.50
4.05
12.59
3.05
9.07
11.61
4.58
2.56
18.21
9.58
1.51
12.57
4.12
6.06
5.03
2.00
3.08
5.11
10.06
3.47
7.56
4.55
8.04
3.99
2.58
1.56
5.56
5.01
6.56
7.60
3.57
3.16
17.67
8.04
1.56
4.49
2.07
7.05
1.49
22.19
3.07
36.24
15.71
3.58
9.13
23.71
1.50
5.57
9.02
4.54
2.06
2.50
11.03
15.66
10.70
2.49
8.04
4.11
6.63
6.02
28.32
2.48
4.63
4.59
9.60
2.43
9.09
6.05
2.57
1.45
3.03
9.12
4.09
4.52
1.55
8.56
12.62
3.53
19.16
12.16
6.06
17.13
3.05
8.14
24.32
5.51
1.43
3.61
11.68
6.06
7.59
3.48
18.63
23.70
2.55
5.59
2.61
2.93
1.55
12.06
14.17
4.60
7.09
4.53
3.58
5.97
15.15
12.07
3.04
7.60
2.64
4.53
6.07
2.09
6.94
4.50
4.01
7.63
2.03
1.55
7.55
6.48
1.61
11.70
4.56
8.15
10.08
16.12
1.52
4.06
2.50
17.25
22.13
1.95
9.56
8.12
6.05
3.63
2.98
16.69
2.02
5.06
8.60
19.21
1.53
9.58
10.62
3.05
3.09
10.11
2.60
6.54
1.53
13.06
3.04
12.08
4.01
4.06
2.00
3.09
10.19
24.22
1.45
1.55
8.50
4.07
3.01
13.55
17.12
3.54
10.15
3.59
7.05
1.54
10.69
1.47
1.97
16.68
3.07
2.53
8.05
2.03
8.59
1.54
13.07
7.12
1.53
8.03
1.50
4.55
2.07
3.09
2.44
12.13
6.03
4.63
5.11
2.96
7.56
6.62
5.09
14.14
14.63
19.60
10.58
4.53
3.53
6.06
12.11
8.58
13.15
10.59
25.22
3.07
12.13
5.55
15.64
5.52
8.10
2.00
1.53
20.22
15.66
2.09
3.51
9.60
3.02
3.55
17.68
7.54
5.56
11.65
30.84
3.02
22.17
2.03
6.59
5.60
4.09
3.02
7.06
10.08
13.59
4.09
2.03
1.94
8.55
3.55
3.56
1.50
6.05
5.03
4.10
7.08
3.49
7.08
5.06
1.48
4.49
7.61
2.07
9.09
14.69
2.00
3.52
14.17
1.97
2.47
3.57
8.59
1.52
3.52
10.55
3.06
26.78
6.58
2.06
9.50
15.64
2.06
4.48
13.70
10.64
7.01
40.96
3.52
5.09
4.56
13.74
13.62
2.40
5.59
7.17
5.08
1.47
4.41
7.11
5.06
2.01
1.54
1.53
6.54
10.63
2.08
4.52
25.79
7.06
2.56
5.02
4.08
6.62
3.53
2.44
3.03
7.49
9.59
8.08
4.61
9.12
3.53
5.58
6.56
20.64
2.57
3.01
2.45
2.54
38.47
3.08
5.10
3.00
2.98
2.55
4.06
4.52
2.05
18.64
15.63
5.07
13.10
4.04
2.02
3.05
9.57
9.05
7.59
20.79
10.64
10.13
6.57
3.01
5.50
5.55
5.13
8.66
13.59
3.05
7.54
6.05
7.55
2.48
4.08
10.59
1.60
2.98
25.74
1.42
1.52
3.04
2.55
2.54
4.06
1.50
2.01
8.09
3.61
3.49
9.63
18.15
2.58
13.09
8.02
16.09
3.03
2.01
9.14
2.55
8.15
2.45
9.10
7.02
1.53
2.02
7.09
16.23
9.66
2.99
9.12
3.45
11.12
11.19
2.99
7.65
21.29
3.45
2.07
7.56
15.67
1.55
14.19
14.60
1.60
24.71
3.03
9.57
4.05
20.28
13.12
4.56
1.49
5.62
11.96
19.35
3.13
1.41
21.72
3.53
4.58
7.05
4.55
10.63
6.57
9.08
29.20
2.03
16.15
9.09
2.66
7.05
17.64
4.41
2.03
3.54
1.57
3.07
8.09
1.47
8.05
5.12
5.63
2.97
3.01
5.59
6.56
2.05
17.69
12.65
21.69
2.95
7.06
6.05
8.07
6.07
8.58
2.03
6.59
23.78
6.58
6.09
1.57
10.61
3.55
6.01
4.95
2.06
3.56
3.09
2.00
3.06
5.53
16.62
3.52
15.62
5.10
5.04
4.01
7.11
11.07
4.55
6.07
44.46
3.50
7.61
1.51
18.26
4.02
5.97
11.13
5.02
7.60
12.21
2.53
4.54
5.59
6.05
10.69
15.12
3.46
4.52
9.52
8.08
8.08
7.59
17.17
2.57
7.02
6.50
10.66
5.07
6.57
6.54
4.55
6.54
4.54
6.06
14.13
11.67
2.50
4.52
2.07
6.06
2.08
4.05
14.15
1.98
4.03
9.04
14.64
8.67
17.68
5.07
2.02
4.06
33.29
21.74
3.05
13.65
2.58
21.79
15.05
7.00
14.15
2.00
8.10
11.63
10.58
8.59
20.74
18.67
17.22
9.07
20.18
8.07
14.11
7.10
4.59
1.47
8.62
6.59
2.58
4.50
5.58
9.53
6.03
7.04
3.55
4.56
7.08
13.21
6.50
7.55
4.96
4.55
7.59
6.54
1.51
5.61
6.58
15.14
8.61
6.54
21.28
3.53
1.43
6.09
4.99
19.25
1.49
14.66
24.30
4.52
3.53
5.07
2.56
22.69
5.58
12.57
4.55
3.55
6.53
3.53
6.56
4.08
3.55
1.97
3.01
3.05
9.71
10.11
2.99
2.99
15.13
1.53
2.56
9.15
2.50
6.65
6.08
3.10
20.20
4.43
3.04
17.09
5.58
2.57
1.98
10.61
18.74
1.55
3.01
13.64
8.06
12.75
2.47
10.22
6.57
1.56
25.36
12.52
4.03
15.69
8.63
9.09
3.99
8.07
3.98
1.57
16.15
2.01
17.76
3.58
10.06
4.57
2.52
8.58
9.60
2.03
5.56
2.05
3.01
1.52
3.50
4.52
3.08
10.10
11.57
1.51
12.10
22.83
1.49
6.13
8.12
4.53
4.55
2.54
10.56
3.03
3.05
2.59
3.04
16.63
4.48
2.55
1.49
3.13
1.59
4.46
17.66
14.64
10.66
1.48
4.54
1.49
5.11
4.53
6.06
16.27
3.50
1.56
4.57
6.00
3.48
1.59
3.02
4.51
2.13
3.42
1.99
11.06
2.58
20.68
1.52
6.58
4.63
9.08
9.62
9.56
7.07
1.51
7.55
3.00
2.52
5.57
25.32
2.09
12.67
2.00
10.56
14.65
3.50
21.65
8.61
2.49
5.07
8.60
1.54
1.55
3.07
1.97
13.69
3.12
7.55
3.98
2.01
8.55
13.16
8.17
23.27
4.00
8.14
2.00
2.52
8.55
6.07
2.51
7.02
2.59
12.19
4.50
4.99
1.50
24.27
7.13
6.00
20.28
28.34
3.54
4.55
9.58
1.47
7.63
13.08
5.12
1.52
2.02
7.03
3.56
11.07
4.09
2.97
18.14
7.09
6.08
10.16
10.59
6.03
2.54
10.56
3.56
6.58
4.01
17.70
11.17
2.43
6.09
5.12
16.75
2.96
8.51
10.02
13.16
8.66
10.59
2.00
3.59
7.59
2.51
10.60
8.05
8.62
3.97
15.66
11.62
3.00
9.62
6.03
11.16
13.66
7.11
12.16
2.49
10.58
1.52
2.56
6.62
2.02
12.14
5.49
1.57
3.02
21.27
4.56
3.04
4.45
20.10
8.01
5.06
13.10
11.11
2.58
18.67
5.02
3.03
12.67
12.64
8.04
4.56
6.09
14.69
1.99
3.02
1.61
7.60
11.08
1.53
3.04
13.10
5.06
6.53
1.50
25.15
3.55
6.08
7.59
15.72
2.01
5.15
1.93
7.61
5.52
4.58
20.16
17.67
4.13
1.54
2.45
9.07
7.65
2.02
1.45
12.70
4.53
1.44
2.05
16.18
5.61
3.99
6.05
10.59
3.08
5.58
3.49
4.09
11.66
3.49
2.58
6.03
3.51
3.59
8.66
2.43
29.72
6.11
10.63
3.09
2.55
1.91
22.18
7.00
1.48
7.56
4.05
9.09
3.02
6.57
21.69
8.07
3.11
2.03
17.21
1.55
3.99
3.00
2.49
3.05
10.09
8.62
3.03
1.99
4.05
6.50
6.11
1.98
3.05
5.10
16.13
3.59
14.16
10.07
9.11
6.58
8.61
15.17
3.02
4.02
8.56
21.67
8.09
16.21
15.60
11.12
4.54
2.54
7.06
9.08
7.03
6.61
9.10
11.58
5.07
2.54
3.00
3.03
5.08
9.71
1.41
1.97
6.54
15.16
20.73
8.10
8.08
5.57
1.45
3.53
28.82
7.63
9.13
4.98
1.97
4.08
16.74
3.02
5.54
1.53
12.57
19.23
9.63
8.98
1.98
5.66
21.24
7.57
5.07
5.97
4.51
7.55
5.00
1.52
9.65
10.11
2.50
4.05
8.62
3.49
2.99
21.73
4.57
4.59
11.66
10.54
3.06
11.59
6.64
6.54
5.48
11.61
3.53
4.59
8.55
9.61
11.04
3.58
4.02
5.02
3.03
1.52
2.59
4.64
1.48
5.54
13.67
5.55
3.46
4.06
3.02
2.02
6.03
2.60
1.50
3.50
19.15
11.62
2.01
5.12
6.58
2.50
3.56
11.18
4.60
2.48
2.06
10.60
9.10
8.54
9.01
2.59
11.08
2.46
2.02
1.49
3.03
13.20
1.58
7.03
12.11
21.26
15.69
2.50
14.72
5.59
5.03
3.05
5.93
13.17
3.52
1.52
2.54
12.08
25.33
21.68
12.64
8.03
2.01
6.06
5.55
6.05
10.65
14.11
18.23
20.69
8.09
2.05
1.49
1.50
9.25
8.64
5.58
3.87
2.49
4.11
6.53
4.00
9.66
4.52
10.10
7.61
1.52
7.15
3.08
13.58
8.04
9.55
2.00
3.03
1.52
3.05
3.59
26.27
12.08
3.03
20.72
6.56
10.13
2.50
6.07
6.09
3.53
3.99
12.10
5.09
3.53
5.60
5.52
15.73
3.55
17.71
3.46
3.01
4.03
9.63
12.60
4.99
4.61
2.96
5.03
21.26
5.55
8.12
5.54
2.52
5.57
1.51
1.50
4.53
1.47
8.13
3.58
3.47
11.66
8.59
3.60
14.65
6.57
5.53
5.00
9.12
23.79
5.09
12.12
11.57
8.08
9.06
3.54
5.08
11.12
3.60
3.05
3.01
4.45
1.55
2.64
3.15
4.96
5.99
2.09
12.14
4.46
5.54
1.49
2.48
3.04
6.58
5.59
2.02
16.70
3.07
21.20
11.52
3.07
15.73
4.53
14.12
8.56
2.05
3.93
11.16
1.51
10.69
3.52
15.61
8.05
2.06
8.57
3.50
3.02
5.04
12.62
2.53
5.10
4.98
11.69
11.09
3.61
1.96
8.56
8.58
12.65
6.02
7.05
2.03
5.64
3.53
1.45
9.53
5.09
5.11
3.55
1.49
7.02
16.67
2.06
11.14
6.99
6.02
20.13
2.52
4.65
11.06
16.71
3.99
7.63
30.86
4.97
9.09
2.15
3.51
4.06
20.21
9.96
4.00
3.04
3.63
14.65
13.53
7.58
1.55
10.09
29.86
11.68
21.84
5.98
1.55
17.59
31.80
4.64
9.56
2.54
19.71
3.49
10.68
18.64
1.96
6.57
6.03
2.51
12.64
2.61
12.59
1.52
7.07
2.07
1.52
22.79
15.10
4.47
7.02
9.14
6.10
2.08
2.53
10.68
7.52
6.03
2.60
1.44
14.14
2.03
2.56
4.57
26.16
4.55
8.57
12.62
1.49
5.07
19.63
1.50
25.83
2.55
1.55
3.57
1.93
8.59
15.16
1.97
5.05
18.70
4.06
14.66
11.70
3.03
7.05
11.09
1.49
4.06
27.78
2.61
4.09
15.68
8.50
8.55
4.10
4.05
7.04
4.02
7.55
4.54
13.11
3.04
6.55
2.02
5.04
10.10
1.47
5.06
12.17
20.75
5.95
3.03
18.20
8.70
23.28
9.55
6.01
2.63
12.11
1.99
10.16
5.98
2.04
7.02
12.11
6.56
9.13
2.53
4.54
7.13
10.10
2.00
2.00
7.65
2.59
13.00
4.08
14.02
13.65
1.92
9.57
4.05
3.60
10.62
1.51
2.54
9.67
9.56
5.55
3.06
5.99
7.06
1.63
19.73
5.09
2.03
3.55
8.00
4.56
2.00
18.13
16.22
23.68
2.01
8.09
6.50
5.55
1.51
9.65
9.58
4.48
4.54
17.70
8.65
19.69
2.04
1.50
15.65
14.66
4.62
4.00
15.69
9.07
2.00
3.04
4.63
8.10
5.51
5.02
6.06
1.52
4.59
12.56
3.06
3.01
2.57
2.00
1.55
5.46
8.11
5.47
5.59
4.07
13.14
4.05
14.20
3.55
5.62
8.09
23.21
2.49
1.55
9.55
5.03
3.56
2.08
16.21
6.52
7.07
2.02
6.65
9.62
2.93
4.45
14.17
7.62
10.12
2.54
16.74
8.05
1.95
15.17
5.14
3.98
4.03
1.49
16.24
13.58
1.55
3.56
8.54
6.54
5.02
1.53
21.73
17.66
34.29
8.56
2.56
2.60
4.01
15.06
7.05
3.03
9.19
2.00
6.07
9.57
7.08
5.55
11.58
18.65
4.58
1.60
16.30
14.62
13.65
4.59
9.10
3.20
3.14
10.10
2.54
1.51
6.46
5.51
2.53
3.52
11.17
7.10
44.27
36.84
4.99
7.02
13.62
9.63
2.56
12.61
13.10
1.55
2.53
6.06
6.51
1.51
5.03
1.61
3.46
10.10
1.59
12.62
6.51
3.49
1.56
6.52
8.61
11.10
4.59
5.50
4.08
2.47
1.54
27.36
5.07
2.45
19.19
1.48
9.14
1.98
42.48
1.46
11.65
6.59
4.64
1.46
5.04
2.02
15.64
6.09
10.59
4.51
6.14
10.62
3.03
20.18
14.53
1.50
3.53
6.18
6.09
1.47
9.72
3.54
13.53
6.58
15.63
11.58
20.22
7.58
2.59
2.43
3.53
18.27
7.07
4.54
2.53
3.02
9.68
4.53
1.55
8.61
3.50
4.07
10.60
5.01
22.72
3.53
10.59
1.99
21.26
30.35
7.56
33.41
8.60
2.05
1.99
9.57
19.71
2.00
6.05
11.61
10.64
11.65
9.59
11.09
2.03
7.63
5.12
4.00
8.52
1.51
5.08
1.54
28.76
13.13
4.56
7.12
2.02
8.55
12.16
10.61
5.06
2.50
5.04
4.14
1.92
6.05
10.13
16.66
15.17
4.61
1.44
2.04
12.60
5.11
7.05
2.01
3.10
2.08
25.76
5.48
1.50
5.57
13.15
1.49
14.18
5.08
2.04
3.06
8.03
3.06
13.65
5.54
2.50
8.09
4.07
1.50
17.68
3.17
6.05
3.91
12.66
4.55
1.98
8.58
5.05
6.59
6.06
1.53
11.11
12.58
11.63
8.10
5.07
2.51
8.11
9.10
12.16
4.57
13.18
5.55
2.55
4.49
5.98
8.52
3.11
9.13
13.60
8.56
21.71
1.53
3.48
11.67
1.51
6.07
2.55
15.67
6.13
15.67
13.62
12.14
7.58
4.05
13.65
2.51
2.96
2.03
3.00
1.54
1.49
1.51
22.71
6.57
23.25
13.13
2.02
2.55
2.08
4.06
4.63
2.46
2.55
1.49
12.64
15.55
6.59
6.64
10.05
2.05
10.17
9.55
10.14
14.68
1.45
2.53
16.74
22.32
4.06
7.51
11.10
4.55
3.08
10.52
14.68
7.10
6.64
3.47
12.64
6.05
23.72
1.55
3.02
14.62
14.63
7.52
23.75
3.03
12.58
1.49
26.81
17.18
7.14
9.59
12.12
2.97
3.56
2.02
7.55
5.06
5.08
4.51
2.03
4.05
2.05
2.01
16.07
5.03
4.58
2.08
5.52
5.00
6.59
2.51
23.71
13.12
11.57
8.11
27.27
9.60
2.02
8.63
14.20
3.01
2.98
5.56
61.12
6.57
4.58
21.21
9.12
7.58
6.54
4.03
3.04
3.55
18.16
13.59
2.01
17.65
8.59
4.07
19.30
2.98
18.19
4.04
3.01
22.20
4.03
10.19
3.55
15.73
16.11
4.55
1.44
5.09
6.55
25.74
3.56
16.63
15.16
1.54
7.64
15.20
5.03
29.30
28.89
24.74
8.01
11.11
10.03
1.51
2.05
1.49
6.05
2.05
7.60
5.04
3.03
12.12
4.63
9.04
23.30
13.04
14.68
3.04
1.49
5.60
3.49
19.76
12.62
26.38
4.97
7.59
9.57
2.02
6.62
2.61
6.02
2.56
9.55
16.19
3.01
3.05
8.16
18.18
3.96
3.02
20.72
10.13
2.51
12.67
2.56
3.49
4.50
24.79
2.04
6.56
2.50
4.03
11.66
3.58
2.04
3.00
9.61
3.58
9.58
2.52
2.52
2.05
2.48
4.58
2.03
11.59
16.67
4.55
1.55
1.53
2.52
2.55
5.03
16.63
8.10
13.62
3.55
7.58
28.77
9.09
4.52
6.01
2.63
16.79
2.39
6.55
8.57
12.12
25.24
14.67
4.07
12.79
5.58
2.03
5.49
1.54
2.50
8.45
6.05
7.15
1.93
12.15
4.55
8.03
7.05
11.15
24.24
2.08
8.05
2.03
8.08
29.83
6.05
13.53
5.05
7.06
3.07
12.64
5.57
2.51
2.08
4.06
2.53
4.59
1.46
10.57
19.22
6.56
1.49
7.62
5.04
9.09
1.52
2.55
1.52
10.59
2.53
3.00
2.02
26.91
11.66
3.46
4.56
10.03
5.05
15.70
3.04
6.54
11.62
1.51
18.27
7.54
4.54
7.58
20.66
31.34
7.58
13.70
2.53
7.01
13.67
2.97
15.16
19.18
2.09
7.57
8.57
9.02
7.56
6.04
4.02
7.09
3.55
3.53
18.70
9.06
17.73
11.12
16.71
7.60
3.52
23.77
2.57
6.54
6.49
3.54
2.53
23.27
3.05
11.61
2.00
2.59
4.58
9.56
13.71
12.21
3.43
3.55
9.63
20.22
2.59
1.97
2.54
1.98
18.22
20.21
4.02
2.07
3.03
10.65
7.11
9.11
4.06
1.96
3.58
3.03
4.08
6.09
9.57
5.59
4.52
16.22
8.52
3.03
4.05
4.03
18.22
14.76
5.94
1.48
8.03
4.00
16.14
9.14
8.11
10.61
14.12
14.16
4.52
11.09
20.77
2.04
3.00
13.68
20.68
5.52
18.21
2.51
3.01
4.55
4.61
2.09
2.53
17.73
2.98
15.15
6.59
19.23
7.59
8.53
23.26
4.07
3.52
5.03
14.57
2.49
2.03
12.58
9.64
4.02
16.15
1.55
23.23
8.60
6.08
2.09
14.68
5.99
25.82
16.67
10.59
15.73
2.61
3.98
7.59
7.06
2.53
14.09
4.55
5.52
7.10
4.07
12.11
2.49
27.29
2.56
5.65
7.55
1.54
4.51
11.06
2.06
9.58
1.51
4.03
6.63
5.02
3.56
4.09
7.09
3.97
9.03
4.55
4.57
6.58
14.15
2.08
20.74
2.03
7.15
12.64
6.52
10.56
23.66
5.60
2.05
4.05
15.21
3.02
8.53
4.54
2.04
3.08
8.64
4.58
5.51
1.42
19.28
3.08
1.44
1.49
15.19
11.71
6.56
19.30
9.52
8.12
5.64
3.97
5.00
1.52
14.05
2.03
8.08
7.08
10.10
10.09
3.03
3.54
2.61
3.56
4.55
28.41
8.54
4.53
2.98
1.53
2.00
10.55
4.06
13.66
14.16
2.99
1.61
6.66
3.94
3.94
6.58
4.57
3.98
6.04
3.57
2.57
6.66
1.96
3.47
4.03
1.54
5.57
2.53
2.02
3.60
19.27
2.47
5.06
1.98
2.50
4.58
12.17
10.04
2.51
14.69
4.61
5.54
4.58
8.59
7.54
5.05
4.52
21.78
2.03
2.03
1.51
10.58
3.49
10.65
8.04
5.05
5.07
5.08
12.15
4.03
2.56
3.52
7.54
6.02
7.57
6.56
5.53
5.55
3.56
14.62
8.12
2.02
1.46
1.51
4.00
8.66
10.64
6.52
2.50
7.04
18.71
8.07
4.53
1.48
2.54
2.51
9.61
8.09
6.65
5.54
3.48
4.49
2.55
11.60
12.20
4.53
1.49
8.05
3.53
3.10
12.05
7.56
3.62
8.59
4.55
6.09
7.48
4.57
2.05
2.51
3.46
1.49
2.07
1.54
5.54
10.67
6.08
13.08
1.98
8.04
5.01
3.06
9.11
1.60
13.14
9.53
15.11
5.55
3.05
10.61
6.54
8.59
16.08
10.66
9.62
10.62
6.55
9.54
3.07
16.63
10.63
5.58
6.58
11.12
1.49
1.51
1.57
18.66
2.45
7.53
10.11
9.09
20.68
2.04
4.08
1.98
2.07
18.72
18.22
2.00
3.50
4.03
7.00
11.08
14.65
2.52
4.56
18.20
9.60
15.67
3.57
14.67
3.51
4.56
9.56
7.57
4.54
5.13
7.59
2.01
1.51
7.68
19.11
6.08
4.06
20.64
39.46
1.60
8.07
1.49
6.56
4.08
5.00
6.62
4.01
29.30
27.82
3.03
4.47
4.54
8.64
3.46
1.52
15.17
9.18
3.44
12.69
5.54
32.80
3.03
6.06
22.83
1.50
7.57
6.50
4.57
21.73
2.11
15.15
10.64
5.07
12.02
5.95
6.55
4.55
1.53
7.10
5.07
18.29
2.50
6.06
8.07
5.10
3.51
15.65
18.37
11.79
26.85
1.44
2.36
3.84
3.06
3.51
6.08
10.63
4.58
2.09
7.07
5.01
5.10
2.54
9.56
7.57
8.15
7.68
1.93
1.51
10.01
6.60
4.58
17.11
6.02
3.55
2.03
4.04
4.99
4.07
1.52
8.16
2.55
7.58
10.05
7.50
6.51
1.54
7.04
14.70
11.17
6.61
5.50
3.99
14.08
9.15
4.55
10.01
8.59
21.71
5.06
4.06
13.15
2.54
3.62
1.43
15.16
5.03
19.68
3.48
2.01
4.05
4.59
9.10
2.52
2.56
6.56
9.55
8.07
1.53
8.06
10.56
5.13
11.09
2.02
8.63
3.08
7.50
5.57
7.60
3.55
2.05
1.46
4.66
2.63
2.41
3.51
22.78
5.05
7.66
16.57
6.57
2.04
6.61
14.98
12.65
2.53
7.56
1.47
2.59
2.05
7.60
3.01
2.55
3.02
6.59
7.00
1.96
7.08
8.64
11.72
1.48
6.62
19.76
8.11
7.07
11.05
9.09
19.14
13.63
6.04
15.65
23.81
10.61
4.61
21.74
13.18
30.30
26.72
8.58
10.11
4.09
9.04
20.63
5.51
5.04
4.54
6.04
10.69
9.59
7.04
11.06
3.02
4.08
43.94
12.06
3.05
17.19
3.54
2.62
1.94
10.60
1.52
2.54
9.07
5.55
2.52
29.28
1.51
8.57
5.61
2.03
2.08
7.06
6.17
5.54
12.59
5.51
1.61
2.52
24.28
10.61
5.52
8.53
5.67
9.61
4.52
20.17
6.59
9.99
3.03
3.48
22.22
1.55
7.11
14.67
15.11
17.73
6.60
32.32
17.66
1.98
1.60
4.54
5.56
1.97
5.06
5.52
13.12
11.16
11.64
7.60
7.06
4.50
6.11
11.65
4.62
2.54
2.99
1.45
5.14
11.62
16.14
5.11
1.97
17.10
3.68
1.92
15.13
1.51
9.10
7.62
10.64
1.53
8.56
21.26
21.17
9.08
14.19
2.56
1.56
6.03
3.47
7.52
4.06
1.55
2.54
5.51
16.67
6.15
1.61
1.98
2.50
1.99
2.45
16.69
1.50
1.57
6.57
5.52
23.29
15.22
23.77
11.07
11.12
5.13
5.52
8.61
5.43
4.58
2.51
18.74
17.70
18.67
10.58
1.53
6.62
5.52
3.99
15.18
1.48
2.08
5.60
14.15
3.54
14.61
18.65
9.61
14.68
3.48
18.65
11.15
1.99
2.57
11.12
5.01
5.13
7.58
2.03
3.53
46.96
3.12
10.16
11.07
16.64
4.57
5.53
13.15
17.66
5.03
19.22
11.61
18.19
7.10
8.62
13.09
8.69
1.99
1.52
7.09
15.59
6.06
2.03
3.58
4.95
6.05
12.58
2.55
11.12
16.17
8.60
12.09
13.68
8.15
8.03
3.02
20.72
9.61
16.68
9.60
4.57
3.06
3.55
2.52
8.51
4.04
3.06
6.60
1.47
14.63
2.00
12.13
3.00
9.18
4.99
8.13
19.71
9.72
5.03
3.06
1.51
15.18
1.59
